Layer Title, Color, Specimen ID
Layer 1, Blue, 1WQ3_01_20200730

Mode, Integration Time, Boxcar Width, Scans to Average
Reflectance,2250 ms,10,3

Wavelength, Raw Spectrometer Data, Calibrated and Averaged Data
345.21991,1490.92125,0%
345.435498861008,1509.35296875,0%
345.651076862504,1487.50796875,19.3548387096779%
345.866644002202,4800.43875,0%
346.082200277813,4826.3796875,33.3333333333321%
346.297745687047,5883.81421875,21.5189873417716%
346.513280227618,6119.330625,0%
346.728803897236,4401.08484375,0%
346.944316693613,3876.1221875,0%
347.15981861446,6405.36359375,40.2061855670098%
347.37530965749,4622.62305059524,50.6224066390075%
347.590789820413,4871.63004464286,57.0434782608732%
347.806259100942,5086.30918154762,51.0057471264442%
348.021717496787,5228.88681547619,64.4042232277518%
348.237165005661,5204.24617559524,80.7046979865678%
348.452601625276,5286.84758184524,27.1692745376983%
348.668027353342,5294.55184523809,35.9801488833726%
348.883442187571,5195.50167410714,43.9620081411126%
349.098846125676,5180.8083110119,50.7263922518148%
349.314239165367,5294.61686011905,75.841874084924%
349.529621304356,5297.90011160714,72.6609963547979%
349.744992540355,5322.5407514881,72.0505617977556%
349.960352871075,5361.90726190476,86.2637362637315%
350.175702294228,5493.43236607143,96.0992907801342%
350.391040807526,5499.64128720238,99.4246260069079%
350.606368408679,5446.81669642857,100%
350.821685095401,5519.92593005952,100%
351.036990865402,5588.54913690476,100%
351.252285716393,5598.36638392857,100%
351.467569646088,5487.58102678571,100%
351.682842652196,5469.34435267857,99.2523364485993%
351.89810473243,5545.83436011905,90.4882154882136%
352.113355884501,5509.0359375,92.9519918283954%
352.328596106122,5416.06465773809,99.9038461538456%
352.543825395002,5411.28606398809,100%
352.759043748855,5534.65180059524,100%
352.974251165392,5517.61790178571,100%
353.189447642324,5443.07834077381,100%
353.404633177362,5485.17547619048,100%
353.619807768219,5581.46251488095,100%
353.834971412607,5570.70255208333,96.7820279295687%
354.050124108236,5448.53959077381,97.1934106162313%
354.265265852818,5323.80854166667,94.4508009153355%
354.480396644065,5365.51558779762,90.8384230982791%
354.695516479689,5377.80340029762,85.5687606112055%
354.9106253574,5292.24381696429,76.2568442010966%
355.125723274911,5263.8323139881,80.7596201899075%
355.340810229934,5360.50944196429,74.8478701825571%
355.555886220179,5400.26604166667,76.3971785132939%
355.770951243359,5318.93242559524,82.1910415542355%
355.986005297185,5380.53402529762,89.2008639308876%
356.201048379369,5460.53483630952,92.7654609101518%
356.416080487621,5485.98816220238,94.2372881355924%
356.631101619655,5414.99191220238,85.5115026921197%
356.846111773181,5435.53661458333,86.098427194318%
357.061110945911,5508.06071428571,83.0805687203785%
357.276099135557,5491.90451636905,79.4213719085397%
357.49107633983,5428.12491815476,78.9112534309233%
357.706042556441,5434.43136160714,69.1386457853524%
357.920997783104,5511.53901041667,87.2212176009667%
358.135942017528,5521.25873511905,88.3642495784152%
358.350875257425,5438.10470238095,84.4756883421222%
358.565797500508,5467.55644345238,81.1002178649254%
358.780708744488,5545.899375,87.2922252010746%
358.995608987076,5596.9685639881,83.9397089397095%
359.210498225985,5488.81630952381,90.877796901894%
359.425376458925,5477.01610863095,100%
359.640243683608,5578.37430803571,99.0920881971453%
359.855099897745,5538.00006696429,92.4665856622118%
360.06994509905,5408.94552827381,83.6797066014663%
360.284779285232,5389.0184672619,74.7003994673761%
360.499602454003,5409.43313988095,63.9097744360926%
360.714414603076,5444.28111607143,69.7131420947326%
360.929215730162,5341.9151860119,76.0917838638058%
361.144005832972,5342.17524553571,83.1136738056028%
361.358784909218,5437.45455357143,78.6784140969195%
361.573552956612,5438.42977678571,88.9513108614212%
361.788309972865,5341.91518601191,95.0970377936691%
362.003055955688,5296.69733630952,91.910112359548%
362.217790902794,5358.91657738095,100%
362.432514811894,5323.09337797619,98.5765124555159%
362.647227680699,5252.97482886905,100%
362.861929506922,5261.3617485119,99.8148148148138%
363.076620288273,5367.88863095238,99.9999999999974%
363.291300022465,5408.32788690476,100%
363.505968707208,5370.29418154762,100%
363.720626340215,5351.14729910714,93.6398467432952%
363.935272919197,5452.47299107143,89.3883566691218%
364.149908441866,5465.93107142857,100%
364.364532905934,5370.16415178572,100%
364.579146309111,5422.40360863095,100%
364.79374864911,5487.1909375,100%
365.008339923641,5520.60858630952,100%
365.222920130418,5454.35842261905,100%
365.437489267151,5463.8505952381,100%
365.652047331552,5544.72910714286,100%
365.866594321332,5518.26805059524,100%
366.081130234203,5444.34613095238,100%
366.295655067877,5421.03829613095,100%
366.510168820066,5515.47241071428,100%
366.72467148848,5521.55130208333,100%
366.939163070832,5470.61214285714,100%
367.153643564833,5431.37566220238,100%
367.368112968194,5531.4335639881,100%
367.582571278628,5491.22186011905,100%
367.797018493846,5403.71183035714,100%
368.011454611559,5316.91696428571,100%
368.225879629479,5408.84800595238,100%
368.440293545318,5397.27535714286,100%
368.654696356787,5288.44044642857,100%
368.869088061598,5287.56274553571,100%
369.083468657462,5341.16751488095,100%
369.297838142092,5391.6190625,100%
369.512196513198,5294.42181547619,100%
369.726543768492,5250.24420386905,100%
369.940879905687,5358.8515625,100%
370.155204922492,5361.84224702381,100%
370.369518816621,5286.78256696429,100%
370.583821585784,5353.81290922619,99.4666666666668%
370.798113227694,5460.27477678571,97.1457696228341%
371.012393740062,5522.5590327381,97.9989738327369%
371.226663120598,5437.71461309524,91.8195339613306%
371.440921367016,5442.52571428571,93.5157041540024%
371.655168477027,5563.42088541667,92.5679138903115%
371.869404448341,5562.44566220238,91.4760914760949%
372.083629278672,5500.16140625,96.0498960498966%
372.29784296573,5491.93702380952,92.4006039255185%
372.512045507227,5601.35706845238,89.0109890109901%
372.726236900874,5588.38659970238,87.8819810326686%
372.940417144384,5529.35308779762,86.1212121212107%
373.154586235468,5535.26944196429,95.0272479564013%
373.368744171837,5645.92476934524,89.8058252427198%
373.582890951202,5638.41555059524,76.1100687929959%
373.797026571277,5548.40244791667,64.0514469453392%
374.011151029772,5545.24922619048,67.3650793650784%
374.225264324398,5630.87382440476,66.4308681672025%
374.439366452868,5616.83061011905,66.8442077230382%
374.653457412893,5525.32216517857,61.4487415592387%
374.867537202184,5520.5110639881,71.7532467532483%
375.081605818454,5546.93961309524,66.7493796526059%
375.295663259413,5535.43197916667,65.5493482309128%
375.509709522774,5391.6190625,63.698630136986%
375.723744606248,5407.25514136905,62.3160588611654%
375.937768507546,5456.66645089286,56.8062827225141%
376.15178122438,5440.6402827381,60.8190709046465%
376.365782754462,5353.03273065476,62.5437572928828%
376.579773095504,5345.10091517857,54.3901001767847%
376.793752245216,5440.31520833333,64.4353899883596%
377.007720201311,5442.23314732143,67.910447761192%
377.2216769615,5380.17644345238,67.5407925407934%
377.435622523495,5350.30210565476,59.5744680851091%
377.649556885007,5412.78140625,54.2737597130899%
377.863480043748,5374.29259672619,52.652259332025%
378.07739199743,5297.60754464286,53.0612244897972%
378.291292743764,5265.45768601191,54.6964856230045%
378.505182280461,5347.7990327381,56.6393958464449%
378.719060605234,5351.99249255952,59.8958333333347%
378.932927715794,5258.27354166667,57.1276027762957%
379.146783609852,5316.00675595238,60.6649616368316%
379.36062828512,5387.42560267857,53.8046146293568%
379.57446173931,5357.90884672619,55.455833726971%
379.788283970133,5289.67572916667,55.7432432432425%
380.002094975302,5345.75106398809,53.1854648419065%
380.215894752526,5455.95128720238,53.8817005545289%
380.429683299519,5476.07339285714,55.595026642983%
380.643460613992,5373.57743303571,58.9630931458703%
380.857226693655,5349.91201636905,58.8781105018992%
381.070981536222,5489.07636904762,59.849086576648%
381.284725139403,5450.75009672619,55.5064308681666%
381.49845750091,5353.68287946429,53.291780288274%
381.712178618455,5345.91360119048,58.066942459571%
381.925888489749,5415.6420610119,61.6323683292646%
382.139587112504,5413.26901785714,62.2370266479662%
382.353274484432,5354.39804315476,60.5367793240548%
382.566950603243,5332.19546130952,60.1031260070897%
382.780615466651,5452.70054315476,59.9560990906236%
382.994269072365,5437.58458333333,57.1648690292764%
383.207911418098,5363.95523065476,54.7332716620409%
383.421542501562,5351.69992559524,58.0025204788905%
383.635162320468,5389.92867559524,54.9950867998678%
383.848770872527,5440.02264136905,57.8067535941151%
384.062368155452,5379.4612797619,57.0380253502327%
384.275954166954,5366.03570684524,56.2860047441547%
384.489528904744,5412.97645089286,55.4407491120438%
384.703092366534,5349.94452380952,53.156039730855%
384.916644550035,5262.07691220238,50.0000000000004%
385.13018545296,5264.28741815476,46.6957605985038%
385.34371507302,5383.94730654762,42.6615727475315%
385.557233407926,5402.24899553571,47.2845528455284%
385.77074045539,5366.84839285714,50.1495513459625%
385.984236213123,5383.52470982143,50.3217067389094%
386.197720678838,5464.66328125,45.9228932105074%
386.411193850246,5503.63970238095,47.7726063829793%
386.624655725058,5468.43414434524,50.1940491591204%
386.838106300986,5494.96021577381,53.7873965626997%
387.051545575742,5651.32100446429,53.6167512690355%
387.264973547037,5581.78758928571,56.7870485678699%
387.478390212582,5537.67499255952,58.9651022864012%
387.69179557009,5519.43831845238,59.3012839653624%
387.905189617272,5590.46707589286,60.5064027939464%
388.11857235184,5598.78898065476,61.8748213775355%
388.331943771505,5483.51759672619,59.1061452513964%
388.545303873978,5492.09956101191,59.0119435396307%
388.758652656972,5578.17926339286,59.1040083835463%
388.971990118198,5592.32,58.6770219603641%
389.185316255368,5532.21374255952,58.3694474539545%
389.398631066192,5537.41493303571,57.5211864406778%
389.611934548384,5614.62010416667,58.6730615507591%
389.825226699653,5571.7102827381,58.4807492195624%
390.038507517713,5450.75009672619,55.9137055837555%
390.251777000274,5450.75009672619,50.6038647342994%
390.465035145049,5530.68589285714,48.1268011527381%
390.678281949748,5508.74337053572,46.181214421253%
390.891517412083,5424.09399553571,43.1514867712484%
391.104741529767,5409.01054315476,44.1155407018379%
391.31795430051,5466.80877232143,43.1695331695339%
391.531155722024,5429.9778422619,47.4710091290404%
391.74434579202,5393.43947916667,46.6216216216213%
391.957524508211,5373.28486607143,42.9661663698803%
392.170691868309,5449.31976934524,44.0051679586573%
392.383847870023,5467.91402529762,40.9874003599901%
392.596992511067,5381.80181547619,40.6426735218509%
392.810125789151,5392.62679315476,41.1764705882363%
393.023247701988,5475.13067708333,42.7515923566884%
393.236358247288,5463.03790922619,43.9565860878147%
393.449457422764,5354.98317708333,44.1564792176046%
393.662545226128,5358.8515625,45.8163509949652%
393.875621655089,5417.56,46.0156065263653%
394.088686707362,5429.94533482143,43.6347073559562%
394.301740380656,5363.89021577381,44.1256213285139%
394.514782672683,5326.44164434524,43.4991273996514%
394.727813581156,5366.23075148809,44.0685510794562%
394.940833103785,5358.59150297619,46.3128127039373%
395.153841238283,5298.74530505952,46.3895436040278%
395.36683798236,5264.71001488095,45.5435013826846%
395.579823333729,5304.79168898809,43.4625212947186%
395.792797290101,5295.07196428571,43.5592873233662%
396.005759849188,5178.72783482143,43.1845597104945%
396.218711008701,5185.68442708333,42.913385826772%
396.431650766351,5263.2796875,44.8772886638099%
396.644579119852,5264.77502976191,41.8577535950258%
396.857496066913,5210.78017113095,44.6189199540395%
397.070401605247,5187.3748139881,43.2325141776941%
397.283295732565,5268.67592261905,44.3364485981301%
397.496178446579,5276.44520089286,43.802713604693%
397.709049745,5187.37481398809,39.8841770969544%
397.921909625541,5216.11139136905,41.4782129067843%
398.134758085912,5295.55957589286,38.3864431755388%
398.347595123825,5347.7990327381,39.9144822457707%
398.560420736992,5283.30427083333,38.9036418816388%
398.773234923125,5307.06720982143,40.5354091513201%
398.986037679935,5371.36692708333,40.7458292443574%
399.198829005133,5365.28803571429,40.6351635737516%
399.411608896431,5288.57047619048,41.2336448598132%
399.624377351542,5290.97602678572,41.1040656471474%
399.837134368175,5436.77189732143,41.1884111459674%
400.049879944044,5490.0515922619,41.1526260133939%
400.262614076859,5398.445625,37.9062005972246%
400.475336764333,5404.75206845238,37.0768963721575%
400.688048004176,5521.25873511905,37.0119993239815%
400.900747794101,5527.37013392857,38.9109566368755%
401.113436131818,5435.53661458333,41.6571335185487%
401.32611301504,5411.93621279762,38.0762852404644%
401.538778441479,5520.64109375,38.6501062265071%
401.751432408845,5518.7231547619,35.9150326797389%
401.964074914851,5443.43592261905,33.7627118644078%
402.176705957207,5471.22978422619,36.2221494102226%
402.389325533626,5484.49281994048,33.7026624772613%
402.601933641819,5551.9132514881,36.993188452806%
402.814530279499,5446.7841889881,35.0584036340043%
403.027115444375,5444.37863839286,34.7988319273202%
403.23968913416,5510.04366815476,33.8578922269909%
403.452251346566,5525.64723958333,32.9885767212103%
403.664802079304,5450.71758928571,31.7375344141941%
403.877341330086,5473.01769345238,29.0652611998142%
404.089869096623,5574.40840029762,29.6045545468531%
404.302385376627,5516.77270833333,28.7509578544059%
404.51489016781,5427.70232142857,30.4419972846585%
404.727383467883,5431.70073660714,30.6962025316456%
404.939865274557,5504.61492559524,30.5287009063444%
405.152335585545,5449.35227678571,30.7657316148599%
405.364794398558,5397.79547619048,29.3409476771106%
405.577241711307,5415.05692708333,28.2352941176474%
405.789677521504,5472.59509672619,28.5486904934161%
406.002101826862,5501.36418154762,28.47261434218%
406.21451462509,5439.405,29.1432584269668%
406.426915913901,5453.6107514881,29.126737751384%
406.639305691007,5548.49997023809,29.3921175684701%
406.851683954119,5585.4934375,29.7631578947368%
407.064050700949,5448.47457589286,28.499222395023%
407.276405929208,5426.79211309524,30.0100831862869%
407.488749636608,5501.75427083333,31.205673758865%
407.70108182086,5501.6567485119,30.4577676318633%
407.913402479676,5451.56278273809,29.0044821891955%
408.125711610768,5485.37052083333,29.6461213967658%
408.338009211848,5525.19213541667,30.5765271105012%
408.550295280626,5505.4926264881,30.3071672354949%
408.762569814815,5476.69103422619,31.6366483946753%
408.974832812126,5464.69578869048,30.4954251283194%
409.18708427027,5607.43595982143,30.9505366825274%
409.39932418696,5592.48253720238,30.0076244417819%
409.611552559907,5537.12236607143,31.1163387510695%
409.823769386822,5526.16735863095,31.3916192446976%
410.035974665417,5650.31327380952,30.8323807544425%
410.248168393404,5710.06194940476,31.8088174701272%
410.460350568494,5625.15251488095,31.4132894466158%
410.672521188399,5624.72991815476,30.8176739461658%
410.88468025083,5644.29939732143,30.0671550671551%
411.096827753499,5617.61078869048,29.6867027247677%
411.308963694118,5557.47202380952,29.3826412044055%
411.521088070399,5560.7877827381,28.2182263996733%
411.733200880052,5678.43220982143,28.4877748099447%
411.945302120789,5721.56958333333,27.5224673202619%
412.157391790323,5691.33766369048,27.9760089458167%
412.369469886364,5671.08552827381,29.2843207721533%
412.581536406624,5729.11130952381,30.2108927108929%
412.793591348816,5739.35115327381,29.2370711725549%
413.005634710649,5672.28830357143,29.2922143579372%
413.217666489837,5677.7820610119,28.7593604533492%
413.42968668409,5743.25204613095,28.1420213839017%
413.641695291121,5699.04192708333,27.9151588258943%
413.85369230864,5661.98344494048,28.0763435459562%
414.06567773436,5639.61832589286,25.4774481917921%
414.277651565991,5743.21953869048,25.4432443448134%
414.489613801246,5729.53390625,25.8406543471675%
414.701564437837,5598.07381696429,25.0075627709992%
414.913503473474,5575.15607142857,25.0930302725534%
415.12543090587,5625.70514136905,24.8824882488245%
415.337346732735,5633.92952380952,25.7254352611566%
415.549250951782,5608.67124255952,24.0722266560253%
415.761143560723,5611.30434523809,24.9803072075615%
415.973024557268,5732.52459077381,25.5777820936103%
416.184893939129,5695.43360119048,24.0548519188646%
416.396751704019,5572.45795386905,23.5623457961659%
416.608597849648,5585.68848214286,22.7627740660582%
416.820432373728,5624.82744047619,23.0869605741449%
417.032255273971,5621.51168154762,22.6366322008862%
417.244066548088,5560.52772321429,23.2354270221418%
417.455866193791,5570.50750744048,23.4615384615384%
417.667654208792,5601.38957589286,22.3977282811253%
417.879430590802,5609.09383928571,21.9838199085471%
418.091195337533,5526.16735863095,22.7607734327582%
418.302948446696,5524.70452380952,21.917808219178%
418.514689916002,5609.71148065476,22.5811865402369%
418.726419743165,5564.91622767857,21.442283615725%
418.938137925894,5457.08904761905,20.6441922563418%
419.149844461903,5510.33623511905,20.9552778691219%
419.361539348901,5576.22881696429,20.0325467860052%
419.573222584602,5591.53982142857,20.961153384061%
419.784894166716,5544.79412202381,20.8432210093338%
419.996554092955,5494.40758928571,22.7085758634067%
420.208202361031,5543.16875,22.3698439672486%
420.419838968655,5474.57805059524,22.5855629240034%
420.631463913539,5423.63889136905,23.2425873966786%
420.843077193395,5451.85534970238,23.3682634730538%
421.054678805933,5443.07834077381,24.3523702874206%
421.266268748867,5453.54573660714,23.5420845405242%
421.477847019906,5414.829375,22.9626360694321%
421.689413616764,5409.9207514881,22.7952552862299%
421.900968537151,5461.21749255952,22.4863830413663%
422.112511778779,5462.29023809524,23.8798370672101%
422.32404333936,5398.5756547619,24.2581763049598%
422.535563216605,5397.92550595238,23.176368626318%
422.747071408226,5470.02700892857,24.0128986026513%
422.958567911934,5452.66803571429,23.595664801303%
423.170052725441,5390.64383928571,23.6332934637302%
423.38152584646,5394.64225446429,24.0038872691936%
423.5929872727,5419.90053571429,23.0913121795759%
423.804437001874,5397.79547619048,23.0928261319001%
424.015875031694,5345.78357142857,23.2570918332302%
424.22730135987,5392.69180803571,24.7867330921994%
424.438715984116,5475.52076636905,23.6710401731368%
424.650118902141,5515.14733630952,23.8242200603824%
424.861510111659,5494.89520089286,23.5687781606147%
425.07288961038,5515.27736607143,23.0350704686989%
425.284257396016,5564.78619791667,23.6823057182336%
425.495613466278,5575.61117559524,23.2057884101427%
425.706957818879,5510.30372767857,23.0669518439302%
425.91829045153,5479.16159970238,22.6274109081621%
426.129611361942,5525.93980654762,22.2794632067674%
426.340920547827,5551.78322172619,22.0565099741991%
426.552218006896,5477.99133184524,21.1103452597284%
426.763503736862,5492.35962053571,21.1401869158878%
426.974777735436,5577.8541889881,21.7369819012913%
427.186040000329,5619.59374255952,21.5489246982416%
427.397290529253,5581.56003720238,21.1082600195503%
427.60852931992,5578.43932291667,21.4648910411623%
427.81975637004,5650.15073660714,20.977927467372%
428.030971677327,5656.58720982143,20.7607726597325%
428.242175239491,5618.2609375,20.7952871870394%
428.453367054244,5621.44666666667,20.2598764712735%
428.664547119298,5651.93864583333,19.0150637311704%
428.875715432364,5660.09801339286,18.9630229732076%
429.086871991153,5560.52772321429,19.0413469247508%
429.298016793378,5539.39788690476,18.9913182545122%
429.50914983675,5584.77827380952,19.1158968546329%
429.72027111898,5611.27183779762,18.7930450491138%
429.931380637781,5550.19035714286,18.4206123473315%
430.142478390864,5642.15390625,18.9019694135769%
430.353564375939,5722.60982142857,19.5087180611906%
430.56463859072,5740.00130208333,20.2499458991559%
430.775701032917,5641.95886160714,20.5176294073519%
430.986751700243,5655.41694196429,20.2520204168439%
431.197790590408,5699.33449404762,20.4705388089487%
431.408817701124,5712.3374702381,20.3552195526096%
431.619833030104,5572.68550595238,19.996921182266%
431.830836575058,5584.61573660714,20.1457919151758%
432.041828333698,5645.59969494048,19.8079838302173%
432.252808303736,5641.95886160714,20.5019459135815%
432.463776482883,5569.2397172619,20.6300154513282%
432.674732868851,5553.63614583333,20.7292436560731%
432.885677459352,5601.84468005952,20.0236441554605%
433.096610252096,5594.36796875,19.7423432182791%
433.307531244797,5518.00799107143,19.9855142443264%
433.518440435165,5517.06527529762,19.8159773805529%
433.729337820911,5574.60344494048,19.7228397105425%
433.940223399749,5585.20087053571,19.847901605483%
434.151097169388,5488.78380208333,19.7906579978789%
434.361959127541,5512.38420386905,19.6756707092979%
434.572809271919,5508.45080357143,19.6811660214075%
434.783647600234,5504.19232886905,19.5870233146575%
434.994474110198,5416.90985119048,18.8081264108351%
435.205288799522,5419.28289434524,18.2432128224755%
435.416091665917,5485.56556547619,18.3277442432371%
435.626882707096,5503.7047172619,18.0184577158576%
435.837661920769,5417.03988095238,18.1251381826223%
436.048429304649,5435.14652529762,18.6101501948594%
436.259184856448,5491.286875,19.2255936102791%
436.469928573875,5486.86586309524,18.817227526027%
436.680660454645,5456.63394345238,18.3706686083864%
436.891380496466,5449.74236607143,18.19381759346%
437.102088697053,5509.62107142857,17.8372399710725%
437.312785054115,5483.94019345238,17.9571803334179%
437.523469565365,5420.90826636905,18.4175140768132%
437.734142228515,5465.41095238095,18.3501123221567%
437.944803041275,5528.1503125,18.0563041585472%
438.155452001357,5520.80363095238,18.2073639406586%
438.366089106474,5451.92036458333,18.312232818152%
438.576714354336,5440.08765625,18.0708531974355%
438.787327742656,5454.61848214286,17.3612823674477%
438.997929269144,5453.6107514881,17.4241187989556%
439.208518931513,5381.31420386905,17.2868658903997%
439.419096727474,5389.96118303572,17.1062211795163%
439.629662654738,5472.27002232143,17.3810192053246%
439.840216711018,5489.40144345238,17.2867658825413%
440.050758894025,5406.47496279762,17.5086725946009%
440.261289201469,5434.33383928571,17.0133523515195%
440.471807631064,5556.39927827381,17.0931058990761%
440.682314180521,5552.8559672619,16.2912765874105%
440.892808847551,5481.82720982143,16.4900019413706%
441.103291629865,5462.22522321429,16.9039077267291%
441.313762525176,5532.40878720238,16.7885447375473%
441.524221531195,5561.95805059524,17.190592175369%
441.734668645633,5517.52037946428,17.3728973728973%
441.945103866203,5513.45694940476,16.7574519594492%
442.155527190615,5562.99828869048,16.9548096756048%
442.365938616582,5593.49026785714,16.9779666703947%
442.576338141815,5519.37330357143,16.7588023596629%
442.786725764025,5510.85635416667,16.8003827469453%
442.997101480925,5602.23476934524,16.9953257376571%
443.207465290225,5612.99473214286,17.8849761870399%
443.417817189638,5570.40998511905,17.299669112358%
443.628157176875,5643.71426339286,17.2076065198741%
443.838485249647,5721.01695684524,17.728079517217%
444.048801405666,5730.73668154762,17.5074810772752%
444.259105642644,5651.1584672619,17.8029642545771%
444.469397958293,5648.20029017857,17.2589897859241%
444.679678350323,5671.99573660714,17.4768076161356%
444.889946816447,5604.4777827381,16.94903485627%
445.100203354376,5575.90374255952,17.9529679892261%
445.310447961822,5610.39413690476,18.1574700408613%
445.520680636496,5678.00961309524,17.7900628369331%
445.73090137611,5697.87165922619,18.0220900594732%
445.941110178376,5653.82407738095,17.9555766235525%
446.151307041005,5659.28532738095,18.2413596211333%
446.361491961708,5707.98147321429,18.0292527611025%
446.571664938198,5661.3983110119,17.614236661384%
446.781825968186,5585.65597470238,17.5587531548065%
446.991975049383,5603.40503720238,17.724617342776%
447.202112179501,5655.18938988095,17.2521875408122%
447.412237356252,5671.24806547619,17.142207201352%
447.622350577348,5612.50712053571,16.8416277864179%
447.832451840499,5624.66490327381,16.5919860739499%
448.042541143418,5623.85221726191,16.6031329083513%
448.252618483815,5603.53506696429,16.2939195628695%
448.462683859404,5490.40917410714,15.9435939782761%
448.672737267895,5509.06844494048,15.9502405672322%
448.882778706999,5637.66787946429,16.1395856052345%
449.092808174429,5721.37453869048,16.1785603954278%
449.302825667897,5652.62130208333,15.843861155403%
449.512831185113,5626.71287202381,15.3228759765625%
449.722824723789,5671.83319940476,15.0961158856932%
449.932806281637,5733.07721726191,14.8537518450464%
450.142775856368,5661.78840029762,14.6057617128767%
450.352733445695,5633.1493452381,14.4062239179683%
450.562679047328,5728.26611607143,14.4209868088022%
450.77261265898,5735.51527529762,14.8367250354945%
450.982534278361,5688.4445014881,14.7162911407338%
451.192443903184,5682.23558035714,14.386778606235%
451.40234153116,5760.22093005953,14.0752002806854%
451.61222716,5765.29209077381,14.2147375718537%
451.822100787417,5660.84568452381,14.2240146444711%
452.031962411121,5714.22290178572,14.2212765957447%
452.241812028825,5742.43936011905,14.6693102959921%
452.45164963824,5729.92399553571,14.919219118142%
452.661475237078,5689.22468005952,14.7278161047958%
452.87128882305,5729.27384672619,15.2440199289824%
453.081090393868,5734.1824702381,14.8535679160747%
453.290879947243,5694.55590029762,14.7092422346734%
453.500657480887,5578.24427827381,14.4829453167299%
453.710422992512,5580.32475446428,14.3350835833689%
453.920176479828,5596.90354910714,14.1758769822201%
454.129917940549,5624.07976934524,14.3015696844775%
454.339647372385,5473.47279761905,14.1963299858037%
454.549364773049,5495.28529017857,14.4238768718802%
454.75907014025,5562.38064732143,14.7081631597994%
454.968763471702,5533.28648809524,14.4514282794216%
455.178444765116,5489.04386160714,14.2588115536328%
455.388114018203,5530.29580357143,14.3929880958361%
455.597771228675,5596.80602678571,14.8574712069353%
455.807416394244,5569.85735863095,14.9828110701654%
456.017049512621,5537.25239583333,15.0755368379813%
456.226670581517,5557.53703869048,15.2602533245812%
456.436279598645,5567.58183779762,15.1765444621554%
456.645876561716,5608.50870535714,15.1121493099421%
456.855461468442,5583.08788690476,14.5649701450099%
457.065034316534,5560.82029017857,14.6486486486487%
457.274595103703,5614.62010416667,14.7023795623847%
457.484143827662,5646.50990327381,14.9112453424055%
457.693680486122,5570.14992559524,14.9050371593724%
457.903205076794,5548.30492559524,14.8817135549872%
458.11271759739,5621.90177083333,15.0175836642088%
458.322218045623,5645.4371577381,14.9681671449067%
458.531706419202,5552.7259375,14.7322027831222%
458.741182715841,5555.13148809524,14.8259943181817%
458.95064693325,5591.37728422619,14.6178815112505%
459.160099069141,5574.18084821429,14.3469606492114%
459.369539121226,5549.86528273809,14.2959303081523%
459.578967087216,5530.8809375,14.3290127039402%
459.788382964823,5565.59888392857,14.0761835428131%
459.997786751759,5585.52594494048,14.0218748016671%
460.207178445735,5522.23395833333,13.9496717724289%
460.416558044462,5540.9907514881,13.8979006634992%
460.625925545653,5586.46866071429,13.4292416599199%
460.835280947018,5615.10771577381,13.2020048477877%
461.044624246271,5505.98023809524,13.1189736885113%
461.253955441121,5511.05139880952,13.4852166869178%
461.463274529281,5600.73942708333,13.5517766904629%
461.672581508462,5635.13229910714,13.2273234497051%
461.881876376376,5566.63912202381,13.0265767552558%
462.091159130735,5564.2010639881,13.0301662381505%
462.30042976925,5610.71921130952,12.9196357493739%
462.509688289632,5616.96063988095,13.0110380369986%
462.718934689594,5552.43337053571,13.0699088145896%
462.928168966846,5563.42088541667,12.9219758789784%
463.137391119102,5615.36777529762,12.6854460093898%
463.346601144071,5624.63239583333,12.8772635814889%
463.555799039465,5587.47639136905,12.7435560572136%
463.764984802997,5546.58203125,13.0826183608606%
463.974158432378,5648.75291666667,13.2176793970947%
464.18331992532,5614.84765625,13.3060574242369%
464.392469279533,5560.62524553572,13.0657511593631%
464.60160649273,5589.78441964286,12.8879471519382%
464.810731562622,5607.11088541667,12.6617358916877%
465.019844486922,5609.41891369048,12.8849327574704%
465.228945263339,5545.80185267857,12.7703092495148%
465.438033889587,5555.68411458333,12.7860446584787%
465.647110363376,5586.24110863095,12.640869909327%
465.856174682419,5558.51226190476,12.6873314443724%
466.065226844426,5506.72790922619,12.7511775270238%
466.27426684711,5512.77429315476,12.7765237020315%
466.483294688181,5603.63258928571,12.725730819116%
466.692310365353,5611.49938988095,12.8728362732019%
466.901313876335,5560.78778273809,12.8912570896193%
467.110305218841,5571.15765625,12.7346105222211%
467.319284390581,5634.90474702381,13.0348850288432%
467.528251389266,5650.63834821429,13.2954130189549%
467.73720621261,5625.12000744048,13.089706229818%
467.946148858323,5601.64963541667,13.0906649177051%
468.155079324116,5653.27145089286,12.8809313975602%
468.363997607702,5622.03180059524,12.6539702042697%
468.572903706792,5588.45161458333,12.5342257377547%
468.781797619097,5564.68867559524,12.4847645846186%
468.99067934233,5601.74715773809,12.5346487437035%
469.199548874201,5594.66053571429,12.5801969074299%
469.408406212423,5523.53425595238,12.44108779017%
469.617251354706,5531.49857886905,12.5345969366315%
469.826084298764,5595.92832589286,12.47746329737%
470.034905042306,5603.73011160714,12.6147665058639%
470.243713583045,5611.9870014881,12.4503069380645%
470.452509918693,5598.91901041667,12.2529479576105%
470.661294046961,5671.21555803571,12.2398817989754%
470.87006596556,5647.58264880952,12.355280721349%
471.078825672202,5619.95132440476,12.176782429947%
471.287573164599,5642.51148809524,12.2106194453009%
471.496308440462,5708.85917410714,12.4208766272543%
471.705031497503,5719.35907738095,12.2068321429042%
471.913742333434,5687.79435267857,12.0135165107571%
472.122440945966,5691.82527529762,12.0899549450692%
472.331127332811,5756.48257440476,11.8827970059498%
472.53980149168,5739.28613839286,11.7390477398086%
472.748463420285,5676.05916666667,11.8177497623693%
472.957113116337,5699.17195684524,11.8232562734637%
473.165750577549,5764.28436011905,11.8441036695899%
473.374375801631,5776.47465029762,11.8224508864108%
473.582988786296,5749.49347470238,11.8055806447728%
473.791589529255,5812.59041666667,11.8532533676045%
474.000178028219,5847.47090029762,11.7985424565631%
474.2087542809,5861.74166666667,11.7933152072004%
474.41731828501,5804.30101934524,11.5843805582357%
474.62587003826,5788.11231398809,11.6931216931217%
474.834409538362,5818.8318452381,11.7911452332334%
475.042936783028,5829.72183779762,11.7848918589425%
475.251451769968,5790.22529761905,11.6814060226128%
475.459954496896,5773.28892113095,11.7921813432505%
475.668444961521,5780.53808035714,11.6159733339181%
475.876923161557,5767.40507440476,11.4272686808594%
476.085389094714,5717.18107886905,11.4061660758406%
476.293842758704,5713.60526041667,11.4667234133107%
476.502284151238,5723.25997023809,11.4241446910769%
476.710713270029,5727.42092261905,11.5381003558051%
476.919130112788,5706.25857886905,11.5068464751796%
477.127534677227,5705.21834077381,11.338655678599%
477.335926961056,5736.62052827381,11.3725169288681%
477.544306961988,5719.19654017857,11.409089525433%
477.752674677734,5673.94618303571,11.5379592328789%
477.961030106007,5667.08711309524,11.5370849075363%
478.169373244516,5737.43321428571,11.6041999723686%
478.377704090975,5748.29069940476,11.6185897435897%
478.586022643094,5684.38107142857,11.6152467670848%
478.794328898586,5722.73985119048,11.5997695410025%
479.002622855161,5732.29703869048,11.4105199056101%
479.210904510532,5759.14818452381,11.5480713928777%
479.41917386241,5670.9554985119,11.3956597757894%
479.627430908506,5649.92318452381,11.2004605727445%
479.835675646533,5723.91011904762,11.1078379025279%
480.043908074201,5737.62825892857,11.0218758270742%
480.252128189223,5686.00644345238,10.911051506035%
480.46033598931,5678.17215029762,10.8234829159631%
480.668531472173,5754.20705357143,10.8877140517641%
480.876714635525,5762.56146577381,10.9044808820411%
481.084885477077,5722.1547172619,10.8985039549608%
481.29304399454,5744.19476190476,10.8562996397726%
481.501190185626,5808.78704613095,10.919139485034%
481.709324048046,5840.38427827381,10.9592193292709%
481.917445579513,5786.61697172619,10.7848945461932%
482.125554777737,5789.64016369048,10.6771925703452%
482.333651640431,5856.89805803571,10.5380513008245%
482.541736165306,5808.00686755952,10.3971827733518%
482.749808350073,5764.12182291667,10.4240859934002%
482.957868192445,5781.31825892857,10.4420731707317%
483.165915690132,5783.78882440476,10.2846382269863%
483.373950840847,5793.41102678571,10.3867977303604%
483.581973642301,5736.84808035714,10.3119597798677%
483.789984092205,5746.6003125,10.3789476998646%
483.997982188272,5838.33630952381,10.4633723382649%
484.205967928212,5865.80509672619,10.5015005467108%
484.413941309737,5833.29765625,10.5740716491947%
484.62190233056,5881.66872767857,10.6680721695159%
484.829850988391,5975.32266369048,10.7599733236328%
485.037787280942,5956.79342261905,10.6770597981624%
485.245711205925,5931.17755952381,10.6401571450978%
485.453622761051,5942.26259672619,10.7332364973024%
485.661521944033,5977.50066220238,10.7760365678618%
485.86940875258,5994.04694940476,10.6944241182497%
486.077283184406,6002.85646577381,10.7143376842596%
486.285145237222,6007.63505952381,10.7565088650561%
486.492994908739,6043.52327380952,10.6873630124681%
486.700832196668,6070.69949404762,10.7000349767654%
486.908657098723,6031.20295386905,10.7838476439158%
487.116469612613,6223.87455357143,10.7833938838136%
487.324269736051,6244.61430059524,10.6826673022059%
487.532057466749,6303.16020089286,10.8718363026006%
487.739832802417,6244.06167410714,10.7780033395459%
487.947595740768,6242.98892857143,10.7144579724524%
488.155346279513,6322.30708333333,10.7043505006664%
488.363084416364,6298.02402529762,10.6979494464117%
488.570810149032,6244.939375,10.6865481976166%
488.778523475229,6204.33758184524,10.6003361344538%
488.986224392666,6275.17129464286,10.5588983645094%
489.193912899055,6241.33104910714,10.5716450245219%
489.401588992108,6187.88881696429,10.5667227778328%
489.609252669537,6169.22954613095,10.5482764511847%
489.816903929052,6214.9025,10.4792999869401%
490.024542768366,6217.89318452381,10.4605254613696%
490.23216918519,6257.81232142857,10.5265872069413%
490.439783177235,6194.16275297619,10.4290704008716%
490.647384742214,6256.02441220238,10.4335361386296%
490.854973877837,6252.77366815476,10.4038772213247%
491.062550581817,6166.72647321429,10.3917068126214%
491.270114851865,6172.0251860119,10.2689701514095%
491.477666685693,6057.56648809524,10.3203446983889%
491.685206081012,6070.73200148809,10.3217674233768%
491.892733035534,6016.67212797619,10.2423315154357%
492.10024754697,6032.43823660714,10.2069058422274%
492.307749613032,6112.14648065476,10.165102960887%
492.515239231432,6090.7890922619,10.1552664708351%
492.722716399881,6097.03052083333,10.2268397849527%
492.930181116091,6066.47352678572,10.2152220229426%
493.137633377774,6130.8057514881,10.2705030291794%
493.34507318264,6137.0796875,10.286227530663%
493.552500528402,6085.7504389881,10.3218133730941%
493.759915412771,6070.24438988095,10.269683855524%
493.967317833459,6146.53935267857,10.236474592184%
494.174707788178,6157.29931547619,10.1885006980426%
494.382085274638,6105.15738095238,10.1398804678961%
494.589450290552,6032.27569940476,10.1512041400445%
494.796802833631,6095.27511904762,10.1419411283917%
495.004142901588,6106.94529017857,10.1016114720783%
495.211470492132,6088.93616815476,10.147997562795%
495.418785602976,6088.83864583333,10.2366843792842%
495.626088231832,6167.01904017857,10.3158950547717%
495.833378376411,6166.04381696429,10.266677883402%
496.040656034425,6117.4126860119,10.2327347025361%
496.247921203586,6095.86025297619,10.3337961677312%
496.455173881604,6162.24044642857,10.4053658024098%
496.662414066192,6141.92329613095,10.4165291438379%
496.869641755061,6166.98653273809,10.4494013449237%
497.076856945923,6114.64955357143,10.4419637028333%
497.284059636489,6160.42002976191,10.4412560909583%
497.491249824471,6189.96929315476,10.4278608037682%
497.698427507581,6100.60633928571,10.4472960192589%
497.90559268353,6090.59404761905,10.3667023554604%
498.112745350029,6196.47078125,10.4235880398671%
498.319885504791,6185.28822172619,10.4232804232804%
498.527013145527,6130.02557291667,10.5119759690127%
498.734128269948,6146.92944196428,10.572303690184%
498.941230875767,6237.13758928571,10.5855055498652%
499.148320960694,6248.02758184524,10.6886877404109%
499.355398522442,6194.65036458333,10.7625738033226%
499.562463558721,6162.2079389881,10.785762256548%
499.769516067244,6210.8065625,10.8204659004462%
499.976556045722,6178.46165922619,10.7765151515152%
500.183583491867,6109.22081101191,10.7340744931924%
500.39059840339,6132.52864583333,10.8254301705459%
500.597600778004,6179.92449404762,10.6828243985124%
500.804590613418,6156.81170386905,10.6937247402758%
501.011567907346,6090.88661458333,10.734000713256%
501.218532657498,6025.9367485119,10.7856431605863%
501.425484861587,6098.72090773809,10.78566368326%
501.632424517324,6096.44538690476,10.8208287786942%
501.83935162242,6063.84042410714,10.8978643968765%
502.046266174587,6049.43962797619,10.9455384069541%
502.253168171537,6113.28424107143,10.9859541879872%
502.460057610981,6126.93736607143,11.0364227880923%
502.666934490631,6087.14825892857,11.1089969702736%
502.873798808198,6087.31079613095,11.1332847778587%
503.080650561395,6117.80277529762,11.1742735778769%
503.287489747932,6049.27709077381,11.1392710014696%
503.494316365522,6002.30383928571,11.1534699044769%
503.701130411875,5998.40294642857,11.1678664858982%
503.907931884704,6074.76292410714,11.2306792070447%
504.11472078172,6102.00415922619,11.2670849841709%
504.321497100634,6103.66203869048,11.3435400644884%
504.528260839159,6122.38632440476,11.4235343895444%
504.735011995006,6168.12429315476,11.4173855217436%
504.941750565886,6177.61646577381,11.5450817951553%
505.148476549511,6149.98514136905,11.5885035351211%
505.355189943593,6168.05927827381,11.6872835688228%
505.561890745843,6248.64522321429,11.6801731282807%
505.768578953973,6241.91618303571,11.7235249379186%
505.975254565694,6225.46741815476,11.7596868098775%
506.181917578718,6206.87316220238,11.7643316443616%
506.388567990757,6251.11578869048,11.7461050933917%
506.595205799522,6294.22065476191,11.8229959053583%
506.801831002725,6207.62083333333,11.8705229950657%
507.008443598077,6231.8388764881,11.9781223145231%
507.215043583291,6285.41113839286,11.9987333134112%
507.421630956077,6302.77011160714,12.0028437493057%
507.628205714147,6261.38813988095,12.0915972446501%
507.834767855213,6234.63451636905,12.0815382442263%
508.041317376986,6309.17407738095,12.1190395552291%
508.247854277179,6313.49756696429,12.1346906401048%
508.454378553502,6287.32907738095,12.1754281771575%
508.660890203667,6251.08328125,12.2305443916697%
508.867389225386,6284.04582589286,12.2935684377519%
509.07387561637,6314.14771577381,12.3997013160223%
509.280349374331,6274.91123511905,12.4826856400506%
509.486810496981,6306.63849702381,12.603325252906%
509.693258982031,6372.82364583333,12.6317540619281%
509.899694827193,6384.78638392857,12.7130748238015%
510.106118030178,6331.63671875,12.8056786128735%
510.312528588698,6352.01888392857,12.9417028245345%
510.518926500465,6460.98382440476,13.0615402728022%
510.72531176319,6482.99136160714,13.2196420945092%
510.931684374585,6440.08154017857,13.3292800239867%
511.13804433236,6450.77648809524,13.4232338450939%
511.344391634229,6498.82248511905,13.4760074949434%
511.550726277903,6525.86867559524,13.5979440555402%
511.757048261092,6512.31307291667,13.7484741499423%
511.96335758151,6560.06650297619,13.8722971921114%
512.169654236866,6649.59199404762,14.0526259998858%
512.375938224874,6657.75136160714,14.1940699932558%
512.582209543244,6656.4510639881,14.3218033424019%
512.788468189688,6660.41697172619,14.4526425405846%
512.994714161918,6746.0090625,14.6033545150905%
513.200947457646,6808.16328869048,14.792548653639%
513.407168074582,6838.39520833333,14.9691709069141%
513.613376010439,6831.30858630952,15.1219376325517%
513.819571262928,6872.82058779762,15.210243164225%
514.02575382976,6900.38689732143,15.4178600351591%
514.231923708648,6893.49531994048,15.6005939182456%
514.438080897303,6908.02614583333,15.7216778165143%
514.644225393436,6941.3787797619,15.7904009458893%
514.850357194759,6938.19305059524,15.9469708792409%
515.056476298984,6920.24894345238,16.0704492148756%
515.262582703823,6895.47827380952,16.1760995547827%
515.468676406986,6950.74092261905,16.2743110891058%
515.674757406185,6947.55519345238,16.4538312306915%
515.880825699133,6891.21979910714,16.5551646798574%
516.086881283541,6871.39026041667,16.729563599899%
516.29292415712,6890.79720238095,16.8180620625666%
516.498954317581,6892.94269345238,16.9470549708315%
516.704971762637,6883.06043154762,17.1480164947515%
516.910976489999,6884.49075892857,17.3719553233161%
517.116968497379,6931.82159226191,17.537653609397%
517.322947782488,6932.34171130952,17.6778525506219%
517.528914343038,6901.6546875,17.8395581765422%
517.73486817674,6817.39540178571,17.9597921235602%
517.940809281307,6949.47313244048,18.0867043426532%
518.146737654449,6986.01149553571,18.2503474474196%
518.352653293878,6959.77799107143,18.3533029292847%
518.558556197306,6939.49334821429,18.4806024562243%
518.764446362445,7031.00179315476,18.6692072443177%
518.970323787005,7067.93024553571,18.88695232771%
519.176188468699,7004.60575148809,19.0239283242889%
519.382040405239,7004.76828869048,19.159781014478%
519.587879594335,7091.72569196428,19.3646155070273%
519.7937060337,7131.22223214286,19.591253827262%
519.999519721045,7117.60161458333,19.7370124266483%
520.205320654081,7192.04365327381,19.9735511362618%
520.41110883052,7274.02741815476,20.0995675169904%
520.616884248075,7340.08253720238,20.3411498673504%
520.822646904455,7319.14774553572,20.5436735969542%
521.028396797374,7320.22049107143,20.6644875930917%
521.234133924543,7440.79058779762,20.8240416643143%
521.439858283672,7471.05501488095,20.967594416615%
521.645569872474,7448.72240327381,21.1443344535103%
521.851268688661,7438.41754464286,21.3234754339049%
522.056954729944,7552.29110863095,21.4507479537115%
522.262627994034,7547.74006696428,21.6489651841892%
522.468288478643,7509.83639136905,21.8298188071645%
522.673936181484,7499.01141369047,22.0218054105625%
522.879571100266,7563.21360863095,22.1852420286606%
523.085193232703,7572.34819940476,22.3406377928377%
523.290802576505,7513.47722470238,22.4588390818411%
523.496399129384,7562.23838541667,22.6663607316413%
523.701982889052,7651.66635416667,22.8801316881423%
523.907553853221,7694.41363839286,23.0422358683028%
524.113112019601,7662.65386904762,23.1432896407068%
524.318657385905,7660.44336309524,23.2729893126465%
524.524189949844,7700.13494791667,23.432308724968%
524.72970970913,7720.90720238095,23.5951653498795%
524.935216661474,7683.39361607143,23.7424783359313%
525.140710804588,7701.01264880952,23.8340186316524%
525.346192136184,7796.87709077381,24.0229804712594%
525.551660653973,7824.31337053571,24.2044195596362%
525.757116355666,7782.24874255952,24.354112897889%
525.962559238976,7777.82773065476,24.4707023005487%
526.167989301614,7851.61962053571,24.5796563546746%
526.373406541291,7846.4509375,24.7706121056447%
526.578810955719,7817.42179315476,24.8668554313491%
526.78420254261,7831.4325,24.9955922972947%
526.989581299676,7941.30764880952,25.1320617242187%
527.194947224627,7990.84898809524,25.3284117521132%
527.400300315176,7947.38654017857,25.4625450898562%
527.605640569034,7992.27931547619,25.6468296961255%
527.810967983912,8084.17784970238,25.7607905921082%
528.016282557523,8110.31383184524,25.9008099113137%
528.221584287578,8040.94295386905,26.0304346991406%
528.426873171788,8046.3391889881,26.1530158993731%
528.632149207866,8128.68053571429,26.2872620100957%
528.837412393522,8139.11542410714,26.3673728477347%
529.042662726468,8121.20382440476,26.4944392589897%
529.247900204417,8147.95744791667,26.558375955042%
529.453124825078,8234.39473214286,26.6911519408828%
529.658336586165,8239.20583333333,26.7732914375491%
529.863535485388,8118.73325892857,26.7592737763005%
530.06872152046,8132.28886160714,26.8657276408148%
530.273894689092,8220.48154761905,26.9867208891827%
530.479054988995,8225.68273809524,27.0669349496659%
530.684202417881,8188.98183779762,27.1631520326137%
530.889336973461,8189.72950892857,27.2486657967806%
531.094458653448,8279.80762648809,27.3673670589685%
531.299567455553,8289.59236607143,27.4354915551184%
531.504663377487,8202.14735119048,27.4509022459578%
531.709746416963,8244.08194940476,27.5247101238944%
531.914816571691,8315.46828869048,27.5427268348302%
532.119873839383,8295.80128720238,27.5674542532409%
532.324918217751,8257.34498511905,27.6202043944194%
532.529949704506,8257.93011904762,27.6244962036017%
532.734968297361,8361.75888392857,27.7290980462934%
532.939973994026,8414.48595238095,27.8092279645466%
533.144966792213,8370.95848958334,27.8964654924859%
533.349946689634,8371.38108630952,27.9678710547194%
533.554913684001,8460.90657738095,28.0957605273251%
533.759867773024,8471.37397321429,28.1882298531622%
533.964808954416,8407.69189732143,28.2310192023634%
534.169737225888,8442.73491815476,28.3087444811305%
534.374652585152,8511.58567708333,28.3519770574944%
534.57955502992,8507.61976934524,28.3791939623349%
534.784444557903,8469.22848214286,28.4274800239566%
534.989321166812,8465.13254464286,28.4277983231481%
535.194184854359,8543.05287946429,28.4869237633749%
535.399035618256,8598.47806547619,28.5469178846449%
535.603873456214,8553.32523065476,28.5865844915705%
535.808698365946,8612.68381696429,28.648017640192%
536.013510345162,8666.02852678572,28.7084158287811%
536.218309391574,8712.0590625,28.8168901111493%
536.423095502894,8666.15855654762,28.8933242592518%
536.627868676833,8654.94348958333,28.914906485%
536.832628911103,8728.63785714286,28.9855650257289%
537.037376203416,8731.79107886905,29.0469029391447%
537.242110551483,8645.45131696429,29.0783501645297%
537.446831953016,8654.52089285714,29.1225597971721%
537.651540405726,8739.72289434524,29.1615977148083%
537.856235907325,8722.00633928571,29.1594212685496%
538.060918455524,8664.56569196429,29.1771512019771%
538.265588048036,8720.90108630953,29.250275819197%
538.470244682572,8804.31517857143,29.3405027932961%
538.674888356842,8809.51636904762,29.3775364962995%
538.87951906856,8774.47334821429,29.4397058782632%
539.084136815436,8784.90823660714,29.4645950853072%
539.288741595183,8860.61806547619,29.5022989522083%
539.49333340551,8847.7776264881,29.5502663005723%
539.697912244132,8745.15163690476,29.5569959952108%
539.902478108758,8732.79880952381,29.6050880615484%
540.107030997101,8766.57404017857,29.5927049675931%
540.311570906872,8782.9252827381,29.5890366074427%
540.516097835782,8725.41962053571,29.6015748588916%
540.720611781544,8741.90089285714,29.6566690295964%
540.925112741869,8811.40180059524,29.6833951737399%
541.129600714468,8856.74968005952,29.7333980949297%
541.334075697054,8798.98395833333,29.7287188815103%
541.538537687337,8839.55324404762,29.7382524938877%
541.742986683029,8911.19964285714,29.7521457160592%
541.947422681843,8927.55088541667,29.7490265109084%
542.151845681488,8880.18754464286,29.7861244299223%
542.356255679678,8894.68586309524,29.7820180837968%
542.560652674124,8948.71322916667,29.8040046054286%
542.765036662536,8945.36496279762,29.8321213753479%
542.969407642628,8919.42402529762,29.8426479995998%
543.17376561211,8926.44563244048,29.8731438892739%
543.378110568694,9026.60105654762,29.9629902223992%
543.582442510092,9034.76042410714,29.9883210229425%
543.786761434015,8987.07200892857,30.0071678982419%
543.991067338175,9039.63654017857,30.0218400147504%
544.195360220283,9092.00602678571,30.0210062240664%
544.399640078052,9121.26272321429,30.1050175029172%
544.603906909192,9117.26430803571,30.1754603349157%
544.808160711415,9115.37887648809,30.1712746034976%
545.012401482433,9175.64767113095,30.1798155329576%
545.216629219958,9206.20466517857,30.1966220163365%
545.4208439217,9147.00861607143,30.1875746195203%
545.625045585373,9186.01754464286,30.2259966203731%
545.829234208686,9220.86552083333,30.2645736830458%
546.033409789352,9246.57890625,30.2739920499716%
546.237572325083,9223.20605654762,30.3074529841025%
546.44172181359,9214.46155505952,30.3211517724335%
546.645858252584,9302.45919642857,30.30829035777%
546.849981639777,9322.45127232143,30.3373328607305%
547.054091972882,9294.68991815476,30.3354338682428%
547.258189249608,9342.80093005952,30.3800063505239%
547.462273467669,9421.4689360119,30.3565197451721%
547.666344624775,9398.61620535714,30.3150330697698%
547.870402718639,9358.92462053571,30.3303847251343%
548.074447746971,9380.70460565476,30.3490136570562%
548.278479707484,9403.91491815476,30.3424496706502%
548.482498597888,9420.07111607143,30.3321495202723%
548.686504415897,9417.14544642857,30.357208721332%
548.89049715922,9377.97398065476,30.307334869149%
549.09447682557,9449.42533482143,30.2933420742357%
549.298443412659,9483.91572916667,30.2811727287595%
549.502396918197,9431.61125744048,30.2655199206923%
549.706337339897,9454.17142113095,30.2648079559042%
549.910264675471,9520.16152529762,30.2381743281874%
550.114178922629,9542.59165922619,30.2004348762006%
550.318080079083,9477.38173363095,30.1714285714286%
550.521968142545,9442.89133928572,30.1573523525696%
550.725843110727,9537.48799107143,30.1403947400053%
550.92970498134,9540.18610863095,30.1476993220949%
551.133553752096,9452.67607886905,30.0679939741867%
551.337389420706,9423.90699404762,30.0354049576503%
551.541211984882,9447.24733630952,29.9859012803355%
551.745021442336,9469.97003720238,29.9905205594299%
551.948817790778,9428.13296130952,29.9418148628799%
552.152601027922,9438.56784970238,29.936716667141%
552.356371151477,9481.64020833333,29.865289829181%
552.560128159157,9486.25626488095,29.8169694367038%
552.763872048672,9438.14525297619,29.8173892554194%
552.967602817734,9435.64218005952,29.7453042453994%
553.171320464056,9490.35220238095,29.745192612063%
553.375024985347,9505.11058035714,29.7277812887672%
553.57871637932,9419.61601190476,29.6443859378866%
553.782394643687,9405.34524553571,29.5838468366256%
553.986059776159,9480.66498511905,29.5324587176436%
554.189711774447,9474.97618303571,29.4994719678771%
554.393350636264,9414.18726934524,29.4376765945621%
554.596976359321,9424.29708333333,29.3929114462258%
554.800588941329,9476.82910714286,29.3180984376694%
555.00418838,9492.75775297619,29.2546342047734%
555.207774673046,9399.36387648809,29.1874520117149%
555.411347818178,9405.47527529762,29.145567297813%
555.614907813108,9475.75636160714,29.0560802860557%
555.818454655548,9460.77043154762,28.9953998770558%
556.021988343208,9377.61639880953,28.9216166969594%
556.225508873802,9398.06357886905,28.8721958548161%
556.429016245039,9454.82156994048,28.7937186100948%
556.632510454633,9487.58906994048,28.7386820954097%
556.835991500294,9426.31254464286,28.6616983215397%
557.039459379734,9408.9210639881,28.5595041509263%
557.242914090664,9443.24892113095,28.5087659889562%
557.446355630797,9451.89590029762,28.3871040468944%
557.649783997844,9383.95534970238,28.3074435915853%
557.853199189516,9386.19836309524,28.2655886911551%
558.056601203525,9440.06319196429,28.1857131308776%
558.259990037583,9392.34226934524,28.0958862029611%
558.463365689401,9308.01796875,27.9970275932458%
558.66672815669,9317.34760416667,27.9441996406897%
558.870077437164,9383.46773809524,27.8437242754747%
559.073413528532,9384.31293154762,27.7668813546493%
559.276736428507,9278.69625744048,27.6920171101605%
559.4800461348,9266.73351934524,27.6104863262354%
559.683342645123,9321.21598958333,27.5273440530148%
559.886625957187,9315.5271875,27.4211537269967%
560.089896068704,9258.15155505952,27.282906855015%
560.293152977386,9253.11290178571,27.1596610498285%
560.496396680944,9283.01974702381,27.0508195349288%
560.69962717709,9252.95036458333,26.8783922514328%
560.902844463536,9173.82725446429,26.7764358938351%
561.106048537992,9170.77155505952,26.6810130628096%
561.309239398171,9229.21993303571,26.5934752864343%
561.512417041784,9207.5374702381,26.4851452738533%
561.715581466543,9146.84607886905,26.3813475339497%
561.918732670159,9132.38026785714,26.2769198650826%
562.121870650344,9214.98167410714,26.1808208953605%
562.32499540481,9219.11011904762,26.0654782659543%
562.528106931268,9149.80425595238,25.9536472521295%
562.73120522743,9140.92972470238,25.8042244708624%
562.934290291007,9191.08870535714,25.6612503015474%
563.137362119711,9134.23319196429,25.5426805383976%
563.340420711253,9047.89343005952,25.3902169567591%
563.543466063346,9033.94773809524,25.2310571751141%
563.746498173701,9122.40048363095,25.1152517973282%
563.949517040028,9119.47481398809,24.9763238849779%
564.152522660041,9041.52197172619,24.8566842956721%
564.355515031451,9050.88411458333,24.7410610897506%
564.558494151968,9088.43020833334,24.6363818342114%
564.761460019305,9041.81453869047,24.4896136944889%
564.964412631174,8984.30887648809,24.417055296469%
565.167351985285,8978.32750744048,24.2908462398753%
565.370278079351,8988.43732142857,24.1719050945034%
565.573190911083,8988.30729166667,24.0472434626341%
565.776090478193,8918.41629464286,23.9009511273675%
565.978976778392,8903.36534970238,23.7945887879011%
566.181849809392,8935.51520833333,23.6447619608272%
566.384709568905,8874.95384672619,23.4867809178303%
566.587556054641,8785.49337053571,23.3731700719074%
566.790389264314,8787.86641369048,23.2785896611728%
566.993209195633,8830.2886235119,23.1701277070616%
567.196015846312,8791.76730654762,23.0637878594943%
567.398809214061,8759.51992559524,22.9727816367664%
567.601589296592,8746.32190476191,22.879826327084%
567.804356091617,8800.67434523809,22.7963065221272%
568.007109596847,8742.19345982143,22.6608108388059%
568.209849809994,8678.77144345238,22.5743918006095%
568.412576728769,8665.24834821429,22.4918525739258%
568.615290350885,8696.87808779762,22.4036403673357%
568.817990674052,8688.29612351191,22.2774529115493%
569.020677695982,8640.02257440476,22.192511721614%
569.223351414388,8646.68659970238,22.0762281718159%
569.426011826979,8661.21742559524,21.9675297834637%
569.628658931469,8715.76491071428,21.8478294185559%
569.831292725569,8650.55498511905,21.7416165151741%
570.03391320699,8618.14506696429,21.6096528607488%
570.236520373443,8679.81168154762,21.5447154471545%
570.439114222641,8676.30087797619,21.4639073843727%
570.641694752295,8615.38193452381,21.3881272974674%
570.844261960117,8608.19779017857,21.2910672411415%
571.046815843818,8669.31177827381,21.1752648730979%
571.24935640111,8648.60453869048,21.1077995861494%
571.451883629704,8575.72285714286,20.9771055278818%
571.654397527312,8535.64118303571,20.8509350602191%
571.856898091646,8584.59738839286,20.7556817038066%
572.059385320417,8601.27370535714,20.6791140766943%
572.261859211337,8576.47052827381,20.5913058841481%
572.464319762118,8541.75258184524,20.4461912798086%
572.66676697047,8571.9845014881,20.3401265214606%
572.869200834106,8551.47230654762,20.2372747956956%
573.071621350737,8521.07784970238,20.1613096330824%
573.274028518075,8523.74345982143,20.0721331075022%
573.476422333831,8551.01720238095,19.9909283157901%
573.678802795718,8614.92683035714,19.9229126310038%
573.881169901446,8531.41521577381,19.8516089898866%
574.083523648727,8530.34247023809,19.7821484398188%
574.285864035273,8579.52622767857,19.7390598170692%
574.488191058795,8556.99857142857,19.6284525563861%
574.690504717005,8498.84276041666,19.5348828048836%
574.892805007615,8481.74384672619,19.424439231957%
575.095091928336,8579.55873511905,19.3728160137422%
575.29736547688,8580.46894345238,19.3131012323426%
575.499625650958,8542.53276041667,19.194092620666%
575.701872448282,8543.44296875,19.1288700280178%
575.904105866564,8619.77043898809,19.0934065934066%
576.106325903515,8644.24854166667,19.0534515511209%
576.308532556847,8546.46616071429,18.9720177935735%
576.51072582427,8522.80074404762,18.9007995953386%
576.712905703498,8569.70898065476,18.8379217963488%
576.915072192242,8574.78014136905,18.7988978578081%
577.117225288213,8506.54702380952,18.7714879085975%
577.319364989122,8489.87070684524,18.7103645253425%
577.521491292682,8533.04058779762,18.6375323823546%
577.723604196603,8565.93811755952,18.6011643117017%
577.925703698598,8425.89606398809,18.505479573678%
578.127789796379,8390.56047619048,18.4209105354911%
578.329862487656,8450.27664434524,18.3684902576463%
578.531921770141,8434.3479985119,18.2954530155195%
578.733967641546,8418.48436755952,18.2452371986505%
578.936000099583,8378.72776785714,18.1927104734621%
579.138019141963,8468.9034077381,18.1645888922352%
579.340024766397,8408.27703125,18.0848923757795%
579.542016970598,8325.51308779762,18.0301318051357%
579.743995752277,8287.21932291667,17.997808474408%
579.945961109145,8361.82389880952,17.9676002531588%
580.147913038915,8394.75393601191,17.9244115535975%
580.349851539297,8318.13389880952,17.8793672998483%
580.551776608003,8314.78563244048,17.8040591197332%
580.753688242746,8356.98029017857,17.7827864734886%
580.955586441235,8371.96622023809,17.7775926602586%
581.157471201184,8311.63241071428,17.7204589705299%
581.359342520303,8317.80882440476,17.6407214326011%
581.561200396305,8344.88752232143,17.6070359577526%
581.763044826901,8335.81794642857,17.6022380716763%
581.964875809802,8237.58046130952,17.5500230260994%
582.16669334272,8248.04785714286,17.5360622756381%
582.368497423367,8326.71586309524,17.5501514625752%
582.570288049454,8317.28870535714,17.4698151912251%
582.772065218693,8274.31386904762,17.4152827648115%
582.973828928795,8232.37927083333,17.3642698693674%
583.175579177473,8357.11031994048,17.3485459930697%
583.377315962437,8337.54084077381,17.3171540200603%
583.5790392814,8316.21595982143,17.3114044385928%
583.780749132072,8318.58900297619,17.2406234325946%
583.982445512165,8383.24630208333,17.214217205869%
584.184128419392,8375.67206845238,17.1940754302318%
584.385797851463,8275.12655505953,17.1443752453031%
584.587453806091,8275.06154017857,17.0741712554049%
584.789096280986,8350.47880208333,17.0605099009992%
584.990725273861,8373.5915922619,17.0179784641813%
585.192340782427,8281.59553571429,16.961427369576%
585.393942804395,8290.9901860119,16.930101021988%
585.595531337478,8352.29921875,16.9106264358001%
585.797106379386,8378.50021577381,16.8757637026138%
585.998667927832,8330.42171130952,16.8158086193847%
586.200215980527,8371.44610119048,16.8077646890997%
586.401750535182,8454.69765625,16.7709378935266%
586.60327158951,8506.67705357143,16.7536910170823%
586.804779141221,8426.09110863095,16.7262483920222%
587.006273188028,8461.58923363095,16.7265705898732%
587.207753727642,8502.25604166667,16.6969618752976%
587.409220757774,8458.89111607143,16.677982963829%
587.610674276137,8389.26017857143,16.6463356056995%
587.812114280441,8373.5915922619,16.6028855379157%
588.013540768399,8415.75374255952,16.6059891756659%
588.214953737721,8419.68714285714,16.5806111506284%
588.416353186121,8366.0823735119,16.5514468293809%
588.617739111308,8350.99892113095,16.526070235168%
588.819111510995,8422.28773809524,16.5417268867407%
589.020470382894,8412.63302827381,16.5201534301704%
589.221815724715,8324.1802827381,16.5242339152729%
589.423147534171,8339.10119791667,16.4973904369246%
589.624465808973,8387.76483630952,16.4734654387788%
589.825770546834,8408.47207589286,16.4660553479649%
590.027061745463,8331.98206845238,16.4402079164901%
590.228339402573,8309.45441220238,16.4292853573213%
590.429603515876,8337.24827380952,16.3873905029467%
590.630854083083,8320.73449404762,16.3541996915108%
590.832091101905,8213.45994047619,16.2921248322482%
591.033314570055,8209.16895833333,16.3019946463422%
591.234524485244,8257.24746279762,16.299357045532%
591.435720845183,8257.83259672619,16.2741863172649%
591.636903647585,8175.16617559524,16.2239104301625%
591.83807289016,8217.52337053571,16.1910624981204%
592.039228570621,8304.83835565476,16.2192915500523%
592.240370686678,8372.35630952381,16.204304320736%
592.441499236044,8348.8859375,16.2060952689909%
592.64261421643,8338.54857142857,16.1953967510208%
592.843715625548,8396.41181547619,16.1696342040416%
593.044803461109,8367.57771577381,16.1134394002733%
593.245877720825,8294.59851190476,16.1117451844568%
593.446938402407,8295.54122767857,16.0457804579098%
593.647985503568,8352.29921875,16.0741685291707%
593.849019022018,8355.45244047619,16.0629783511918%
594.05003895547,8271.68076636905,16.0423179405409%
594.251045301634,8280.94538690476,16.0455141376282%
594.452038058223,8373.03896577381,16.0732881096949%
594.653017222948,8404.50616815476,16.0826543100112%
594.85398279352,8357.95551339286,16.08999372866%
595.054934767652,8347.39059523809,16.0938582172925%
595.255873143055,8391.01558035714,16.0696914952752%
595.45679791744,8335.46036458333,16.0182092606005%
595.657709088519,8297.62170386905,16.0385415184011%
595.858606654004,8306.39871279762,16.0238521003273%
596.059490611606,8330.3241889881,16.0235466133553%
596.260360959037,8262.38363839286,15.9785837435865%
596.461217694009,8168.50215029762,15.971279269493%
596.662060814232,8130.85853422619,15.9609948390778%
596.862890317419,8225.61772321429,15.968875571328%
597.063706201281,8229.71366071428,15.9743439428946%
597.264508463531,8162.16319940476,15.9468558747312%
597.465297101878,8172.24050595238,15.9053858852662%
597.666072114036,8250.32337797619,15.9403825430572%
597.866833497715,8236.57273065476,15.8854739010989%
598.067581250628,8192.29759672619,15.8544935365354%
598.268315370485,8169.31483630953,15.8259307076516%
598.469035854999,8251.36361607143,15.7820515895998%
598.66974270188,8224.67500744048,15.7455195536849%
598.870435908842,8136.74238095238,15.7156550614495%
599.071115473594,8119.44842261905,15.6801562048513%
599.271781393849,8190.57470238095,15.63911829261%
599.472433667319,8211.02188244047,15.6219695417606%
599.673072291715,8181.70017113095,15.5980755122584%
599.873697264748,8181.57014136905,15.5603060306031%
600.07430858413,8253.50910714286,15.5409271090164%
600.274906247574,8236.63774553571,15.515880844348%
600.475490252789,8217.36083333333,15.4473105637129%
600.676060597489,8194.54061011905,15.3874874412795%
600.876617279384,8244.01693452381,15.3322960733268%
601.077160296186,8258.48274553572,15.2743990818612%
601.277689645608,8181.92772321428,15.1996773165755%
601.478205325359,8202.53744047619,15.1824639492698%
601.678707333153,8278.08473214286,15.1460351486766%
601.8791956667,8245.18720238095,15.0886983579389%
602.079670323712,8205.04051339286,15.0655302236612%
602.280131301901,8208.84388392857,15.0263451210862%
602.480578598978,8261.76599702381,14.9665888958056%
602.681012212655,8205.23555803571,14.9430055308242%
602.881432140644,8140.18816964286,14.8568366924002%
603.081838380656,8165.60898809524,14.7912907048779%
603.282230930403,8244.50454613095,14.7849923770484%
603.482609787596,8211.89958333333,14.7350584248244%
603.682974949946,8154.23138392857,14.6844829410964%
603.883326415167,8143.76398809524,14.6426977752279%
604.083664180968,8172.82563988095,14.6134072910257%
604.283988245063,8130.82602678571,14.5371548079292%
604.484298605161,8079.85436011905,14.4583501592669%
604.684595258976,8087.00599702381,14.4520840486739%
604.884878204218,8118.92830357143,14.4245663921921%
605.085147438599,8142.98380952381,14.4131723586851%
605.285402959831,8044.42125,14.3602647942219%
605.485644765625,8053.58834821429,14.3235785771297%
605.685872853693,8103.45476190476,14.2690790332241%
605.886087221747,8047.60697916667,14.2599362501296%
606.086287867497,8015.94473214286,14.2151779322526%
606.286474788657,8008.66306547619,14.1684502708849%
606.486647982936,8052.58061755953,14.1355479994784%
606.686807448048,8061.00004464286,14.1168129992125%
606.886953181703,8031.3207514881,14.0803877329322%
607.087085181613,8042.40578869048,14.0511345221508%
607.287203445489,8028.55761904762,14.0066131665171%
607.487307971045,7999.4959672619,13.9247568679988%
607.687398755989,7965.98079613095,13.8978177836839%
607.887475798036,7957.04125,13.8604958987078%
608.087539094895,8009.44324404762,13.817813216646%
608.287588644279,8004.66465029762,13.7372159233474%
608.4876244439,7969.23154017857,13.7221957519372%
608.687646491468,7937.11418898809,13.7021968264161%
608.887654784695,7949.36949404762,13.6596705410151%
609.087649321294,7940.59248511905,13.6171123495371%
609.287630098975,7859.32388392857,13.533483978366%
609.487597115451,7819.24220982143,13.4935990616635%
609.687550368432,7896.18732142857,13.4892443758632%
609.887489855631,7876.52031994048,13.4682450514099%
610.087415574759,7847.65371279762,13.3972514433346%
610.287327523527,7818.88462797619,13.3439023860555%
610.487225699648,7854.25272321429,13.3037616219332%
610.687110100833,7843.59028273809,13.2694516029963%
610.886980724793,7772.65904761905,13.2340081836447%
611.08683756924,7796.25944940476,13.2048291603657%
611.286680631885,7807.73457589286,13.1477909463895%
611.486509910441,7819.33973214286,13.1261471063331%
611.686325402619,7737.90859375,13.0931975406737%
611.886127106129,7713.30046130952,13.045157595413%
612.085915018686,7768.628125,13.0164440133176%
612.285689137998,7785.75954613095,13.0000016621705%
612.485449461779,7706.21383928571,12.9698960880196%
612.68519598774,7698.05447172619,12.9326951819794%
612.884928713592,7756.01523809524,12.8814571018794%
613.084647637046,7772.04140625,12.8383045473896%
613.284352755816,7761.41147321429,12.8076975890439%
613.484044067612,7750.03386904762,12.7874833322042%
613.683721570145,7803.76866815476,12.7499740018785%
613.883385261128,7765.83248511905,12.7152228286335%
614.083035138272,7699.35476934524,12.6726747510501%
614.282671199288,7694.51116071429,12.6455271875545%
614.482293441889,7739.43644345238,12.6202570741388%
614.681901863785,7727.57122767857,12.607900841893%
614.881496462689,7656.8025297619,12.5511484443338%
615.081077236311,7663.23900297619,12.5309743203653%
615.280644182365,7665.48201636905,12.4673399637774%
615.48019729856,7709.85467261905,12.4848688799622%
615.679736582609,7659.37061755952,12.4622292415827%
615.879262032223,7690.35020833333,12.4747507656219%
616.078773645115,7713.33296875,12.465866224894%
616.278271418995,7711.90264136905,12.4503345710403%
616.477755351575,7645.88002976191,12.4193173865247%
616.677225440567,7650.07348958333,12.3715686099658%
616.876681683682,7683.71869047619,12.3458750151877%
617.076124078632,7685.70164434524,12.370301305647%
617.275552623128,7609.76426339286,12.3490269321885%
617.474967314883,7567.82966517857,12.3428510461509%
617.674368151607,7626.21302827381,12.3246769823356%
617.873755131013,7604.43304315476,12.3159137412852%
618.073128250811,7561.71826636905,12.2778425025576%
618.272487508714,7569.87763392857,12.249442488878%
618.471832902434,7613.37258928571,12.2114152638662%
618.67116442968,7629.98389136905,12.1855010489336%
618.870482088167,7617.66357142857,12.1497749415621%
619.069785875604,7618.5737797619,12.168973994465%
619.269075789703,7695.64892113095,12.1377875062925%
619.468351828177,7686.61185267857,12.1230334099346%
619.667613988736,7616.68834821429,12.1042393830704%
619.866862269093,7639.93116815476,12.1122682677478%
620.066096666958,7656.02235119048,12.0732173304349%
620.265317180044,7666.94485119048,12.0494239910418%
620.464523806062,7602.71014880952,12.0371602821821%
620.663716542724,7626.08299851191,12.0188499539815%
620.86289538774,7677.0221577381,12.0238707784932%
621.062060338824,7686.90441964286,12.0245886147922%
621.261211393686,7639.57358630952,11.9800106319612%
621.460348550039,7678.02988839286,11.9888093343091%
621.659471805593,7749.31870535714,11.9646712211921%
621.85858115806,7733.61761160714,11.9636793456268%
622.057676605152,7722.30502232143,11.9636607699315%
622.25675814458,7710.60234375,11.9706637541197%
622.455825774057,7788.03506696428,11.9992724232454%
622.654879491293,7784.94686011905,12.0328515237454%
622.853919294,7747.17321428571,12.0379092530519%
623.052945179891,7737.97360863095,12.04088232155%
623.251957146675,7785.10939732143,12.0390726610768%
623.450955192066,7741.71196428572,12.0484015317826%
623.649939313774,7720.12702380952,12.0729834014548%
623.848909509512,7710.92741815476,12.0662519435184%
624.04786577699,7749.25369047619,12.0505175365798%
624.246808113921,7755.88520833333,12.0403337462076%
624.445736518015,7712.16270089286,12.0420948481855%
624.644650986986,7681.3781547619,11.9978761174158%
624.843551518543,7689.01740327381,11.9981055206017%
625.0424381104,7694.77122023809,12.0052266877846%
625.241310760266,7663.3690327381,11.9983535055292%
625.440169465855,7683.68618303571,12.0170845221762%
625.639014224877,7691.19540178572,11.9790662007684%
625.837845035045,7667.595,11.9853142308708%
626.036661894069,7615.94067708333,11.9722160761134%
626.235464799662,7599.65444940476,11.9603229410454%
626.434253749534,7665.61204613095,11.9462294066622%
626.633028741398,7632.42194940476,11.9394730438245%
626.831789772966,7598.15910714286,11.9150367887482%
627.030536841948,7596.07863095238,11.9258854518694%
627.229269946056,7643.76704613095,11.9168890222145%
627.427989083003,7646.07507440476,11.9043674069024%
627.626694250499,7607.68378720238,11.8962906111672%
627.825385446256,7613.21005208333,11.9021682501492%
628.024062667986,7663.82413690476,11.89952612018%
628.2227259134,7630.01639880952,11.8706567115237%
628.42137518021,7603.58784970238,11.8718617721479%
628.620010466128,7608.36644345238,11.8821725654444%
628.818631768865,7723.80036458334,11.9239673065718%
629.017239086133,7720.22454613095,11.9097420594637%
629.215832415643,7704.58846726191,11.8980169971671%
629.414411755106,7664.63682291667,11.8818231119285%
629.612977102236,7705.82375,11.8751729081261%
629.811528454742,7732.86994047619,11.8960013071321%
630.010065810338,7693.01581845238,11.9017491860053%
630.208589166733,7699.5498139881,11.8937830947245%
630.407098521641,7781.7286235119,11.901438711276%
630.605593872772,7759.03843005952,11.8952188298757%
630.804075217838,7735.95814732143,11.8991950848901%
631.00254255455,7706.92900297619,11.8918198356439%
631.200995880621,7738.65626488095,11.8610819949017%
631.399435193763,7719.11929315476,11.829722434157%
631.597860491685,7657.87527529762,11.810689404571%
631.796271772101,7640.19122767857,11.7802583814296%
631.994669032721,7650.00847470238,11.7458027795292%
632.193052271257,7650.26853422619,11.7247325153105%
632.391421485422,7619.87407738095,11.7215779005041%
632.589776672926,7630.8615922619,11.6977444196865%
632.788117831481,7660.37834821429,11.661920584659%
632.986444958798,7624.88022321429,11.639015365769%
633.18475805259,7600.10955357143,11.6099571963701%
633.383057110568,7570.82034970238,11.5997936758523%
633.581342130443,7621.23938988095,11.5911357306082%
633.779613109928,7602.54761160714,11.568845849222%
633.977870046733,7583.10816220238,11.5457902003536%
634.17611293857,7602.25504464286,11.5030866316703%
634.374341783151,7641.45901785714,11.4691901724302%
634.572556578188,7614.54285714286,11.4174265656205%
634.770757321391,7594.12818452381,11.3810986574663%
634.968944010473,7569.19497767857,11.3177604699864%
635.167116643146,7635.67269345238,11.2880602121108%
635.36527521712,7623.905,11.2639054800657%
635.563419730108,7588.37436755952,11.2619627077447%
635.76155017982,7583.01063988095,11.2169458415699%
635.95966656397,7633.72224702381,11.2127631507476%
636.157768880267,7640.25624255952,11.1920548293718%
636.355857126425,7589.28457589286,11.1412765403233%
636.553931300154,7610.8045014881,11.0913468838803%
636.751991399166,7609.37417410714,11.0671900025093%
636.950037421172,7632.25941220238,11.0556902375667%
637.148069363885,7567.9271875,10.9952715164569%
637.346087225015,7542.66890625,10.9902600917389%
637.544091002275,7588.37436755953,10.9783310822714%
637.742080693376,7609.76426339286,10.9714042037736%
637.940056296029,7584.14840029762,10.925320185475%
638.138017807947,7534.70458333333,10.8910172576982%
638.33596522684,7547.02490327381,10.8396144816508%
638.533898550421,7558.66256696429,10.8214331492003%
638.731817776401,7501.12439732143,10.7915679728732%
638.929722902491,7477.62151785714,10.7820869342334%
639.127613926404,7518.97098214286,10.7801109814887%
639.32549084585,7482.62766369048,10.7612418858083%
639.523353658542,7445.0490625,10.7334498371105%
639.721202362191,7421.77373511905,10.7033134989723%
639.919036954508,7462.24549851191,10.7035472491366%
640.116857433205,7458.01953125,10.6646596894937%
640.314663795995,7389.72139880953,10.6132010047928%
640.512456040587,7419.07561755952,10.615679223674%
640.710234164694,7419.14063244047,10.5725156766108%
640.907998166028,7418.94558779762,10.5446221580901%
641.105748042301,7377.40107886905,10.5030967493749%
641.303483791222,7363.42287946429,10.4886162898768%
641.501205410505,7396.77551339286,10.4362987255594%
641.698912897862,7405.94261160714,10.3920480486759%
641.896606251002,7350.51742559524,10.3472538006809%
642.094285467639,7309.883125,10.3353306099139%
642.291950545484,7336.73427083333,10.2913342676579%
642.489601482248,7340.60265625,10.2972936491868%
642.687238275643,7282.576875,10.2761187623404%
642.88486092338,7293.30433035714,10.2572509341835%
643.082469423171,7376.39334821428,10.2414788395779%
643.280063772728,7357.37649553571,10.1985489066255%
643.477643969763,7321.06568452381,10.1556491765607%
643.675210011986,7299.96835565476,10.1359044179279%
643.87276189711,7348.76202380952,10.1124059966196%
644.070299622846,7344.30850446429,10.0579113657749%
644.267823186906,7296.13247767857,10.0275672477245%
644.465332587,7292.81671875,10.0111686775889%
644.662827820842,7321.81335565476,9.97518655918251%
644.860308886143,7316.35210565476,9.99883848171221%
645.057775780613,7272.66210565476,9.98620390415762%
645.255228501965,7239.40699404762,9.95713930412784%
645.45266704791,7282.54436755952,9.90194120131559%
645.650091416161,7306.5998735119,9.90865944982364%
645.847501604427,7231.70273065476,9.88667757525019%
646.044897610422,7218.47220238095,9.86396785054584%
646.242279431856,7294.27955357143,9.84280127219881%
646.439647066442,7306.43733630952,9.84114430849487%
646.637000511891,7235.40857886905,9.81113657132517%
646.834339765914,7316.5796577381,9.82202014430471%
647.031664826223,7364.10553571429,9.83682997844753%
647.228975690529,7336.40919642857,9.80288857883317%
647.426272356545,7314.79174851191,9.78497023470629%
647.623554821982,7333.54854166667,9.78374435704851%
647.820823084551,7383.74002976191,9.76988243351562%
648.018077141964,7380.42427083333,9.75218007288376%
648.215316991933,7331.5980952381,9.74326898903836%
648.412542632169,7347.68927827381,9.75812520915892%
648.609754060384,7393.26470982143,9.75574677841294%
648.80695127429,7368.39651785714,9.74407646069567%
649.004134271597,7330.07024553571,9.7113015703053%
649.201303050018,7324.60899553571,9.67864802731515%
649.398457607264,7393.36223214286,9.70848248839008%
649.595597941047,7384.09761160714,9.72237744705659%
649.792724049079,7364.85320684524,9.72723977526732%
649.98983592907,7349.93229166667,9.71503979296485%
650.186933578733,7432.46868303572,9.69048612921553%
650.384016995779,7424.79692708333,9.65921250538791%
650.58108617792,7358.77431547619,9.64784339487887%
650.778141122868,7354.25578125,9.64189984284997%
650.975181828333,7305.16954613095,9.57766267283329%
651.172208292028,7265.44545386905,9.52813874352259%
651.369220511664,7186.32234375,9.51697672981475%
651.566218484953,7176.27754464286,9.51713853175769%
651.763202209607,7330.94794642857,9.53167388797389%
651.960171683336,7309.49303571429,9.51082045041028%
652.157126903853,7262.19470982143,9.4984446436238%
652.354067868869,7281.37409970238,9.49971530227668%
652.550994576095,7329.87520089286,9.46600479535405%
652.747907023245,7372.29741071428,9.46058803082353%
652.944805208028,7367.55132440476,9.4626180532039%
653.141689128157,7369.27421875,9.44675175707837%
653.338558781342,7428.04767113095,9.42333385491267%
653.535414165297,7405.81258184524,9.36604406807185%
653.732255277732,7373.72773809524,9.32188213411266%
653.929082116359,7326.62445684524,9.28031983779483%
654.125894678889,7420.89603422619,9.27093751644997%
654.322692963035,7367.0962202381,9.28562717468386%
654.519476966507,7309.883125,9.27214022834522%
654.716246687017,7330.65537946429,9.25629065008527%
654.913002122278,7369.89186011905,9.20051190818135%
655.10974327,7385.33289434524,9.21085039407919%
655.306470127895,7338.84725446429,9.17530985706291%
655.503182693675,7358.44924107143,9.15633464797684%
655.699880965051,7388.87620535714,9.1148994326509%
655.896564939735,7241.29242559524,9.05797427296083%
656.093234615439,7222.63315476191,9.04839417359128%
656.289889989874,7223.51085565476,9.00961039077666%
656.486531060751,7266.38816964286,9.0030499798812%
656.683157825783,7266.38816964286,9.00449559485525%
656.87977028268,7210.60540178571,8.94926918810969%
657.076368429156,7161.09656994048,8.92163715439578%
657.27295226292,7189.21550595238,8.90756051919392%
657.469521781685,7178.78061755952,8.90046032235986%
657.666076983162,7122.54274553571,8.89096606647167%
657.862617865063,7145.42798363095,8.92618289387842%
658.059144425099,7162.68943452381,8.89426978858127%
658.255656660983,7093.87118303572,8.87000159240645%
658.452154570425,7066.0448139881,8.8484466285116%
658.648638151138,7066.07732142857,8.84227699293343%
658.845107400832,7127.54889136905,8.81367964107873%
659.04156231722,7171.75901041667,8.84674011615568%
659.238002898013,7085.90686011905,8.80622678097875%
659.434429140922,7086.58951636905,8.7981162068607%
659.63084104366,7148.9062797619,8.79184095753694%
659.827238603938,7138.73145089286,8.79172773889451%
660.023621819467,7113.86325892857,8.78992232534331%
660.219990687959,7095.46404761905,8.7850336967309%
660.416345207126,7163.59964285714,8.7863422734214%
660.612685374679,7139.47912202381,8.7518652597138%
660.80901118833,7062.72905505952,8.70213632492873%
661.00532264579,7018.71398065476,8.716351448975%
661.201619744771,7054.95977678571,8.69095013854924%
661.397902482985,7088.47494791667,8.67900229442676%
661.594170858143,7064.45194940476,8.68156302182641%
661.790424867957,7047.41805059524,8.6767276273863%
661.986664510139,7058.56810267857,8.64411192170924%
662.182889782399,7088.89754464286,8.65584544263401%
662.37910068245,7063.76929315476,8.65365422347475%
662.575297208003,7076.47970238095,8.61698371592465%
662.77147935677,7087.04462053571,8.58687753667282%
662.967647126463,7031.09931547619,8.57373060060827%
663.163800514792,6971.41565476191,8.54685722632131%
663.35993951947,6983.15084077381,8.53822880666202%
663.556064138208,7023.26502232143,8.55718739502236%
663.752174368718,6989.48979166667,8.53392071262409%
663.948270208712,6946.25489583333,8.52151300723204%
664.1443516559,6938.77818452381,8.50317824965364%
664.340418707995,6954.70683035714,8.48700132030476%
664.536471362708,6940.20851190476,8.51128835617445%
664.732509617751,6924.37738839286,8.52269388522606%
664.928533470835,6975.57660714286,8.55198894224202%
665.124542919672,7027.03588541667,8.50861670178941%
665.320537961974,7043.19208333333,8.5207027619832%
665.516518595452,6980.12764880952,8.52442664671757%
665.712484817818,6944.04438988095,8.50342828163796%
665.908436626782,7017.93380208333,8.48900664114934%
666.104374020059,7006.32864583333,8.47339458678818%
666.300296995357,6958.70524553571,8.45233404472543%
666.49620555039,7014.26046130952,8.46538001047982%
666.692099682868,7029.8640327381,8.46244239665056%
666.887979390504,7080.54313244048,8.49106542274735%
667.083844671008,7087.72727678571,8.50171353045756%
667.279695522094,7091.72569196429,8.50725501888293%
667.475531941471,7159.60122767857,8.52044980965884%
667.671353926852,7147.54096726191,8.50438727078481%
667.867161475948,7098.8123139881,8.50020140928117%
668.062954586471,7106.15899553571,8.51683446690855%
668.258733256133,7138.34136160714,8.5278127403678%
668.454497482645,7163.24206101191,8.50758719487073%
668.650247263719,7081.38832589286,8.4783276616998%
668.845982597066,7064.35442708333,8.46029498851271%
669.041703480397,7050.01864583333,8.43315666687998%
669.237409911426,7042.05432291667,8.44700113219669%
669.433101887862,7004.99584077381,8.44837732394673%
669.628779407418,7037.56829613095,8.45093741966686%
669.824442467806,7066.33738095238,8.45183256559183%
670.020091066736,7070.10824404762,8.47159431262574%
670.215725201921,7062.40398065476,8.49710622397378%
670.411344871071,7064.35442708333,8.50763065238204%
670.6069500719,7108.07693452381,8.50935897640225%
670.802540802118,7098.29219494048,8.50398649255265%
670.998117059436,7037.50328125,8.48951936223959%
671.193678841567,7008.2790922619,8.49111252067276%
671.389226146223,7037.04817708333,8.46488757740863%
671.584758971114,7011.78989583333,8.47049592782714%
671.780277313952,7005.84103422619,8.48052855710336%
671.975781172449,7007.07631696428,8.49141863938908%
672.171270544316,7070.01072172619,8.49863928068415%
672.366745427266,7102.25810267857,8.50508234409566%
672.562205819009,7038.60853422619,8.51908940004742%
672.757651717257,7055.05729910714,8.5216848186751%
672.953083119722,7119.61707589286,8.5284392107895%
673.148500024116,7134.44046875,8.52791848819189%
673.343902428149,7120.65731398809,8.54968763147888%
673.539290329535,7135.87079613095,8.54827100791148%
673.734663725983,7132.13244047619,8.54779823743322%
673.930022615206,7154.7901264881,8.56946223624361%
674.125366994916,7100.92529761905,8.56969407887604%
674.320696862824,7058.76314732143,8.54674041583661%
674.516012216641,7114.5134077381,8.55505561479709%
674.71131305408,7078.65770089286,8.54308651957953%
674.906599372851,7055.18732886905,8.55489844260863%
675.101871170667,7023.1675,8.57064523343988%
675.297128445239,7075.40695684524,8.57898753204262%
675.492371194278,7154.07496279762,8.58820135583441%
675.687599415497,7149.03630952381,8.60007301281764%
675.882813106606,7137.72372023809,8.61357238601063%
676.078012265318,7185.05455357143,8.62706162990883%
676.273196889344,7222.92572172619,8.63006520474463%
676.468366976395,7156.57803571428,8.6381818733396%
676.663522524184,7187.8176860119,8.64066982742929%
676.858663530421,7239.17944196429,8.64189330657214%
677.053789992819,7192.01114583333,8.6285188719973%
677.248901909089,7199.71540922619,8.65958858659588%
677.443999276942,7170.45871279762,8.66163317659587%
677.63908209409,7181.93383928571,8.66178433565424%
677.834150358245,7198.35009672619,8.66372366768244%
678.029204067119,7159.69875,8.65124618764018%
678.224243218422,7166.03770089286,8.66778209634487%
678.419267809867,7250.78459821428,8.70026525198938%
678.614277839165,7257.77369791667,8.71906639913282%
678.809273304028,7216.65178571429,8.72304180142163%
679.004254202168,7219.21987351191,8.75114604175917%
679.199220531295,7297.49779017857,8.78485515937081%
679.394172289121,7303.12157738095,8.81066663592598%
679.589109473359,7181.70628720238,8.85003565948434%
679.78403208172,7169.87357886905,8.85791224457468%
679.978940111915,7202.31600446429,8.86121339809936%
680.173833561656,7198.28508184524,8.86402753872634%
680.368712428654,7133.33521577381,8.89203809743043%
680.563576710622,7163.7946875,8.88966178353744%
680.75842640527,7184.11183779762,8.90439300245971%
680.95326151031,7196.91976934524,8.92716822460786%
681.148082023455,7211.19053571429,8.9704456494416%
681.342887942415,7176.40757440476,8.97399256930552%
681.537679264902,7220.42264880952,9.01082562039574%
681.732455988627,7221.52790178571,9.02041782310291%
681.927218111303,7194.12412946429,9.06175819639232%
682.121965630641,7198.0575297619,9.10012532514274%
682.316698544353,7265.77052827381,9.13209428674588%
682.511416850149,7296.91265625,9.17152184148874%
682.706120545742,7228.09440476191,9.19962622225466%
682.900809628844,7249.25674851191,9.26696920592741%
683.095484097165,7300.45596726191,9.30234220530145%
683.290143948418,7315.70195684524,9.34362338634558%
683.484789180314,7288.49322916667,9.37398651592929%
683.679419790564,7303.93426339286,9.43520465296982%
683.874035776881,7341.51286458333,9.50158766889069%
684.068637136976,7363.87798363095,9.56809464604088%
684.26322386856,7330.98045386905,9.64869569190656%
684.457795969345,7386.73071428571,9.71075737026198%
684.652353437043,7460.6201264881,9.80135740533997%
684.846896269365,7483.79793154762,9.88201642577996%
685.041424464023,7466.95907738095,9.95870273817251%
685.235938018728,7459.67741071429,10.039323190413%
685.430436931193,7502.19714285714,10.1207759423104%
685.624921199128,7556.22450892857,10.2335380211986%
685.819390820245,7550.0480952381,10.3542346900981%
686.013845792256,7553.88397321429,10.4400096861958%
686.208286112873,7616.78587053571,10.5546129419659%
686.402711779806,7612.81996279762,10.6644671612705%
686.597122790768,7545.5295610119,10.7713042561497%
686.791519143471,7586.84651785714,10.8804866656794%
686.985900835625,7643.89707589286,10.9896931582447%
687.180267864943,7672.60114583333,11.1312585575251%
687.374620229135,7675.81938244048,11.2666676153748%
687.568957925914,7713.36547619048,11.423484862489%
687.763280952992,7794.34151041667,11.6044487083822%
687.957589308079,7838.84419642857,11.7829257000679%
688.151882988888,7816.99919642857,11.9451133627153%
688.346161993129,7878.99088541667,12.1296879700742%
688.540426318516,7914.5865327381,12.3235311637512%
688.734675962758,7942.67296130952,12.5291618122702%
688.928910923568,7957.43133928571,12.7426851062504%
689.123131198658,7990.75146577381,12.9928717870972%
689.317336785738,8104.62502976191,13.2521996336659%
689.511527682521,8174.84110119048,13.5093361289774%
689.705703886719,8179.0345610119,13.7438899367329%
689.899865396042,8248.34042410714,14.0095216388657%
690.094012208202,8381.26334821428,14.2975431206529%
690.288144320911,8449.65900297619,14.6033860341997%
690.482261731881,8493.96664434524,14.8857402340932%
690.676364438824,8638.75478422619,15.208711947106%
690.870452439449,8757.27691220238,15.5387131088177%
691.064525731471,8816.14788690476,15.8811908630547%
691.258584312599,8833.60438244048,16.2141678485226%
691.452628180545,8896.31123511905,16.5616598571342%
691.646657333022,9031.31463541666,16.9253727120993%
691.840671767741,9090.3806547619,17.2534354342117%
692.034671482413,9124.2534077381,17.5990756853422%
692.228656474749,9248.04174107143,17.9948833743664%
692.422626742463,9359.41223214285,18.3713157439667%
692.616582283264,9450.01046875,18.7779513982435%
692.810523094865,9471.69293154762,19.1592027024918%
693.004449174978,9586.21664434524,19.5684490036766%
693.198360521313,9727.36395089286,19.9903573454339%
693.392257131583,9794.29677083333,20.3795481326759%
693.586139003499,9854.72810267857,20.8192641229818%
693.780006134773,9954.59095982143,21.2579676582605%
693.973858523116,10094.1779092262,21.7280400178286%
694.16769616624,10189.2296651786,22.2029881182467%
694.361519061856,10267.2475223214,22.6440212719706%
694.555327207677,10370.296108631,23.12008691762%
694.749120601413,10463.2998958333,23.6003358426824%
694.942899240777,10546.8440178571,24.0919508890915%
695.136663123479,10619.0755505952,24.577651563606%
695.330412247232,10758.044858631,25.0900433515742%
695.524146609747,10928.3838467262,25.5908376464837%
695.717866208735,10994.7315327381,26.0811564192418%
695.91157104191,11060.5590997024,26.589677584515%
696.10526110698,11172.8723065476,27.0976404922706%
696.29893640166,11326.7950372024,27.6036512540522%
696.492596923659,11470.9980431548,28.1232590133367%
696.68624267069,11514.36296875,28.6202802522412%
696.879873640464,11625.1808333333,29.1537909114826%
697.073489830693,11761.1919642857,29.7052405942158%
697.267091239089,11855.3660193452,30.2129065424154%
697.460677863362,11956.8542485119,30.7612133051787%
697.654249701225,12077.0342559524,31.2898505501958%
697.84780675039,12238.0111011905,31.8333243091514%
698.041349008567,12350.9744568452,32.3702429296954%
698.234876473469,12399.3130208333,32.8746085795931%
698.428389142807,12515.202046131,33.4310540859401%
698.621887014292,12708.5237946429,34.0230012968725%
698.815370085636,12837.6758556548,34.5538417183221%
699.008838354552,12934.8080877976,35.1226432886232%
699.20229181875,13081.9367633929,35.6858836983851%
699.395730475942,13243.8238169643,36.2205556594975%
699.589154323839,13316.6079761905,36.771745267175%
699.782563360154,13431.3592410714,37.3268458581615%
699.975957582597,13614.1160714286,37.9220812625213%
700.169336988881,13830.8756845238,38.5078017832647%
700.362701576717,13950.9906770833,39.1282837353222%
700.556051343816,14018.2485714286,39.7215939995992%
700.749386287891,14178.5427604167,40.3031252727941%
700.942706406653,14400.015952381,40.9303131348852%
701.136011697812,14542.4635565476,41.538364588913%
701.329302159082,14665.50421875,42.1043588818446%
701.522577788174,14803.335766369,42.7180195489023%
701.715838582798,14969.351264881,43.3059052139222%
701.909084540668,15106.5976785714,43.9216580085091%
702.102315659493,15191.1170238095,44.4718505272245%
702.295531936987,15360.2207291667,45.1013082483005%
702.48873337086,15539.6618005952,45.6954192926054%
702.681919958825,15677.265796131,46.2615281378329%
702.875091698592,15756.7139806548,46.8847579805765%
703.068248587873,15908.556235119,47.4534747368753%
703.261390624381,16082.9911607143,48.046426603609%
703.454517805826,16216.434203869,48.6927748029688%
703.64763012992,16324.2288764881,49.2805982574746%
703.840727594375,16446.4568526786,49.8610385359663%
704.033810196902,16605.8083258929,50.4362598258982%
704.226877935214,16727.80875,51.0235207274795%
704.41993080702,16821.8527752976,51.6028955532575%
704.612968810034,16958.6440848214,52.1960470722004%
704.805991941967,17212.3321502976,52.7801381385174%
704.99900020053,17323.8651785714,53.3511810345446%
705.191993583434,17552.4575,53.9290945372696%
705.384972088393,17678.4563392857,54.5466287780935%
705.577935713116,17830.1685639881,55.1208709829271%
705.770884455316,18002.1004166667,55.7235737351992%
705.963818312705,18136.8437574405,56.3488599788103%
706.156737282993,18316.9349776786,56.9680909096129%
706.349641363893,18472.7431398809,57.5819048002161%
706.542530553116,18599.6521875,58.2022601144434%
706.735404848374,18647.9582440476,58.7892809998878%
706.928264247378,18802.7911830357,59.3726614398048%
707.12110874784,18957.429077381,59.9765589453253%
707.313938347471,19098.3163244048,60.5561368939068%
707.506753043984,19169.3450818452,61.1268762063899%
707.699552835089,19333.7352083333,61.7520231555319%
707.892337718498,19507.8450595238,62.4279081433347%
708.085107691924,19640.2478645833,63.0226814290843%
708.277862753076,19689.106547619,63.6242706848493%
708.470602899668,19834.3497916667,64.2343751804085%
708.663328129411,19981.5109747024,64.8018792737017%
708.856038440015,20023.5105877976,65.4878062878976%
709.048733829194,20109.2652157738,66.0679043559922%
709.241414294658,20088.7530208333,66.6468038454807%
709.434079834119,20337.695,67.2534391144018%
709.626730445289,20472.3408184524,67.8046352969428%
709.819366125879,20554.8772098214,68.4127321614793%
710.011986873601,20643.8500744048,68.9249406649861%
710.204592686166,20773.5547619048,69.5273325945494%
710.397183561287,20902.316733631,70.103974473073%
710.589759496673,21022.6592782738,70.7163071723316%
710.782320490039,21177.0696205357,71.2945031596194%
710.974866539094,21376.9903794643,71.8988287198133%
711.16739764155,21511.4411532738,72.4557301237733%
711.35991379512,21562.8029092262,73.0570390756539%
711.552414997514,21729.1434821429,73.6480051871213%
711.744901246444,21898.7998139881,74.2277412453699%
711.937372539622,22020.4101488095,74.7515408376251%
712.12982887476,22100.1834077381,75.3090496217256%
712.322270249568,22245.654203869,75.9266420170404%
712.514696661759,22398.8942782738,76.5152030917516%
712.707108109045,22550.6715178571,77.1592188852026%
712.899504589136,22635.450922619,77.7035112683473%
713.091886099744,22767.4961458333,78.3292368310639%
713.284252638582,22952.4634821429,78.9837193530726%
713.47660420336,23000.672016369,79.571040358575%
713.66894079179,23119.3566815476,80.2275798927497%
713.861262401584,23263.7547321429,80.7992691864026%
714.053569030454,23430.5179017857,81.4461253688947%
714.24586067611,23561.88046875,82.0366482542141%
714.438137336265,23630.4711681548,82.6123687974667%
714.630399008631,23776.6896354167,83.1842899421224%
714.822645690917,23925.05359375,83.7933514102472%
715.014877380838,23982.5267485119,84.3341598354974%
715.207094076103,24081.0893080357,84.9970564991477%
715.399295774425,24224.1545535714,85.5759561755317%
715.591482473515,24374.8265401786,86.1879584329728%
715.783654171084,24484.9942559524,86.752754080078%
715.975810864845,24597.3074627976,87.4243687566216%
716.167952552509,24739.5925297619,88.0731146016525%
716.360079231788,24897.3186309524,88.6402225962816%
716.552190900393,25005.2108258929,89.2019586072387%
716.744287556035,25092.2657514881,89.7682540709143%
716.936369196427,25222.8806473214,90.3046171080118%
717.128435819279,25372.4798883929,90.8928807873946%
717.320487422305,25509.49875,91.4883436052521%
717.512524003214,25564.9239360119,92.0579810140485%
717.704545559719,25639.4309895833,92.6273565274371%
717.896552089531,25753.0119866071,93.2181294751606%
718.088543590363,25846.1132961309,93.7444143919239%
718.280520059924,25895.6546354167,94.3190844504795%
718.472481495928,26057.2166145833,94.8757364233277%
718.664427896086,26160.7203050595,95.4301469119195%
718.856359258109,26234.2196279762,95.9602901079241%
719.048275579709,26306.8737574405,96.5058963277179%
719.240176858597,26409.3047023809,97.0310009539667%
719.432063092485,26572.7521130952,97.5726054361069%
719.623934279085,26678.6288467262,98.0648498357857%
719.815790416109,26740.2954613095,98.6244123796954%
720.007631501267,26800.3041964286,99.0779609527737%
720.199457532271,26887.5216592262,99.534984447566%
720.391268506834,26977.89234375,100%
720.583064422667,27073.3992038691,100%
720.77484527748,27161.1367857143,100%
720.966611068987,27250.95484375,100%
721.158361794898,27330.4680431548,100%
721.350097452925,27353.4508035714,100%
721.54181804078,27473.5983035714,100%
721.733523556174,27606.9763318452,100%
721.925213996819,27718.8344345238,100%
722.116889360426,27773.8370238095,100%
722.308549644707,27926.4594568452,100%
722.500194847374,28106.1605877976,100%
722.691824966138,28188.6644717262,100%
722.883439998712,28262.5538839286,100%
723.075039942805,28389.6579761905,100%
723.266624796131,28471.9343080357,100%
723.4581945564,28535.1612797619,100%
723.649749221324,28609.9934077381,100%
723.841288788615,28723.444375,100%
724.032813255985,28856.9199255952,100%
724.224322621144,28980.5132142857,100%
724.415816881806,29084.6670535714,100%
724.60729603568,29149.6819345238,100%
724.798760080479,29289.5939583333,100%
724.990209013915,29414.7801116071,100%
725.181642833698,29464.2564360119,100%
725.373061537542,29566.9799479167,100%
725.564465123156,29652.604546131,100%
725.755853588253,29718.2695758929,100%
725.947226930545,29759.7815773809,100%
726.138585147742,29819.4977455357,100%
726.329928237558,29886.755639881,100%
726.521256197702,29892.9645610119,100%
726.712569025887,29920.2708110119,100%
726.903866719824,29987.5287053571,100%
727.095149277226,30081.7677752976,100%
727.286416695803,30224.8330208333,100%
727.477668973267,30218.4940699405,100%
727.66890610733,30201.6227083333,100%
727.860128095703,30303.6960714286,100%
728.051334936098,30408.6625967262,100%
728.242526626227,30406.5496130952,100%
728.433703163801,30409.1827157738,100%
728.624864546532,30517.2699553571,100%
728.816010772131,30587.5510416667,100%
729.007141838309,30583.4876116071,100%
729.19825774278,30605.0725520833,100%
729.389358483254,30731.4289732143,100%
729.580444057442,30829.6989657738,100%
729.771514463056,30896.1116666667,100%
729.962569697809,30919.614546131,100%
730.153609759411,31080.591391369,100%
730.344634645574,31151.9777306548,100%
730.53564435401,31180.2592038691,100%
730.72663888243,31231.0683333333,100%
730.917618228546,31342.9914508929,100%
731.10858239007,31416.6858184524,100%
731.299531364712,31365.6491369048,100%
731.490465150186,31426.6330952381,100%
731.681383744201,31597.2971577381,100%
731.872287144471,31653.7950892857,100%
732.063175348706,31605.684077381,100%
732.254048354618,31650.056733631,100%
732.444906159919,31784.7675669643,100%
732.63574876232,31824.8492410714,100%
732.826576159533,31765.8482366071,100%
733.017388349269,31825.2718377976,100%
733.208185329241,31940.4782068452,100%
733.398967097159,31971.1002157738,100%
733.589733650735,31934.3017931548,100%
733.780484987682,31927.1176488095,100%
733.971221105709,32038.5531547619,100%
734.16194200253,32053.0189657738,100%
734.352647675855,32034.5872470238,100%
734.543338123397,32047.362671131,100%
734.734013342867,32150.0861830357,100%
734.924673331976,32258.6285267857,100%
735.115318088435,32178.7902529762,100%
735.305947609958,32201.57796875,100%
735.496561894255,32316.4917708333,100%
735.687160939038,32350.2670014881,100%
735.877744742018,32281.3512276786,100%
736.068313300907,32308.2673883929,100%
736.258866613416,32416.9397619048,100%
736.449404677258,32427.1796056548,100%
736.639927490144,32398.2804910714,100%
736.830435049785,32457.1514657738,100%
737.020927353893,32524.1493005952,100%
737.21140440018,32611.6918377976,100%
737.401866186357,32534.3891443452,100%
737.592312710136,32569.5621949405,100%
737.782743969228,32683.1431919643,100%
737.973159961345,32693.5130654762,100%
738.163560684199,32621.5090848214,100%
738.3539461355,32662.4359523809,100%
738.544316312962,32732.7820535714,100%
738.734671214295,32779.852827381,100%
738.925010837211,32639.3881770833,100%
739.115335179422,32680.7701488095,100%
739.305644238638,32777.122202381,100%
739.495938012573,32826.2734523809,100%
739.686216498937,32739.9336904762,100%
739.876479695442,32737.463125,100%
740.066727599799,32856.7004166667,100%
740.25696020972,32871.9789136905,100%
740.447177522918,32811.255014881,100%
740.637379537102,32823.0877232143,100%
740.827566249986,32897.269702381,100%
741.01773765928,32981.2039136905,100%
741.207893762696,32883.2264880952,100%
741.398034557946,32890.7682142857,100%
741.588160042741,32943.8853720238,100%
741.778270214794,32959.9765550595,100%
741.968365071814,32904.2913095238,100%
742.158444611515,32994.0768601191,100%
742.348508831608,33028.1771651786,100%
742.538557729804,33041.862797619,100%
742.728591303814,32923.763266369,100%
742.918609551352,32934.7182738095,100%
743.108612470127,33035.4913392857,100%
743.298600057852,33035.0687425595,100%
743.488572312238,32931.5975595238,100%
743.678529230998,32962.8697172619,100%
743.868470811841,33084.1549776786,100%
744.058397052481,33086.5605282738,100%
744.248307950629,33034.0610119048,100%
744.438203503996,33045.7961979167,100%
744.628083710293,33071.1845089286,100%
744.817948567234,33149.2998883929,100%
745.007798072528,32999.4080803571,100%
745.197632223888,33003.5365252976,100%
745.387451019025,33083.8624107143,100%
745.577254455651,33090.9165252976,100%
745.767042531478,33025.9016443452,100%
745.956815244216,33009.1928199405,100%
746.146572591578,33039.0021428571,100%
746.336314571276,33068.6814360119,100%
746.52604118102,32998.4978720238,100%
746.715752418523,33011.0457440476,100%
746.905448281496,33104.9922470238,100%
747.09512876765,33061.8548735119,100%
747.284793874698,32997.55515625,100%
747.47444360035,32984.2596130952,100%
747.664077942319,33006.7872693452,100%
747.853696898316,32964.3325520833,100%
748.043300466053,32865.5099330357,100%
748.23288864324,32793.7009970238,100%
748.422461427591,32854.3598809524,100%
748.612018816816,32894.2140029762,100%
748.801560808627,32710.3519196429,100%
748.991087400736,32716.7558854167,100%
749.180598590854,32763.1114955357,100%
749.370094376692,32776.7321130952,100%
749.559574755963,32703.4928497024,100%
749.749039726378,32645.8896651786,100%
749.938489285649,32708.043891369,100%
750.127923431487,32683.0456696429,100%
750.317342161604,32565.0111532738,100%
750.50674547371,32550.0902380952,100%
750.69613336552,32606.5231547619,100%
750.885505834742,32610.7816294643,100%
751.07486287909,32548.1722991071,100%
751.264204496274,32515.8924107143,100%
751.453530684007,32596.4783556548,100%
751.64284144,32611.3667633929,100%
751.832136761964,32529.0904315476,100%
752.021416647612,32524.474375,100%
752.210681094654,32620.72890625,100%
752.399930100803,32600.8343526786,100%
752.589163663769,32504.8073735119,100%
752.778381781266,32516.1849776786,100%
752.967584451003,32566.5715104167,100%
753.156771670693,32552.5608035714,100%
753.345943438047,32433.3560193452,100%
753.535099750777,32419.6378794643,100%
753.724240606595,32485.0753571429,100%
753.913366003212,32477.4036011905,100%
754.10247593834,32350.8196279762,100%
754.29157040969,32317.1744270833,100%
754.480649414974,32368.2761235119,100%
754.669712951903,32342.7252752976,100%
754.85876101819,32212.2729166667,100%
755.047793611545,32207.8193973214,100%
755.23681072968,32248.0961160714,100%
755.425812370308,32230.0219791667,100%
755.614798531139,32121.5121428571,100%
755.803769209885,32124.0477232143,100%
755.992724404257,32149.5010491071,100%
756.181664111968,32125.4130357143,100%
756.370588330729,32061.2108407738,100%
756.559497058252,32045.0546428571,100%
756.748390292247,32097.9767559524,100%
756.937268030427,32078.9273958333,100%
757.126130270504,32008.451264881,100%
757.314977010188,31979.1295535714,100%
757.503808247192,32037.0253050595,100%
757.692623979226,32042.0639583333,100%
757.881424204004,31950.9456026786,100%
758.070208919236,31947.4022916667,100%
758.258978122633,32069.5002380952,100%
758.447731811908,32070.8005357143,100%
758.636469984772,31959.1049702381,100%
758.825192638937,31918.3081324405,100%
759.013899772114,31922.6316220238,100%
759.202591382015,31904.1348883929,100%
759.391267466351,31834.5039508929,100%
759.579928022834,31873.285327381,100%
759.768573049176,31928.0603645833,100%
759.957202543088,31944.3140848214,100%
760.145816502282,31857.8117857143,100%
760.334414924469,31790.5863988095,100%
760.522997807362,31862.2978125,100%
760.711565148671,31812.4313988095,100%
760.900116946108,31733.9584375,100%
761.088653197385,31689.0981696429,100%
761.277173900213,31753.690453869,100%
761.465679052305,31742.1178050595,100%
761.654168651371,31609.1948809524,100%
761.842642695123,31558.6783184524,100%
762.031101181273,31621.937797619,100%
762.219544107532,31601.7181696429,100%
762.407971471613,31474.6790922619,100%
762.596383271226,31482.7409375,100%
762.784779504083,31535.0779166667,100%
762.973160167896,31551.8192485119,100%
763.161525260376,31484.6588764881,100%
763.349874779235,31405.535766369,100%
763.538208722185,31418.57125,100%
763.726527086937,31374.2311011905,100%
763.914829871203,31245.794203869,100%
764.103117072694,31234.9042113095,100%
764.291388689122,31287.2736979167,100%
764.479644718198,31247.3545610119,100%
764.667885157635,31181.006875,100%
764.856110005144,31146.8740625,100%
765.044319258436,31186.4356175595,100%
765.232512915222,31206.9153050595,100%
765.420690973216,31092.7491741071,100%
765.608853430127,31117.7799032738,100%
765.797000283668,31202.1042038691,100%
765.985131531551,31177.0409672619,100%
766.173247171486,31037.8766145833,100%
766.361347201186,30992.528735119,100%
766.549431618362,31027.8643229167,100%
766.737500420726,31037.8441071429,100%
766.925553605989,30925.2058258929,100%
767.113591171863,30890.87796875,100%
767.301613116059,30932.0323883929,100%
767.48961943629,30914.7384300595,100%
767.677610130266,30820.1092708333,100%
767.8655851957,30795.1435565476,100%
768.053544630302,30856.3225595238,100%
768.241488431785,30806.5536681548,100%
768.42941659786,30695.8658333333,100%
768.617329126239,30655.0689955357,100%
768.805226014633,30729.1859598214,100%
768.993107260754,30699.799233631,100%
769.180972862313,30543.5684747024,100%
769.368822817023,30570.6471726191,100%
769.556657122594,30592.6547098214,100%
769.744475776738,30569.7694717262,100%
769.932278777167,30531.735766369,100%
770.120066121593,30497.5379389881,100%
770.307837807727,30564.6332961309,100%
770.49559383328,30516.5872991071,100%
770.683334195965,30408.1099702381,100%
770.871058893492,30393.156547619,100%
771.058767923574,30442.3728125,100%
771.246461283922,30433.4657738095,100%
771.434138972248,30346.2808184524,100%
771.621800986262,30306.7842782738,100%
771.809447323678,30369.9137276786,100%
771.997077982206,30310.7176785714,100%
772.184692959558,30255.1299553571,100%
772.372292253446,30231.9196428571,100%
772.559875861581,30335.3258110119,100%
772.747443781675,30258.3806994048,100%
772.934996011439,30237.3483854167,100%
773.122532548585,30237.2508630952,100%
773.310053390825,30282.9563244048,100%
773.49755853587,30241.5093377976,100%
773.685047981431,30145.9699702381,100%
773.872521725221,30072.4056324405,100%
774.059979764952,30111.0894866071,100%
774.247422098333,30085.6686681548,100%
774.434848723079,30002.1895610119,100%
774.622259636898,29978.4266220238,100%
774.809654837504,29989.9992708333,100%
774.997034322608,29973.7130431548,100%
775.184398089922,29855.9385863095,100%
775.371746137157,29797.3601785714,100%
775.559078462024,29817.9048809524,100%
775.746395062236,29765.3078422619,100%
775.933695935504,29668.2731324405,100%
776.12098107954,29621.7224776786,100%
776.308250492054,29680.9835416667,100%
776.49550417076,29563.9892633929,100%
776.682742113367,29489.2871651786,100%
776.869964317589,29399.4691071429,100%
777.057170781136,29452.3587127976,100%
777.24436150172,29362.6706845238,100%
777.431536477054,29258.646875,100%
777.618695704847,29218.5652008929,100%
777.805839182812,29239.7925595238,100%
777.992966908661,29207.0900744048,100%
778.180078880105,29096.8248363095,100%
778.367175094856,29112.9160193452,100%
778.554255550625,29180.7265401786,100%
778.741320245124,29186.6428943452,100%
778.928369176064,29062.4319642857,100%
779.115402341158,29054.0450446429,100%
779.302419738116,29090.7459449405,100%
779.489421364651,29099.9130431548,100%
779.676407218473,29015.3611904762,100%
779.863377297295,28975.7996354167,100%
780.050331598828,29002.4232291667,100%
780.237270120784,28943.6497767857,100%
780.424192860874,28910.8822767857,100%
780.61109981681,28876.1643303571,100%
780.797990986303,28924.3078497024,100%
780.984866367065,28931.8495758929,100%
781.171725956809,28849.4107068452,100%
781.358569753244,28856.3672991071,100%
781.545397754083,28881.5605654762,100%
781.732209957038,28869.7928720238,100%
781.91900635982,28764.3062276786,100%
782.10578696014,28748.2475520833,100%
782.292551755711,28734.5619196429,100%
782.479300744244,28660.3149255952,100%
782.66603392345,28508.9277752976,100%
782.852751291041,28478.1107217262,100%
783.039452844728,28530.4802083333,100%
783.226138582224,28535.5188616072,100%
783.41280850124,28413.0958407738,100%
783.599462599487,28389.3003943452,100%
783.786100874678,28420.1499553571,100%
783.972723324522,28429.8046651786,100%
784.159329946733,28349.9988988095,100%
784.345920739022,28318.0765922619,100%
784.532495699101,28350.3239732143,100%
784.71905482468,28315.4759970238,100%
784.905598113472,28124.6248139881,100%
785.092125563188,28100.3092485119,100%
785.27863717154,28103.3324404762,100%
785.465132936239,28081.8775297619,100%
785.651612854998,27959.3569866071,100%
785.838076925527,27913.8465699405,100%
786.024525145538,27945.9314136905,100%
786.210957512743,27918.4301190476,100%
786.397374024853,27815.3165178571,100%
786.58377467958,27821.0703348214,100%
786.770159474636,27902.7615327381,100%
786.956528407732,27851.5298065476,100%
787.14288147658,27725.465952381,100%
787.329218678891,27730.9922172619,100%
787.515540012378,27724.4907291667,100%
787.70184547475,27681.02828125,100%
787.888135063721,27550.705952381,100%
788.074408777002,27462.0906696429,100%
788.260666612304,27474.5735267857,100%
788.446908567339,27438.6853125,100%
788.633134639818,27302.6416741071,100%
788.819344827454,27279.7564360119,100%
789.005539127957,27275.0753645833,100%
789.19171753904,27221.1455208333,100%
789.377880058414,27109.4499553571,100%
789.56402668379,27067.5478645833,100%
789.75015741288,27091.5383556548,100%
789.936272243396,27050.2213988095,100%
790.12237117305,26994.27609375,100%
790.308454199552,26971.0982886905,100%
790.494521320615,26994.0810491071,100%
790.68057253395,26926.7581398809,100%
790.866607837268,26820.7513764881,100%
791.052627228282,26768.0243080357,100%
791.238630704703,26800.6942857143,100%
791.424618264243,26803.8475074405,100%
791.610589904612,26742.440952381,100%
791.796545623523,26728.6252901786,100%
791.982485418688,26775.4360044643,100%
792.168409287817,26726.739858631,100%
792.354317228623,26651.2250744048,100%
792.540209238817,26661.8225,100%
792.72608531611,26726.5448139881,100%
792.911945458215,26708.8932738095,100%
793.097789662843,26635.2964285714,100%
793.283617927705,26610.2982068452,100%
793.469430250513,26691.4692857143,100%
793.655226628979,26740.5880282738,100%
793.841007060814,26719.2956547619,100%
794.02677154373,26708.1130952381,100%
794.212520075439,26766.9840699405,100%
794.398252653652,26768.1868452381,100%
794.58396927608,26681.2619494048,100%
794.769669940435,26695.4026860119,100%
794.955354644429,26787.6913095238,100%
795.141023385774,26808.2035044643,100%
795.326676162181,26756.4516592262,100%
795.512312971361,26753.8835714286,100%
795.697933811027,26821.4015252976,100%
795.88353867889,26852.7712053571,100%
796.06912757266,26815.5501860119,100%
796.254700490051,26830.1460267857,100%
796.440257428774,26924.1250372024,100%
796.625798386539,26956.1773735119,100%
796.81132336106,26916.4857886905,100%
796.996832350047,26928.1559598214,100%
797.182325351212,27030.0017708333,100%
797.367802362267,27036.9258556548,100%
797.553263380922,26955.2021502976,100%
797.738708404891,26923.7674553571,100%
797.924137431884,27003.7357589286,100%
798.109550459613,26990.797797619,100%
798.294947485789,26933.9097767857,100%
798.480328508125,26983.4186086309,100%
798.665693524332,27065.4673883929,100%
798.85104253212,27056.4953348214,100%
799.036375529203,27017.1288244048,100%
799.221692513292,27009.6521130952,100%
799.406993482097,27077.8202157738,100%
799.592278433332,27085.2969270833,100%
799.777547364706,27054.8699627976,100%
799.962800273933,27093.7488616071,100%
800.148037158723,27168.0933779762,100%
800.333258016788,27182.7867410714,100%
800.518462845841,27085.5244791667,100%
800.703651643591,27104.18375,100%
800.888824407752,27204.3066666667,100%
801.073981136033,27198.7804017857,100%
801.259121826149,27127.4915848214,100%
801.444246475808,27136.3986235119,100%
801.629355082724,27226.6067708333,100%
801.814447644609,27198.2602827381,100%
801.999524159172,27145.5332142857,100%
802.184584624127,27161.2993229167,100%
802.369629037184,27227.1919047619,100%
802.554657396056,27260.8371056548,100%
802.739669698454,27212.8236160714,100%
802.924665942089,27226.444233631,100%
803.109646124673,27285.7378050595,100%
803.294610243918,27296.4002455357,100%
803.479558297535,27229.6299627976,100%
803.664490283237,27271.6295758929,100%
803.849406198733,27277.2533630952,100%
804.034306041737,27270.9794270833,100%
804.21918980996,27175.8951636905,100%
804.404057501112,27182.9492782738,100%
804.588909112907,27243.9332366071,100%
804.773744643055,27242.1778348214,100%
804.958564089268,27178.4307440476,100%
805.143367449258,27182.5591889881,100%
805.328154720736,27276.6357217262,100%
805.512925901414,27249.0369047619,100%
805.697680989003,27186.2000223214,100%
805.882419981216,27179.1134002976,100%
806.067142875763,27225.5990401786,100%
806.251849670356,27210.7756473214,100%
806.436540362708,27107.9871205357,100%
806.621214950528,27079.6406324405,100%
806.80587343153,27062.0215997024,100%
806.990515803424,27105.2239880952,100%
807.175142063923,27009.7821428571,100%
807.359752210737,27000.8100892857,100%
807.544346241579,26994.5686607143,100%
807.72892415416,27013.7155431548,100%
807.913485946191,26932.0243452381,100%
808.098031615385,26926.075483631,100%
808.282561159453,26978.2499255952,100%
808.467074576106,26983.7111755952,100%
808.651571863056,26900.7846949405,100%
808.836053018014,26872.2431622024,100%
809.020518038693,26930.7890625,100%
809.204966922804,26892.9829092262,100%
809.389399668058,26836.1599032738,100%
809.573816272167,26847.4074776786,100%
809.758216732842,26910.5044196429,100%
809.942601047796,26910.8620014881,100%
810.12696921474,26800.9543452381,100%
810.311321231384,26782.5551339286,100%
810.495657095443,26824.1321502976,100%
810.679976804625,26819.7761532738,100%
810.864280356644,26696.4104166667,100%
811.04856774921,26710.6486755952,100%
811.232838980036,26784.8956696429,100%
811.417094046833,26777.809047619,100%
811.601332947312,26736.5571056548,100%
811.785555679186,26743.0260863095,100%
811.969762240165,26751.9006175595,100%
812.153952627961,26730.8683035714,100%
812.338126840287,26637.5719494048,100%
812.522284874853,26600.1883928571,100%
812.706426729371,26707.0403497024,100%
812.890552401553,26688.0560044643,100%
813.074661889111,26605.6171354167,100%
813.258755189755,26579.9687648809,100%
813.442832301198,26646.1539136905,100%
813.62689322115,26634.8413244048,100%
813.810937947325,26537.3515104167,100%
813.994966477433,26534.100766369,100%
814.178978809186,26550.484516369,100%
814.362974940295,26536.21375,100%
814.546954868473,26486.8999627976,100%
814.73091859143,26467.3304836309,100%
814.914866106879,26517.2619122024,100%
815.09879741253,26447.0458407738,100%
815.282712506096,26370.32828125,100%
815.466611385288,26286.1665178571,100%
815.650494047817,26280.0226116071,100%
815.834360491397,26284.8012053571,100%
816.018210713736,26216.5030729167,100%
816.202044712549,26169.62734375,100%
816.385862485545,26230.2212127976,100%
816.569664030437,26167.1892857143,100%
816.753449344937,26053.8683482143,100%
816.937218426755,26032.5759747024,100%
817.120971273604,26043.1083854167,100%
817.304707883195,25954.1355208333,100%
817.488428253239,25874.1347098214,100%
817.672132381449,25829.6970386905,100%
817.855820265535,25855.4754389881,100%
818.03949190321,25855.0853497024,100%
818.223147292185,25757.30296875,100%
818.406786430172,25691.6704464286,100%
818.590409314882,25725.4456770833,100%
818.774015944027,25678.4074107143,100%
818.957606315318,25618.6587351191,100%
819.141180426467,25551.3358258929,100%
819.324738275186,25617.1633928571,100%
819.508279859186,25591.7100669643,100%
819.691805176179,25498.4462202381,100%
819.875314223877,25478.5191592262,100%
820.05880699999,25507.0606919643,100%
820.242283502231,25497.6335342262,100%
820.425743728311,25385.3853422619,100%
820.609187675942,25373.3900967262,100%
820.792615342836,25395.7227083333,100%
820.976026726703,25363.345297619,100%
821.159421825256,25288.5131696429,100%
821.342800636207,25247.0661830357,100%
821.526163157266,25290.36609375,100%
821.709509386145,25310.4881994048,100%
821.892839320557,25216.7367410714,100%
822.076152958212,25197.9149330357,100%
822.259450296822,25221.2227678571,100%
822.442731334099,25176.2649776786,100%
822.625996067754,25079.1652529762,100%
822.809244495499,25035.2477008929,100%
822.992476615046,25082.8060863095,100%
823.175692424106,25022.4397693452,100%
823.358891920391,24939.7733482143,100%
823.542075101612,24911.5243824405,100%
823.725241965481,24950.6633407738,100%
823.90839250971,24933.0443080357,100%
824.091526732009,24800.7390252976,100%
824.274644630092,24768.4266294643,100%
824.457746201669,24806.8179166667,100%
824.640831444452,24755.0010565476,100%
824.823900356152,24664.305297619,100%
825.006952934482,24620.8103422619,100%
825.189989177152,24623.1833854167,100%
825.373009081875,24598.3802083333,100%
825.556012646361,24463.4743303571,100%
825.738999868323,24419.231703869,100%
825.921970745472,24478.6553050595,100%
826.10492527552,24457.9480654762,100%
826.287863456178,24384.9688616071,100%
826.470785285158,24341.7014583333,100%
826.653690760172,24369.2677678571,100%
826.836579878931,24312.8673586309,100%
827.019452639146,24222.69171875,100%
827.202309038529,24200.8142113095,100%
827.385149074793,24239.1729910714,100%
827.567972745648,24201.1392857143,100%
827.750780048806,24075.1079389881,100%
827.933570981979,24057.3913839286,100%
828.116345542878,24085.8679017857,100%
828.299103729215,24064.4454985119,100%
828.481845538702,23977.2605431548,100%
828.664570969049,23956.4232738095,100%
828.847280017969,23992.9291294643,100%
829.029972683174,23973.457172619,100%
829.212648962374,23900.5104761905,100%
829.395308853282,23857.8932217262,100%
829.577952353609,23905.3540848214,100%
829.760579461066,23866.280141369,100%
829.943190173366,23766.0271949405,100%
830.12578448822,23737.3556324405,100%
830.308362403339,23745.6450297619,100%
830.490923916435,23717.2335267857,100%
830.673469025219,23702.6701934524,100%
830.855997727404,23704.0680133929,100%
831.038510020701,23764.7594047619,100%
831.221005902821,23710.4069642857,100%
831.403485371477,23578.9143675595,100%
831.585948424378,23564.6761086309,100%
831.768395059239,23592.0798809524,100%
831.950825273768,23539.5478571429,100%
832.13323906568,23391.9965848214,100%
832.315636432684,23400.155952381,100%
832.498017372493,23399.0181919643,100%
832.680381882818,23357.6037127976,100%
832.862729961371,23294.7993377976,100%
833.045061605863,23252.3446205357,100%
833.227376814007,23277.7654389881,100%
833.409675583512,23233.7828720238,100%
833.591957912092,23162.3640252976,100%
833.774223797458,23135.0902827381,100%
833.956473237321,23168.67046875,100%
834.138706229394,23164.2169494048,100%
834.320922771387,23101.9326934524,100%
834.503122861012,23028.5959077381,100%
834.68530649598,23049.4331770833,100%
834.867473674004,22964.8163095238,100%
835.049624392795,22900.9066815476,100%
835.231758650065,22883.0600967262,100%
835.413876443525,22898.8262053571,100%
835.595977770886,22881.2721875,100%
835.778062629861,22816.0947693452,100%
835.960131018161,22808.4555208333,100%
836.142182933497,22815.8347098214,100%
836.324218373582,22809.9508630952,100%
836.506237336126,22746.723891369,100%
836.688239818842,22754.7532291667,100%
836.87022581944,22751.6650223214,100%
837.052195335633,22726.5042633929,100%
837.234148365132,22606.8118675595,100%
837.416084905649,22546.1854910714,100%
837.598004954895,22550.2164136905,100%
837.779908510583,22496.871703869,100%
837.961795570422,22433.2221354167,100%
838.143666132126,22391.2225223214,100%
838.325520193406,22383.550766369,100%
838.507357751972,22388.7844642857,100%
838.689178805538,22315.1551116071,100%
838.870983351814,22273.4155580357,100%
839.052771388512,22326.337671131,100%
839.234542913344,22355.3018005952,100%
839.416297924021,22244.0288318452,100%
839.598036418256,22200.3713392857,100%
839.779758393758,22259.0147619048,100%
839.961463848241,22217.4702529762,100%
840.143152779415,22186.1655877976,100%
840.324825184993,22148.034360119,100%
840.506481062685,22154.6983854167,100%
840.688120410204,22138.2821279762,100%
840.869743225261,22081.4591220238,100%
841.051349505568,22068.4236383929,100%
841.232939248836,22095.7298883929,100%
841.414512452777,22091.0813244048,100%
841.596069115102,22037.574077381,100%
841.777609233523,21984.94453125,100%
841.959132805752,21987.2200520833,100%
842.1406398295,21997.849985119,100%
842.322130302479,21839.9288392857,100%
842.503604222401,21795.2961235119,100%
842.685061586976,21859.4983184524,100%
842.866502393917,21821.6596577381,100%
843.047926640935,21725.8927380952,100%
843.229334325743,21684.0556622024,100%
843.41072544605,21719.7488318452,100%
843.59209999957,21684.9333630952,100%
843.773457984013,21591.2794270833,100%
843.954799397091,21500.5511607143,100%
844.136124236516,21523.533921131,100%
844.3174325,21463.2001116071,100%
844.498724185254,21392.4314136905,100%
844.679999289989,21337.6238690476,100%
844.861257811917,21379.0058407738,100%
845.04249974875,21325.49859375,100%
845.2237250982,21237.6634895833,100%
845.404933857977,21190.2676413691,100%
845.586126025795,21209.44703125,100%
845.767301599363,21197.7118452381,100%
845.948460576394,21085.9187574405,100%
846.1296029546,21074.5086458333,100%
846.310728731691,21165.5944940476,100%
846.49183790538,21136.1752604167,100%
846.672930473378,21053.6713764881,100%
846.854006433397,21026.7227083333,100%
847.035065783148,21106.5609821429,100%
847.216108520343,21095.1183630952,100%
847.397134642694,21010.5990178571,100%
847.578144147912,21032.8015997024,100%
847.759137033709,21100.4820907738,100%
847.940113297796,21086.0162797619,100%
848.121072937885,21015.1500595238,100%
848.302015951687,20983.6503497024,100%
848.482942336915,21018.6283556548,100%
848.663852091279,21026.8202306548,100%
848.844745212492,20969.769672619,100%
849.025621698264,20941.8782886905,100%
849.206481546309,20997.075922619,100%
849.387324754336,21008.3560044643,100%
849.568151320058,20922.8614360119,100%
849.748961241186,20917.4326934524,100%
849.929754515432,20925.7220907738,100%
850.110531140508,20856.8388244048,100%
850.291291114125,20745.7934077381,100%
850.472034433994,20712.6358184524,100%
850.652761097828,20744.9807217262,100%
850.833471103337,20684.9719866071,100%
851.014164448235,20654.5125148809,100%
851.194841130231,20669.0108333333,100%
851.375501147038,20667.8405654762,100%
851.556144496367,20628.7666220238,100%
851.73677117593,20523.3775,100%
851.917381183438,20510.2444940476,100%
852.097974516604,20549.3184375,100%
852.278551173138,20507.1562872024,100%
852.459111150753,20398.5489285714,100%
852.639654447159,20400.8244494048,100%
852.820181060069,20412.8847098214,100%
853.000690987194,20357.7520907738,100%
853.181184226245,20255.9712946429,100%
853.361660774935,20247.0642559524,100%
853.542120630975,20273.1677306548,100%
853.722563792076,20251.3877455357,100%
853.90299025595,20161.1145833333,100%
854.083400020309,20147.2013988095,100%
854.263793082864,20190.4362946429,100%
854.444169441326,20134.8485714286,100%
854.624529093409,20066.8430059524,100%
854.804872036822,20003.5510193452,100%
854.985198269278,19979.4630059524,100%
855.165507788488,19999.9752008929,100%
855.345800592164,19900.3073883929,100%
855.526076678017,19951.0840104167,100%
855.706336043759,19966.4925372024,100%
855.886578687102,19946.1103720238,100%
856.066804605757,19898.6495089286,100%
856.247013797436,19851.6762574405,100%
856.42720625985,19836.3977604167,100%
856.607381990712,19830.0588095238,100%
856.787540987732,19770.2126116071,100%
856.967683248622,19756.689516369,100%
857.147808771093,19778.6320386905,100%
857.327917552859,19749.6028943452,100%
857.508009591629,19681.5648214286,100%
857.688084885116,19650.2926636905,100%
857.868143431031,19653.2183333333,100%
858.048185227085,19608.6506324405,100%
858.228210270991,19531.9005654762,100%
858.40821856046,19514.8341592262,100%
858.588210093204,19574.9729241071,100%
858.768184866934,19545.0010639881,100%
858.948142879361,19445.3657589286,100%
859.128084128198,19422.3829985119,100%
859.308008611156,19375.767328869,100%
859.487916325946,19361.3015178571,100%
859.667807270281,19295.9615625,100%
859.847681441871,19263.0315252976,100%
860.027538838428,19315.4010119048,100%
860.207379457665,19319.4644419643,100%
860.387203297292,19246.1601636905,100%
860.567010355021,19183.4858184524,100%
860.746800628564,19194.24578125,100%
860.926574115632,19173.5710491071,100%
861.106330813937,19123.867172619,100%
861.286070721191,19155.9195089286,100%
861.465793835104,19180.3976116071,100%
861.645500153389,19177.1468675595,100%
861.825189673758,19095.7807440476,100%
862.004862393922,19082.0951116071,100%
862.184518311592,19135.3097916667,100%
862.36415742448,19022.8665550595,100%
862.543779730298,18957.2015252976,100%
862.723385226757,18927.0671279762,100%
862.902973911569,18973.1626785714,100%
863.082545782446,18969.9119345238,100%
863.262100837098,18901.6788169643,100%
863.441639073238,18846.156108631,100%
863.621160488578,18873.3648363095,100%
863.800665080828,18832.8605654762,100%
863.980152847701,18701.8230729167,100%
864.159623786908,18670.5184077381,100%
864.33907789616,18714.3059300595,100%
864.51851517317,18687.9749032738,100%
864.697935615649,18582.9758705357,100%
864.877339221308,18552.4513839286,100%
865.056725987859,18533.5970684524,100%
865.236095913014,18496.1810044643,100%
865.415448994484,18400.1865327381,100%
865.594785229981,18375.0907886905,100%
865.774104617216,18429.735796131,100%
865.953407153901,18385.7532291667,100%
866.132692837748,18339.3326041667,100%
866.311961666469,18293.4320982143,100%
866.491213637774,18298.7308110119,100%
866.670448749375,18251.0098883929,100%
866.849666998984,18177.8681473214,100%
867.028868384313,18113.3083705357,100%
867.208052903074,18118.1519791667,100%
867.387220552977,18118.2495014881,100%
867.566371331734,18042.7347172619,100%
867.745505237058,18060.8088541667,100%
867.924622266659,18066.7902232143,100%
868.103722418249,18029.2441294643,100%
868.28280568954,17944.1071428571,100%
868.461872078243,17926.5856324405,100%
868.640921582071,17954.54203125,100%
868.819954198734,17941.4415327381,100%
868.998969925944,17880.5876041667,100%
869.177968761413,17855.3293229167,100%
869.356950702852,17894.0456845238,100%
869.535915747973,17856.0119791667,100%
869.714863894488,17783.9754910714,100%
869.893795140108,17759.4648809524,100%
870.072709482545,17807.2833258929,100%
870.25160691951,17779.0018526786,100%
870.430487448715,17686.0955877976,100%
870.609351067871,17664.8682291667,100%
870.788197774691,17701.5366220238,100%
870.967027566885,17739.2452529762,100%
871.145840442166,17647.7368080357,100%
871.324636398245,17635.1564285714,100%
871.503415432833,17653.9457291667,100%
871.682177543643,17662.1050967262,100%
871.860922728385,17633.9861607143,100%
872.039650984771,17655.4410714286,100%
872.218362310514,17696.49796875,100%
872.397056703323,17659.9921130952,100%
872.575734160912,17606.1922991071,100%
872.754394680992,17622.6410639881,100%
872.933038261274,17688.5011383929,100%
873.11166489947,17706.5427678571,100%
873.290274593292,17651.6051934524,100%
873.46886734045,17619.1952752976,100%
873.647443138657,17655.3760565476,100%
873.826001985625,17667.9889434524,100%
874.004543879064,17616.2370982143,100%
874.183068816687,17658.7568303571,100%
874.361576796205,17709.9235416667,100%
874.54006781533,17699.0335491071,100%
874.718541871772,17634.5387872024,100%
874.896998963245,17634.5387872024,100%
875.07543908746,17667.5663467262,100%
875.253862242127,17724.8119494048,100%
875.432268424959,17683.5275,100%
875.610657633667,17652.0928050595,100%
875.789029865963,17678.4563392857,100%
875.967385119559,17704.5273065476,100%
876.145723392165,17622.5435416667,100%
876.324044681495,17614.2541443452,100%
876.502348985258,17646.7940922619,100%
876.680636301168,17635.123921131,100%
876.858906626934,17579.3736607143,100%
877.03715996027,17557.983764881,100%
877.215396298886,17593.1243080357,100%
877.393615640495,17632.1657440476,100%
877.571817982808,17572.4170684524,100%
877.750003323535,17599.8858556548,100%
877.92817166039,17660.7072767857,100%
878.106322991084,17653.7506845238,100%
878.284457313328,17610.7108333333,100%
878.462574624833,17592.0515625,100%
878.640674923312,17626.5419568452,100%
878.818758206476,17663.0478125,100%
878.996824472037,17578.4309449405,100%
879.174873717706,17606.4848660714,100%
879.352905941194,17669.5493005952,100%
879.530921140214,17689.1837946429,100%
879.708919312477,17628.4598958333,100%
879.886900455695,17671.857328869,100%
880.064864567579,17687.0383035714,100%
880.24281164584,17718.6355357143,100%
880.420741688191,17669.8418675595,100%
880.598654692343,17647.0541517857,100%
880.776550656007,17700.7239360119,100%
880.954429576896,17721.3661607143,100%
881.13229145272,17664.7707068452,100%
881.310136281192,17634.0186681548,100%
881.487964060023,17636.7818005952,100%
881.665774786924,17580.6739583333,100%
881.843568459607,17521.672953869,100%
882.021345075784,17527.0366815476,100%
882.199104633167,17603.4941815476,100%
882.376847129466,17619.6503794643,100%
882.554572562394,17547.5813839286,100%
882.732280929662,17575.7978422619,100%
882.909972228982,17612.8888318452,100%
883.087646458065,17610.9708928571,100%
883.265303614623,17585.6475967262,100%
883.442943696368,17576.6105282738,100%
883.620566701011,17653.7831919643,100%
883.798172626263,17700.0412797619,100%
883.975761469837,17643.6083630952,100%
884.153333229443,17648.1919122024,100%
884.330887902795,17744.9340550595,100%
884.508425487602,17766.8115625,100%
884.685945981577,17756.1166145833,100%
884.863449382431,17768.3069047619,100%
885.040935687876,17844.1792708333,100%
885.218404895624,17879.5473660714,100%
885.395857003386,17892.2577752976,100%
885.573292008873,17951.2587797619,100%
885.750709909798,18041.9545386905,100%
885.928110703872,18023.7503720238,100%
886.105494388806,17989.422514881,100%
886.282860962312,17990.787827381,100%
886.460210422102,18028.7890252976,100%
886.637542765887,18028.1063690476,100%
886.814857991378,17991.5354985119,100%
886.992156096289,17969.7555133929,100%
887.169437078329,18051.544233631,100%
887.346700935212,18030.5444270833,100%
887.523947664647,17998.4920907738,100%
887.701177264347,17985.7491741071,100%
887.878389732024,18044.0025074405,100%
888.055585065389,18023.3927901786,100%
888.232763262153,17954.5745386905,100%
888.409924320028,17934.5174479167,100%
888.587068236727,17963.5465922619,100%
888.76419500996,17974.5341071429,100%
888.941304637439,17909.9743303571,100%
889.118397116875,17882.6030654762,100%
889.295472445981,17880.2300223214,100%
889.472530622467,17881.3677827381,100%
889.649571644046,17820.5463616071,100%
889.826595508429,17834.9146502976,100%
890.003602213328,17906.8536160714,100%
890.180591756454,17924.7327083333,100%
890.357564135518,17872.7533110119,100%
890.534519348233,17917.0934598214,100%
890.71145739231,17937.6056547619,100%
890.88837826546,17916.6708630952,100%
891.065281965396,17853.0538020833,100%
891.242168489829,17842.58640625,100%
891.41903783647,17918.2637276786,100%
891.595890003031,17973.65640625,100%
891.772724987223,17917.67859375,100%
891.949542786759,17911.5346875,100%
892.126343399349,17927.0732440476,100%
892.303126822706,17944.0421279762,100%
892.479893054541,17884.0333928571,100%
892.656642092565,17936.79296875,100%
892.83337393449,18031.3571130952,100%
893.010088578028,18042.4096428571,100%
893.186786020891,17976.8096279762,100%
893.36346626079,18075.7947842262,100%
893.540129295436,18075.307172619,100%
893.716775122541,18091.1057886905,100%
893.893403739817,17988.3172619048,100%
894.070015144975,17969.9830654762,100%
894.246609335727,17952.3315252976,100%
894.423186309785,17960.4908928571,100%
894.59974606486,17917.5485639881,100%
894.776288598663,17943.5220089286,100%
894.952813908907,18020.7271800595,100%
895.129321993303,17996.6391666667,100%
895.305812849562,17911.6972247024,100%
895.482286475397,17892.6153571429,100%
895.658742868518,17936.0127901786,100%
895.835182026638,17953.5017931548,100%
896.011603947467,17904.0579761905,100%
896.188008628718,17909.0966294643,100%
896.364396068102,17887.64171875,100%
896.54076626333,17826.6252529762,100%
896.717119212115,17784.3330729167,100%
896.893454912168,17749.5826190476,100%
897.0697733612,17721.8537723214,100%
897.246074556924,17731.7035267857,100%
897.42235849705,17655.0184747024,100%
897.59862517929,17641.3003348214,100%
897.774874601356,17665.6809151786,100%
897.95110676096,17682.84484375,100%
898.127321655813,17617.8949776786,100%
898.303519283626,17587.890610119,100%
898.479699642112,17611.0034002976,100%
898.655862728981,17526.581577381,100%
898.832008541946,17443.5900818452,100%
899.008137078718,17372.8538913691,100%
899.184248337009,17421.0949330357,100%
899.36034231453,17418.8519196429,100%
899.536419008992,17364.6945238095,100%
899.712478418109,17516.211703869,100%
899.88852053959,17563.0224181548,100%
900.064545371148,17607.5251041667,100%
900.240552910494,17578.7235119048,100%
900.41654315534,17541.6650297619,100%
900.592516103397,17564.3552232143,100%
900.768471752377,17551.1572023809,100%
900.944410099992,17462.7694717262,100%
901.120331143953,17441.0219940476,100%
901.296234881972,17496.9347916667,100%
901.472121311761,17489.653125,100%
901.64799043103,17391.0905654762,100%
901.823842237492,17391.5131622024,100%
901.999676728858,17401.4279315476,100%
902.17549390284,17390.0828348214,100%
902.351293757149,17328.4487276786,100%
902.527076289498,17336.9331696429,100%
902.702841497597,17376.3321875,100%
902.878589379158,17332.2520982143,100%
903.054319931893,17253.4865699405,100%
903.230033153513,17206.968422619,100%
903.40572904173,17063.610610119,100%
903.581407594256,17006.8201116071,100%
903.757068808802,16873.3445610119,100%
903.932712683079,16836.5786458333,100%
904.1083392148,16912.873608631,100%
904.283948401676,16928.0870907738,100%
904.459540241419,16818.5045089286,100%
904.63511473174,16830.6622916667,100%
904.81067187035,16857.7409895833,100%
904.986211654962,16835.1158110119,100%
905.161734083287,16759.5035044643,100%
905.337239153036,16752.5794196429,100%
905.512726861921,16783.3639657738,100%
905.688197207654,16768.3455282738,100%
905.863650187947,16675.3417410714,100%
906.03908580051,16660.7459002976,100%
906.214504043056,16702.5179613095,100%
906.389904913296,16684.6713764881,100%
906.565288408942,16637.633110119,100%
906.740654527705,16618.3236904762,100%
906.916003267297,16669.9455059524,100%
907.091334625429,16645.5649255952,100%
907.266648599814,16579.1847321429,100%
907.441945188162,16607.3361755952,100%
907.617224388186,16596.73875,100%
907.792486197596,16507.375796131,100%
907.967730614105,16405.595,100%
908.142957635424,16386.3831026786,100%
908.318167259265,16433.5513988095,100%
908.493359483339,16388.2035193452,100%
908.668534305358,16272.0544345238,100%
908.843691723033,16237.2064583333,100%
909.018831734076,16246.1785119048,100%
909.1939543362,16194.719233631,100%
909.369059527114,16137.0835416667,100%
909.544147304531,16106.9491443452,100%
909.719217666163,16114.6859151786,100%
909.89427060972,16037.1231622024,100%
910.069306132916,15990.7675520833,100%
910.24432423346,15936.61015625,100%
910.419324909066,15966.3219568452,100%
910.594308157444,15912.0020238095,100%
910.769273976306,15798.2584895833,100%
910.944222363363,15760.0947544643,100%
911.119153316328,15745.8564955357,100%
911.294066832912,15709.6432068452,100%
911.468962910826,15675.5754092262,100%
911.643841547782,15660.2969122024,100%
911.818702741492,15692.4142633929,100%
911.993546489667,15620.7353571429,100%
912.168372790018,15552.2421800595,100%
912.343181640258,15545.0905431548,100%
912.517973038099,15580.9787574405,100%
912.69274698125,15547.561108631,100%
912.867503467425,15474.6469196429,100%
913.042242494335,15455.3049925595,100%
913.216964059691,15489.6328497024,100%
913.391668161205,15469.9658482143,100%
913.566354796589,15422.8950744048,100%
913.741023963554,15370.4605729167,100%
913.915675659812,15444.7725818452,100%
914.090309883074,15405.7311458333,100%
914.264926631052,15316.1081324405,100%
914.439525901458,15281.3901860119,100%
914.614107692003,15292.2801785714,100%
914.788672000398,15297.7414285714,100%
914.963218824356,15241.3410193452,100%
915.137748161588,15182.5350595238,100%
915.312260009805,15206.7531026786,100%
915.48675436672,15189.9467559524,100%
915.661231230043,15097.1705208333,100%
915.835690597487,15061.8999479167,100%
916.010132466763,15105.4599181548,100%
916.184556835582,15135.17171875,100%
916.358963701656,15059.4293824405,100%
916.533353062697,15053.9031175595,100%
916.707724916417,15049.7096577381,100%
916.882079260526,15029.7825967262,100%
917.056416092737,14977.9007217262,100%
917.230735410761,14964.8977455357,100%
917.40503721231,14968.2785193452,100%
917.579321495095,14885.2220089286,100%
917.753588256828,14852.9746279762,100%
917.92783749522,14853.6897916667,100%
918.102069207984,14902.3859375,100%
918.27628339283,14902.5809821429,100%
918.450480047471,14792.5758035714,100%
918.624659169617,14794.461235119,100%
918.798820756981,14882.3938616071,100%
918.972964807274,14844.9452901786,100%
919.147091318208,14765.6271354167,100%
919.321200287494,14791.047953869,100%
919.495291712844,14821.8650074405,100%
919.669365591969,14797.93953125,100%
919.843421922582,14684.3585342262,100%
920.017460702393,14676.7517931548,100%
920.191481929115,14673.3060044643,100%
920.365485600458,14667.6497098214,100%
920.539471714134,14570.2899255952,100%
920.713440267856,14526.5674181548,100%
920.887391259335,14527.542641369,100%
921.061324686282,14538.9527529762,100%
921.235240546408,14491.1993229167,100%
921.409138837426,14440.2601636905,100%
921.583019557047,14456.546391369,100%
921.756882702983,14418.7402380952,100%
921.930728272945,14349.0767931548,100%
922.104556264645,14305.8744047619,100%
922.278366675794,14339.942202381,100%
922.452159504104,14253.114828869,100%
922.625934747287,14184.7191741071,100%
922.799692403054,14144.2799181548,100%
922.973432469117,14192.2934077381,100%
923.147154943188,14205.39390625,100%
923.320859822977,14104.9459151786,100%
923.494547106197,14058.9803943452,100%
923.668216790559,14112.7151934524,100%
923.841868873775,14087.8470014881,100%
924.015503353557,14000.2069419643,100%
924.189120227615,13996.6311235119,100%
924.362719493662,14003.1001041667,100%
924.536301149409,13969.1623363095,100%
924.709865192568,13877.3938318452,100%
924.883411620851,13854.2810416667,100%
925.056940431968,13860.8150372024,100%
925.230451623632,13829.867953869,100%
925.403945193554,13777.3359300595,100%
925.577421139446,13710.9232291667,100%
925.750879459019,13772.8824107143,100%
925.924320149985,13716.7745684524,100%
926.097743210056,13629.5571056548,100%
926.271148636943,13616.8466964286,100%
926.444536428358,13646.3309449405,100%
926.617906582012,13549.6863244048,100%
926.791259095617,13427.1982886905,100%
926.964593966884,13417.4135491071,100%
927.137911193526,13418.8113690476,100%
927.311210773253,13344.7594196429,100%
927.484492703778,13299.6390922619,100%
927.657756982812,13267.1316517857,100%
927.831003608066,13253.8036011905,100%
928.004232577253,13239.6628645833,100%
928.177443888083,13157.3215178571,100%
928.350637538268,13128.779985119,100%
928.523813525521,13133.7536235119,100%
928.696971847552,13088.56828125,100%
928.870112502073,13003.0412053571,100%
929.043235486795,12963.3821279762,100%
929.216340799431,13051.3797693452,100%
929.389428437692,13028.2019642857,100%
929.56249839929,12962.1143377976,100%
929.735550681935,12954.8651785714,100%
929.90858528334,12964.5198883929,100%
930.081602201217,12973.2318824405,100%
930.254601433276,12921.5775595238,100%
930.42758297723,12918.9444568452,100%
930.60054683079,12925.2183928571,100%
930.773492991668,12951.9395089286,100%
930.946421457575,12890.3379092262,100%
931.119332226223,12843.4621800595,100%
931.292225295323,12872.6863690476,100%
931.465100662587,12858.578139881,100%
931.637958325727,12783.4209375,100%
931.810798282454,12769.0526488095,100%
931.98362053048,12815.2782291667,100%
932.156425067517,12767.6223214286,100%
932.329211891276,12724.3874255952,100%
932.501980999468,12699.6492633929,100%
932.674732389806,12714.2125967262,100%
932.84746606,12638.4052455357,100%
933.020182007763,12529.7328720238,100%
933.192880230806,12478.7286979167,100%
933.36556072684,12519.8831175595,100%
933.538223493578,12494.1697321429,100%
933.71086852873,12388.8781324405,100%
933.883495830009,12353.1199479167,100%
934.056105395126,12387.5778348214,100%
934.228697221793,12371.8767410714,100%
934.401271307721,12273.5742410714,100%
934.573827650622,12254.9149702381,100%
934.746366248207,12262.8467857143,100%
934.918887098188,12247.1781994048,100%
935.091390198276,12174.3290252976,100%
935.263875546184,12186.3567782738,100%
935.436343139623,12219.2218005952,100%
935.608792976304,12158.1078125,100%
935.781225053939,12113.8976934524,100%
935.95363937024,12075.4088839286,100%
936.126035922917,12130.5740104167,100%
936.298414709684,12135.1575595238,100%
936.470775728251,12079.5048214286,100%
936.64311897633,12065.1365327381,100%
936.815444451632,12106.4534895833,100%
936.98775215187,12060.4554613095,100%
937.160042074754,11992.6449404762,100%
937.332314217997,11973.172983631,100%
937.50456857931,11996.7733854167,100%
937.676805156404,11966.346421131,100%
937.849023946992,11897.7557217262,100%
938.021224948784,11856.9263764881,100%
938.193408159492,11863.5253869048,100%
938.365573576829,11871.3596800595,100%
938.537721198505,11792.6591666667,100%
938.709851022232,11798.0228943452,100%
938.881963045722,11798.5105059524,100%
939.054057266687,11749.9768973214,100%
939.226133682837,11688.8629092262,100%
939.398192291884,11681.3211830357,100%
939.570233091541,11733.7231770833,100%
939.742256079519,11722.3455729167,100%
939.914261253528,11648.84625,100%
940.086248611282,11656.8105729167,100%
940.258218150492,11714.9013690476,100%
940.430169868868,11687.3675669643,100%
940.602103764123,11622.3526860119,100%
940.774019833969,11593.3235416667,100%
940.945918076116,11633.8603199405,100%
941.117798488277,11621.0198809524,100%
941.289661068162,11523.6600967262,100%
941.461505813485,11544.8224404762,100%
941.633332721956,11574.1116443452,100%
941.805141791287,11590.3978720238,100%
941.976933019189,11533.3148065476,100%
942.148706403374,11508.4141071429,100%
942.320461941554,11515.6957738095,100%
942.49219963144,11473.7936830357,100%
942.663919470744,11452.8588913691,100%
942.835621457178,11487.121733631,100%
943.007305588452,11498.2067708333,100%
943.17897186228,11485.69140625,100%
943.350620276371,11419.5712723214,100%
943.522250828439,11381.6025818452,100%
943.693863516193,11370.3550074405,100%
943.865458337347,11325.6572767857,100%
944.037035289612,11264.1206919643,100%
944.208594370698,11223.2588392857,100%
944.380135578319,11270.2320907738,100%
944.551658910185,11231.2881770833,100%
944.723164364008,11170.0441592262,100%
944.8946519375,11178.49609375,100%
945.066121628372,11194.9123511905,100%
945.237573434335,11179.17875,100%
945.409007353102,11094.1067782738,100%
945.580423382385,11048.9539434524,100%
945.751821519893,11102.4286830357,100%
945.92320176334,11076.5202529762,100%
946.094564110437,11052.2371949405,100%
946.265908558895,11008.0595833333,100%
946.437235106426,10979.4855431548,100%
946.608543750742,10951.4316220238,100%
946.779834489554,10862.9138616071,100%
946.951107320573,10821.4993824405,100%
947.122362241513,10883.0034598214,100%
947.293599250082,10851.3412127976,100%
947.464818343995,10820.1990848214,100%
947.636019520962,10798.1590401786,100%
947.807202778695,10847.5053348214,100%
947.978368114904,10790.2597321429,100%
948.149515527303,10778.7520982143,100%
948.320645013603,10763.3435714286,100%
948.491756571515,10742.5063020833,100%
948.66285019875,10672.712827381,100%
948.833925893021,10613.0291666667,100%
949.004983652038,10566.4785119048,100%
949.176023473515,10610.2985416667,100%
949.347045355161,10562.9026934524,100%
949.518049294689,10505.9496577381,100%
949.689035289811,10466.5181324405,100%
949.860003338237,10495.9698735119,100%
950.03095343768,10523.3086309524,100%
950.201885585851,10468.4035639881,100%
950.372799780462,10432.2877976191,100%
950.543696019224,10460.5367633929,100%
950.714574299849,10425.8838318452,100%
950.885434620049,10395.7819419643,100%
951.056276977534,10338.6338616071,100%
951.227101370018,10367.2404092262,100%
951.39790779521,10330.8645833333,100%
951.568696250824,10304.1109598214,100%
951.73946673457,10255.9999479167,100%
951.91021924416,10282.3309747024,100%
952.080953777306,10275.6344419643,100%
952.251670331719,10224.760297619,100%
952.422368905111,10225.5404761905,100%
952.593049495194,10316.8538764881,100%
952.763712099678,10269.1654613095,100%
952.934356716277,10205.8084598214,100%
953.1049833427,10202.7852678571,100%
953.275591976661,10209.1567261905,100%
953.446182615869,10187.214203869,100%
953.616755258038,10080.1997098214,100%
953.787309900879,10067.196733631,100%
953.957846542103,10126.3602752976,100%
954.128365179422,10094.0153720238,100%
954.298865810547,10037.842514881,100%
954.46934843319,9998.3134672619,100%
954.639813045063,10019.410796131,100%
954.810259643877,9992.62466517857,100%
954.980688227344,9925.59432291667,100%
955.151098793176,9912.07122767857,100%
955.321491339083,9888.27578125,100%
955.491865862778,9848.77924107143,100%
955.662222361972,9801.25336309524,100%
955.832560834378,9789.38814732143,100%
956.002881277705,9818.64484375,100%
956.173183689667,9763.96732886905,100%
956.343468067974,9725.83610119047,100%
956.513734410338,9707.72945684524,100%
956.683982714471,9720.08228422619,100%
956.854212978085,9739.26167410714,100%
957.024425198891,9706.07157738095,100%
957.1946193746,9705.1938764881,100%
957.364795502924,9714.45849702381,100%
957.534953581576,9668.23291666667,100%
957.705093608265,9622.55996279762,100%
957.875215580705,9575.39166666667,100%
958.045319496606,9600.38988839286,100%
958.21540535368,9606.27373511905,100%
958.38547314964,9556.17976934524,100%
958.555522882195,9528.22337053572,100%
958.725554549059,9533.61960565476,100%
958.895568147942,9576.26936755952,100%
959.065563676556,9507.84120535714,100%
959.235541132613,9504.4929389881,100%
959.405500513824,9511.25448660714,100%
959.575441817901,9473.64337797619,100%
959.745365042556,9411.13156994048,100%
959.9152701855,9393.57755208333,100%
960.085157244445,9423.93950148809,100%
960.255026217102,9391.23701636905,100%
960.424877101183,9299.72857142857,100%
960.5947098944,9228.21220238095,100%
960.764524594464,9264.55552083333,100%
960.934321199086,9263.38525297619,100%
961.104099705979,9216.6720610119,100%
961.273860112853,9188.09802083333,100%
961.443602417421,9227.46453125,100%
961.613326617395,9206.56224702381,100%
961.783032710485,9113.78601190476,100%
961.952720694403,9078.12534970238,100%
962.122390566862,9151.49464285714,100%
962.292042325572,9124.96857142857,100%
962.461675968244,9029.13663690476,100%
962.631291492592,9028.42147321429,100%
962.800888896325,9063.43198660714,100%
962.970468177157,9078.67797619048,100%
963.140029332799,9029.98183035714,100%
963.309572360961,9006.28390625,100%
963.479097259356,9000.30253720238,100%
963.648604025695,8973.74395833333,100%
963.818092657691,8940.84642857143,100%
963.987563153053,8934.40995535715,100%
964.157015509495,9003.32572916667,100%
964.326449724727,8949.6234375,100%
964.495865796462,8888.47694196428,100%
964.665263722411,8856.52212797619,100%
964.834643500285,8904.73066220238,100%
965.004005127796,8877.84700892857,100%
965.173348602655,8810.29654761905,100%
965.342673922576,8825.93262648809,100%
965.511981085267,8879.30984375,100%
965.681270088442,8814.81508184524,100%
965.850540929813,8781.52746279762,100%
966.01979360709,8784.64817708333,100%
966.189028117985,8822.06424107143,100%
966.35824446021,8805.35541666667,100%
966.527442631476,8723.79424851191,100%
966.696622629496,8686.31316964286,100%
966.86578445198,8728.5728422619,100%
967.03492809664,8735.75698660714,100%
967.204053561188,8687.58095982143,100%
967.373160843336,8659.33199404762,100%
967.542249940794,8702.53438244048,100%
967.711320851275,8656.53635416667,100%
967.880373572491,8643.95597470238,100%
968.049408102152,8645.41880952381,100%
968.21842443797,8706.5978125,100%
968.387422577658,8673.24517857143,100%
968.556402518926,8635.95914434524,100%
968.725364259486,8712.0590625,100%
968.89430779705,8740.40555059524,100%
969.06323312933,8742.22596726191,100%
969.232140254036,8769.92230654762,100%
969.401029168881,8735.49692708333,100%
969.569899871576,8741.2832514881,100%
969.738752359834,8707.80058779762,100%
969.907586631364,8625.29670386905,100%
970.076402683879,8613.17142857143,100%
970.245200515091,8652.60295386905,100%
970.413980122711,8637.81206845238,100%
970.582741504451,8569.18886160714,100%
970.751484658022,8560.47686755952,100%
970.920209581136,8599.77836309524,100%
971.088916271504,8606.89749255952,100%
971.257604726839,8565.77558035714,100%
971.426274944852,8524.39360863095,100%
971.594926923254,8530.11491815476,100%
971.763560659756,8473.22689732143,100%
971.932176152072,8430.8046875,100%
972.100773397911,8394.26632440476,100%
972.269352394986,8383.79892857143,100%
972.437913141009,8352.81933779762,100%
972.60645563369,8276.97947916667,100%
972.774979870742,8194.02049107143,100%
972.943485849876,8238.75072916667,100%
973.111973568804,8237.38541666667,100%
973.280443025237,8203.35012648809,100%
973.448894216887,8247.13764880952,100%
973.617327141465,8296.38642113095,100%
973.785741796684,8267.58482886905,100%
973.954138180254,8229.51861607143,100%
974.122516289887,8225.16261904762,100%
974.290876123296,8245.31723214286,100%
974.45921767819,8198.37648809524,100%
974.627540952283,8131.21611607143,100%
974.795845943286,8103.09718005952,100%
974.96413264891,8154.78401041667,100%
975.132401066867,8165.28391369048,100%
975.300651194868,8126.66507440476,100%
975.468883030625,8093.08488839286,100%
975.63709657185,8159.85517113095,100%
975.805291816254,8105.50273065476,100%
975.973468761549,8042.63334077381,100%
976.141627405447,8040.91044642857,100%
976.309767745658,8085.86823660714,100%
976.477889779895,8068.24920386905,100%
976.64599350587,8001.54393601191,100%
976.814078921293,8000.86127976191,100%
976.982146023877,8016.72491071429,100%
977.150194811332,7976.90329613095,100%
977.318225281372,7920.14530505952,100%
977.486237431706,7907.17483630952,100%
977.654231260048,7909.61289434524,100%
977.822206764108,7915.78930803571,100%
977.990163941597,7881.42894345238,100%
978.158102790229,7825.90623511905,100%
978.326023307714,7866.24796875,100%
978.493925491763,7856.008125,100%
978.661809340089,7755.30007440476,100%
978.829674850403,7733.52008928571,100%
978.997522020416,7793.00870535714,100%
979.165350847841,7820.93259672619,100%
979.333161330388,7811.5054389881,100%
979.50095346577,7850.87194940476,100%
979.668727251698,7888.87314732143,100%
979.836482685884,7868.62101190476,100%
980.004219766038,7826.84895089286,100%
980.171938489873,7823.95578869048,100%
980.339638855101,7832.44023065476,100%
980.507320859433,7780.39581845238,100%
980.67498450058,7748.57103422619,100%
980.842629776255,7758.06320684524,100%
981.010256684168,7792.13100446429,100%
981.177865222031,7816.12149553572,100%
981.345455387557,7768.59561755952,100%
981.513027178456,7759.00592261905,100%
981.68058059244,7816.54409226191,100%
981.848115627221,7805.97917410714,100%
982.01563228051,7736.34823660714,100%
982.18313055002,7743.40235119047,100%
982.35061043346,7777.30761160714,100%
982.518071928544,7752.37440476191,100%
982.685515032983,7627.83840029762,100%
982.852939744488,7578.0370014881,100%
983.020346060771,7559.8653422619,100%
983.187733979543,7525.08238095238,100%
983.355103498517,7466.0813764881,100%
983.522454615403,7426.19474702381,100%
983.689787327914,7479.63697916666,100%
983.85710163376,7474.50080357143,100%
984.024397530654,7463.22072172619,100%
984.191675016307,7476.41874255953,100%
984.358934088431,7510.19397321429,100%
984.526174744737,7483.96046875,100%
984.693396982937,7436.01199404762,100%
984.860600800742,7410.52616071428,100%
985.027786195865,7463.54579613095,100%
985.194953166016,7437.47482886905,100%
985.362101708907,7397.45816964286,100%
985.529231822251,7362.41514880952,100%
985.696343503757,7396.25539434524,100%
985.863436751139,7378.47382440476,100%
986.030511562108,7299.54575892857,100%
986.197567934375,7281.37409970238,100%
986.364605865651,7316.77470238095,100%
986.531625353649,7311.2484375,100%
986.698626396081,7249.25674851191,100%
986.865608990657,7239.11442708333,100%
987.032573135089,7284.49481398809,100%
987.199518827089,7276.40046130952,100%
987.366446064368,7239.47200892857,100%
987.533354844638,7182.97407738095,100%
987.700245165611,7175.30232142857,100%
987.867117024999,7161.84424107143,100%
988.033970420512,7082.49357886905,100%
988.200805349863,7059.96592261905,100%
988.367621810762,7123.81053571428,100%
988.534419800922,7093.18852678572,100%
988.701199318055,7042.34688988095,100%
988.867960359871,7018.35639880952,100%
989.034702924082,7073.97662946429,100%
989.201427008401,7096.17921130952,100%
989.368132610538,7147.44344494048,100%
989.534819728206,7176.76515625,100%
989.701488359115,7195.74950148809,100%
989.868138500978,7200.91818452381,100%
990.034770151505,7163.89220982143,100%
990.201383308409,7166.72035714286,100%
990.367977969402,7180.08091517857,100%
990.534554132194,7199.26030505952,100%
990.701111794497,7153.48982886905,100%
990.867650954024,7143.41252232143,100%
991.034171608485,7164.76991071429,100%
991.200673755592,7184.53443452381,100%
991.367157393057,7171.01133928571,100%
991.533622518592,7172.08408482143,100%
991.700069129907,7199.45534970238,100%
991.866497224715,7171.10886160714,100%
992.032906800727,7125.33838541667,100%
992.199297855655,7150.82421875,100%
992.36567038721,7184.274375,100%
992.532024393104,7187.65514880952,100%
992.698359871049,7126.63868303572,100%
992.864676818756,7037.76334077381,100%
993.030975233936,7022.87493303572,100%
993.197255114302,7020.24183035714,100%
993.363516457565,6964.81664434524,100%
993.529759261436,6972.06580357143,100%
993.695983523628,6995.24360863095,100%
993.862189241851,6995.01605654762,100%
994.028376413817,6960.07055803572,100%
994.194545037239,6916.31554315476,100%
994.360695109827,6934.61723214286,100%
994.526826629292,6926.03526785714,100%
994.692939593348,6873.17816964286,100%
994.859033999706,6827.96031994048,100%
995.025109846075,6863.32841517857,100%
995.19116713017,6842.62117559524,100%
995.3572058497,6775.55832589286,100%
995.523226002378,6747.99201636905,100%
995.689227585916,6756.24890625,100%
995.855210598024,6784.66040922619,100%
996.021175036415,6697.54046875,100%
996.1871208988,6666.62589285714,100%
996.353048182891,6695.91509672619,100%
996.518956886399,6706.25246279762,100%
996.684847007035,6682.09943452381,100%
996.850718542512,6691.75414434524,100%
997.016571490542,6706.48001488095,100%
997.182405848835,6687.69071428571,100%
997.348221615103,6642.83044642857,100%
997.514018787058,6589.87582589286,100%
997.679797362411,6614.1263764881,100%
997.845557338875,6607.46235119048,100%
998.01129871416,6576.25520833333,100%
998.177021485978,6556.00307291667,100%
998.342725652041,6571.93171875,100%
998.508411210061,6570.6964360119,100%
998.674078157749,6555.93805803572,100%
998.839726492816,6547.81119791667,100%
999.005356212975,6578.85580357143,100%
999.170967315936,6553.69504464286,100%
999.336559799412,6450.32138392857,100%
999.502133661114,6480.84587053571,100%
999.667688898753,6534.48314732143,100%
999.833225510041,6514.62110119047,100%
999.998743492691,6448.95607142857,100%
1000.16424284441,6439.65894345238,100%
1000.32972356292,6440.43912202381,100%
1000.49518564592,6426.07083333333,100%
1000.66062909113,6404.5509077381,100%
1000.82605389626,6399.0896577381,100%
1000.99146005901,6415.63594494048,100%
1001.15684757711,6398.08192708333,100%
1001.32221644827,6325.07021577381,100%
1001.48756667019,6317.85356398809,100%
1001.65289824058,6340.18617559524,100%
1001.81821115716,6326.858125,100%
1001.98350541765,6295.71599702381,100%
1002.14878101974,6264.80142113095,100%
1002.31403796116,6303.16020089286,100%
1002.47927623961,6323.34732142857,100%
1002.64449585281,6274.16356398809,100%
1002.80969679847,6302.31500744048,100%
1002.9748790743,6353.51422619048,100%
1003.14004267801,6306.76852678571,100%
1003.30518760731,6267.66207589286,100%
1003.47031385991,6274.65117559524,100%
1003.63542143353,6300.62462053572,100%
1003.80051032588,6314.60281994048,100%
1003.96558053467,6283.36316964286,100%
1004.13063205761,6273.51341517857,100%
1004.29566489241,6308.71897321429,100%
1004.46067903678,6304.00539434524,100%
1004.62567448844,6265.25652529762,100%
1004.7906512451,6274.39111607143,100%
1004.95560930447,6346.81769345238,100%
1005.12054866425,6335.21253720238,100%
1005.28546932217,6325.55782738095,100%
1005.45037127593,6302.1524702381,100%
1005.61525452325,6344.96476934524,100%
1005.78011906183,6326.82561755952,100%
1005.9449648894,6275.20380208333,100%
1006.10979200365,6273.83848958333,100%
1006.2746004023,6277.57684523809,100%
1006.43939008307,6252.67614583333,100%
1006.60416104366,6246.69477678571,100%
1006.76891328179,6248.32014880952,100%
1006.93364679516,6287.65415178571,100%
1007.0983615815,6320.64920386905,100%
1007.2630576385,6252.18853422619,100%
1007.42773496389,6210.12390625,100%
1007.59239355537,6215.68267857143,100%
1007.75703341066,6237.75523065476,100%
1007.92165452747,6173.87811011905,100%
1008.0862569035,6172.77285714286,100%
1008.25084053648,6230.37604166667,100%
1008.41540542411,6179.01428571429,100%
1008.5799515641,6123.55659226191,100%
1008.74447895416,6106.91278273809,100%
1008.90898759202,6110.91119791667,100%
1009.07347747537,6078.59880208333,100%
1009.23794860194,6054.60831101191,100%
1009.40240096942,6037.50939732143,100%
1009.56683457554,6168.18930803571,100%
1009.731249418,6184.44302827381,100%
1009.89564549452,6131.26085565476,100%
1010.06002280281,6090.00891369048,100%
1010.22438134058,6108.50564732143,100%
1010.38872110554,6135.64936011905,100%
1010.5530420954,6051.52010416667,100%
1010.71734430788,6058.37917410714,100%
1010.88162774068,6097.09553571429,100%
1011.04589239152,6139.12765625,100%
1011.21013825811,6080.2891889881,100%
1011.37436533816,6110.84618303571,100%
1011.53857362939,6156.0640327381,100%
1011.70276312949,6129.21288690476,100%
1011.8669338362,6094.65747767857,100%
1012.03108574721,6089.52130208333,100%
1012.19521886024,6141.56571428571,100%
1012.359333173,6168.41686011905,100%
1012.5234286832,6154.86125744048,100%
1012.68750538856,6132.59366071428,100%
1012.85156328678,6177.77900297619,100%
1013.01560237558,6070.69949404762,100%
1013.17962265267,6006.85488095238,100%
1013.34362411576,5963.09986607143,100%
1013.50760676256,6050.90246279762,100%
1013.67157059078,6050.57738839286,100%
1013.83551559814,5967.32583333333,100%
1013.99944178234,5971.45427827381,100%
1014.16334914111,5991.25130952381,100%
1014.32723767214,6009.84556547619,100%
1014.49110737315,5928.83702380952,100%
1014.65495824186,5901.72581845238,100%
1014.81879027597,5910.50282738095,100%
1014.9826034732,5882.54642857143,100%
1015.14639783125,5870.09607886905,100%
1015.31017334784,5856.11787946428,100%
1015.47393002069,5923.92840029762,100%
1015.6376678475,5911.77061755952,100%
1015.80138682598,5841.78209821429,100%
1015.96508695385,5829.36425595238,100%
1016.12876822881,5862.45683035714,100%
1016.29243064858,5854.94761160714,100%
1016.45607421088,5824.22808035714,100%
1016.6196989134,5852.44453869048,100%
1016.78330475387,5928.41442708333,100%
1016.94689173,5875.32977678571,100%
1017.11045983949,6241.98119791667,100%
1017.27400908006,6260.7704985119,100%
1017.43753944942,6291.52253720238,100%
1017.60105094529,6270.13264136905,100%
1017.76454356536,6230.11598214286,100%
1017.92801730736,6225.04482142857,100%
1018.091472169,6261.45315476191,100%
1018.25490814798,6261.1930952381,100%
1018.41832524203,6238.40537946429,100%
1018.58172344884,6207.10071428571,100%
1018.74510276614,6245.39447916667,100%
1018.90846319164,6216.46285714286,100%
1019.07180472303,6145.17404017857,100%
1019.23512735805,6151.57800595238,100%
1019.3984310944,6180.57464285714,100%
1019.56171592978,6183.89040178571,100%
1019.72498186192,6115.55976190476,100%
1019.88822888853,6102.8168452381,100%
1020.05145700731,6113.90188244048,100%
1020.21466621597,6091.47174851191,100%
1020.37785651224,6082.75975446429,100%
1020.54102789381,5671.96322916667,100%
1020.70418035841,5700.69980654762,100%
1020.86731390374,5675.44152529762,100%
1021.03042852752,5649.14300595238,100%
1021.19352422745,5647.97273809524,100%
1021.35660100125,5684.38107142857,100%
1021.51965884663,5672.51585565476,100%
1021.68269776131,5641.01614583333,100%
1021.84571774298,5614.32753720238,100%
1022.00871878937,5635.29483630952,100%
1022.17170089819,5611.59691220238,100%
1022.33466406715,5566.83416666667,100%
1022.49760829395,5572.49046130952,100%
1022.66053357632,5594.72555059524,100%
1022.82343991196,5584.45319940476,100%
1022.98632729858,5550.67796875,100%
1023.1491957339,5569.04467261905,100%
1023.31204521562,5603.43754464286,100%
1023.47487574147,5612.83219494048,100%
1023.63768730915,5565.37133184524,100%
1023.80047991637,5554.80641369048,100%
1023.96325356084,5601.61712797619,100%
1024.12600824028,5620.4389360119,100%
1024.28874395239,5593.58779017857,100%
1024.4514606949,5613.28729910714,100%
1024.6141584655,5601.97470982143,100%
1024.77683726192,5601.77966517857,100%
1024.93949708186,5591.57232886905,100%
1025.10213792303,5587.02128720238,100%
1025.26475978316,5647.12754464286,100%
1025.42736265994,5626.55033482143,100%
1025.58994655109,5590.27203125,100%
1025.75251145432,5613.09225446429,100%
1025.91505736734,5638.51307291667,100%
1026.07758428787,5629.05340773809,100%
1026.24009221362,5584.58322916667,100%
1026.40258114229,5604.90037946428,100%
1026.56505107161,5644.78700892857,100%
1026.72750199927,5654.50673363095,100%
1026.889933923,5597.39116071429,100%
1027.0523468405,5589.52436011905,100%
1027.21474074949,5625.25003720238,100%
1027.37711564767,5606.36321428572,100%
1027.53947153277,5540.89322916667,100%
1027.70180840248,5548.04486607143,100%
1027.86412625453,5557.27697916667,100%
1028.02642508662,5558.41473958333,100%
1028.18870489646,5532.21374255952,100%
1028.35096568178,5492.13206845238,100%
1028.51320744027,5522.23395833333,100%
1028.67543016965,5512.05912946428,100%
1028.83763386764,5525.09461309524,100%
1028.99981853193,5541.38084077381,100%
1029.16198416026,5606.98085565476,100%
1029.32413075031,5590.49958333333,100%
1029.48625829982,5580.0321875,100%
1029.64836680649,5567.1917485119,100%
1029.81045626803,5590.20701636905,100%
1029.97252668215,5587.63892857143,100%
1030.13457804657,5530.45834077381,100%
1030.29661035899,5526.13485119048,100%
1030.45862361713,5553.11602678571,100%
1030.6206178187,5528.37786458333,100%
1030.78259296141,5501.10412202381,100%
1030.94454904297,5494.0175,100%
1031.1064860611,5488.00362351191,100%
1031.2684040135,5480.13682291667,100%
1031.4303028979,5453.35069196429,100%
1031.59218271199,5427.76733630952,100%
1031.75404345349,5506.14277529762,100%
1031.91588512011,5510.59629464286,100%
1032.07770770956,5499.05615327381,100%
1032.23951121957,5483.9076860119,100%
1032.40129564783,5498.60104910714,100%
1032.56306099205,5456.11382440476,100%
1032.72480724996,5439.69756696429,100%
1032.88653441926,5461.02244791667,100%
1033.04824249766,5519.34079613095,100%
1033.20993148288,5523.04664434524,100%
1033.37160137262,5470.70966517857,100%
1033.53325216461,5479.68171875,100%
1033.69488385654,5515.0498139881,100%
1033.85649644613,5557.21196428571,100%
1034.0180899311,5542.42107886905,100%
1034.17966430915,5531.53108630952,100%
1034.341219578,5557.37450148809,100%
1034.50275573535,5631.81654017857,100%
1034.66427277893,5588.51662946429,100%
1034.82577070643,5618.32595238095,100%
1034.98724951558,5642.7065327381,100%
1035.14870920408,5616.18046130952,100%
1035.31014976965,5604.18521577381,100%
1035.47157120999,5578.89442708333,100%
1035.63297352283,5583.90057291667,100%
1035.79435670586,5591.66985119048,100%
1035.95572075681,5550.54793898809,100%
1036.11706567338,5572.75052083333,100%
1036.27839145329,5556.821875,100%
1036.43969809424,5532.18123511905,100%
1036.60098559395,5453.18815476191,100%
1036.76225395013,5461.86764136905,100%
1036.92350316049,5473.70034970238,100%
1037.08473322275,5481.56715029762,100%
1037.24594413461,5417.23492559524,100%
1037.40713589379,5384.27238095238,100%
1037.56830849799,5413.62659970238,100%
1037.72946194494,5442.65574404762,100%
1037.89059623233,5352.12252232143,100%
1038.05171135789,5343.11796130952,100%
1038.21280731933,5371.07436011905,100%
1038.37388411435,5406.11738095238,100%
1038.53494174066,5422.30608630952,100%
1038.69598019599,5448.79965029762,100%
1038.85699947804,5493.59490327381,100%
1039.01799958452,5519.63336309524,100%
1039.17898051314,5804.62609375,100%
1039.33994226162,6249.71796875,100%
1039.50088482767,4954.7190625,100%
1039.661808209,4475.494375,100%
1039.82271240331,6108.408125,100%
1039.98359740833,6110.45609375,100%
1040.14446322176,6110.45609375,100%
1040.30530984132,6110.45609375,100%
1040.46613726472,6110.45609375,100%
1040.62694548966,6110.45609375,100%
1040.78773451386,6110.45609375,100%

Peak Wavelengths
547.258189249608
720.391268506834

Wavelength, Light Calibration Value, Darkness Calibration Value
345.21991,1465.66296875,1474.5375
345.435498861008,1467.7109375,1486.8253125
345.651076862504,1521.64078125,1479.31609375
345.866644002202,4847.54203125,4809.31328125
346.082200277813,4860.5125,4809.31328125
346.297745687047,5841.48953125,5895.419375
346.513280227618,6191.6921875,6130.93578125
346.728803897236,4362.85609375,4393.575625
346.944316693613,3945.07046875,3917.76421875
347.15981861446,6365.76953125,6431.9871875
347.37530965749,4630.35982142857,4614.69123511905
347.590789820413,4879.65938244048,4860.96760416667
347.806259100942,5097.39421875,5074.76904017857
348.021717496787,5236.55857142857,5215.00613839286
348.237165005661,5207.98453125,5188.61009672619
348.452601625276,5303.49139136905,5280.63866071428
348.668027353342,5311.32568452381,5285.1246875
348.883442187571,5208.92724702381,5184.96926339286
349.098846125676,5194.03883928571,5167.18769345238
349.314239165367,5299.98058779762,5277.77800595238
349.529621304356,5305.21428571429,5278.46066220238
349.744992540355,5329.00973214286,5305.86443452381
349.960352871075,5365.15800595238,5341.49258928571
350.175702294228,5494.50511160714,5467.00381696429
350.391040807526,5499.80382440476,5471.55485863095
350.606368408679,5444.76872767857,5418.73026785714
350.821685095401,5514.75724702381,5487.02840029762
351.036990865402,5581.13744047619,5552.46587797619
351.252285716393,5590.43456845238,5562.73822916667
351.467569646088,5481.63216517857,5452.27794642857
351.682842652196,5469.60441220238,5434.82145089286
351.89810473243,5549.50770089286,5510.88886160714
352.113355884501,5511.27895089286,5479.45416666667
352.328596106122,5416.09716517857,5382.28942708333
352.543825395002,5409.33561755952,5379.03868303571
352.759043748855,5532.31126488095,5500.87656994048
352.974251165392,5498.86110863095,5469.73444196429
353.189447642324,5423.73641369048,5393.43947916667
353.404633177362,5480.98201636905,5434.0737797619
353.619807768219,5580.71484375,5533.96914434524
353.834971412607,5572.42544642857,5518.88569196428
354.050124108236,5450.03493303571,5396.75523809524
354.265265852818,5326.96176339286,5270.13875744048
354.480396644065,5370.87931547619,5312.33341517857
354.695516479689,5386.09279761905,5328.65215029762
354.9106253574,5307.74986607143,5242.44241815476
355.125723274911,5276.34767857143,5211.30029017857
355.340810229934,5376.63313244048,5312.52845982143
355.555886220179,5414.40677827381,5354.49556547619
355.770951243359,5329.65988095238,5269.42359375
355.986005297185,5387.03551339286,5326.83173363095
356.201048379369,5464.56575892857,5408.84800595238
356.416080487621,5489.30392113095,5431.76575148809
356.631101619655,5424.61411458333,5358.20141369048
356.846111773181,5444.44365327381,5380.37148809524
357.061110945911,5519.66587053571,5451.07517113095
357.276099135557,5506.24029761905,5436.57685267857
357.49107633983,5443.11084821429,5372.04958333333
357.706042556441,5456.21134672619,5385.63769345238
357.920997783104,5518.43058779762,5464.50074404762
358.135942017528,5527.98777529762,5470.15703869048
358.350875257425,5446.71917410714,5391.22897321429
358.565797500508,5478.83652529762,5419.15286458333
358.780708744488,5553.60363839286,5492.97726190476
358.995608987076,5607.01336309524,5544.46904761905
359.210498225985,5493.98499255952,5437.32452380952
359.425376458925,5471.97745535714,5422.33859375
359.640243683608,5578.82941220238,5528.7029389881
359.855099897745,5542.03098958333,5488.52374255952
360.06994509905,5417.62501488095,5364.44284226191
360.284779285232,5401.37129464286,5352.54511904762
360.499602454003,5426.59706845238,5379.03868303571
360.714414603076,5459.03949404762,5410.31084077381
360.929215730162,5352.41508928571,5308.49753720238
361.144005832972,5348.83927083333,5309.37523809524
361.358784909218,5445.32135416667,5408.42540922619
361.573552956612,5442.26565476191,5407.54770833333
361.788309972865,5343.47554315476,5311.65075892857
362.003055955688,5299.03787202381,5270.10625
362.217790902794,5358.36395089286,5327.38436011905
362.432514811894,5323.61349702381,5287.07513392857
362.647227680699,5251.51199404762,5218.80950892857
362.861929506922,5261.42676339286,5226.31872767857
363.076620288273,5367.88863095238,5332.87811755952
363.291300022465,5407.09260416667,5374.13005952381
363.505968707208,5369.96910714286,5332.94313244048
363.720626340215,5353.84541666667,5311.42320684524
363.935272919197,5457.1540625,5413.04146577381
364.149908441866,5465.83354910714,5420.87575892857
364.364532905934,5366.88090029762,5321.59803571429
364.579146309111,5414.86188244048,5368.40875
364.79374864911,5482.9649702381,5432.22085565476
365.008339923641,5515.7324702381,5465.28092261905
365.222920130418,5450.22997767857,5397.34037202381
365.437489267151,5460.04722470238,5407.32015625
365.652047331552,5536.8948139881,5485.11046130952
365.866594321332,5510.62880208333,5454.65098958333
366.081130234203,5438.98240327381,5382.15939732143
366.295655067877,5416.94235863095,5357.45374255952
366.510168820066,5511.86408482143,5451.04266369048
366.72467148848,5513.32691964286,5453.15564732143
366.939163070832,5460.37229910714,5402.96415922619
367.153643564833,5422.33859375,5365.93818452381
367.368112968194,5519.89342261905,5466.09360863095
367.582571278628,5478.64148065476,5428.18993303571
367.797018493846,5394.51222470238,5342.63034970238
368.011454611559,5305.92944940476,5254.69772321429
368.225879629479,5397.79547619048,5346.62876488095
368.440293545318,5385.41014136905,5327.51438988095
368.654696356787,5282.84916666667,5223.78314732143
368.869088061598,5279.89098958333,5223.84816220238
369.083468657462,5331.74035714286,5273.19445684524
369.297838142092,5376.11301339286,5318.89991815476
369.512196513198,5281.25630208333,5224.59583333333
369.726543768492,5239.28919642857,5184.31911458333
369.940879905687,5350.1070610119,5293.60912946429
370.155204922492,5354.43055059524,5296.92488839286
370.369518816621,5284.89713541667,5224.85589285714
370.583821585784,5354.13798363095,5293.18653273809
370.798113227694,5462.09519345238,5398.3155952381
371.012393740062,5523.82682291667,5460.46982142857
371.226663120598,5443.07834077381,5377.51083333333
371.440921367016,5446.68666666667,5382.51697916667
371.655168477027,5568.13446428571,5504.71244791667
371.869404448341,5567.77688244047,5505.23256696429
372.083629278672,5502.63197172619,5440.08765625
372.29784296573,5496.84564732143,5432.25336309524
372.512045507227,5608.50870535714,5543.42880952381
372.726236900874,5595.8633110119,5534.16418898809
372.940417144384,5536.79729166667,5483.16001488095
373.154586235468,5537.64248511905,5489.9215625
373.368744171837,5651.38601934524,5597.81375744048
373.582890951202,5650.83339285714,5598.85399553571
373.797026571277,5566.57410714286,5516.02503720238
374.011151029772,5561.95805059524,5510.75883184524
374.225264324398,5647.84270833333,5597.29363839286
374.439366452868,5633.01931547619,5584.19313988095
374.653457412893,5545.73683779762,5492.78221726191
374.867537202184,5534.65180059524,5484.5903422619
375.081605818454,5564.36360119048,5511.96160714286
375.295663259413,5553.47360863095,5501.10412202381
375.509709522774,5410.57090029762,5358.36395089286
375.723744606248,5426.40202380952,5375.59289434524
375.937768507546,5478.12136160714,5428.44999255952
376.15178122438,5461.47755208333,5408.29537946429
376.365782754462,5373.90250744048,5318.18475446429
376.579773095504,5370.26167410714,5315.09654761905
376.793752245216,5460.17725446429,5404.32947172619
377.007720201311,5459.00698660714,5406.73502232143
377.2216769615,5398.28308779762,5342.50031994048
377.435622523495,5370.68427083333,5320.26523065476
377.649556885007,5437.64959821429,5383.26465029762
377.863480043748,5397.79547619048,5348.15661458333
378.07739199743,5320.03767857143,5272.25174107143
378.291292743764,5288.50546130952,5237.63131696429
378.505182280461,5370.19665922619,5318.54233630952
378.719060605234,5374.52014880952,5318.34729166667
378.932927715794,5284.37701636905,5223.49058035714
379.146783609852,5341.00497767857,5277.45293154762
379.36062828512,5418.01510416667,5351.79744791667
379.57446173931,5388.56336309524,5319.74511160714
379.788283970133,5319.48505208333,5252.12963541667
380.002094975302,5377.99844494048,5309.11517857143
380.215894752526,5488.39371279762,5418.04761160714
380.429683299519,5508.58083333333,5435.37407738095
380.643460613992,5403.93938244048,5329.95244791667
380.857226693655,5381.60677083333,5304.53162946429
381.070981536222,5521.94139136905,5440.08765625
381.284725139403,5486.73583333333,5405.85732142857
381.49845750091,5392.65930059524,5309.21270089286
381.712178618455,5382.15939732143,5295.72211309524
381.925888489749,5451.40024553571,5358.20141369048
382.139587112504,5448.27953125,5355.5683110119
382.353274484432,5393.11440476191,5295.00694940476
382.566950603243,5372.43967261905,5271.56908482143
382.780615466651,5494.21254464286,5390.54631696429
382.994269072365,5482.76992559524,5377.28328125
383.207911418098,5411.67615327381,5306.25452380952
383.421542501562,5395.03234375,5291.85372767857
383.635162320468,5434.59389880952,5335.34868303571
383.848770872527,5481.04703125,5383.81727678571
384.062368155452,5421.33086309524,5323.87355654762
384.275954166954,5407.97030505952,5312.04084821429
384.489528904744,5457.83671875,5357.16117559524
384.703092366534,5397.47040178571,5296.01468005952
384.916644550035,5312.82102678571,5211.33279761905
385.13018545296,5319.87514136905,5215.59127232143
385.34371507302,5442.49320684524,5340.38733630952
385.557233407926,5454.94355654762,5354.98317708333
385.77074045539,5415.60955357143,5317.79466517857
385.984236213123,5431.213125,5335.21865327381
386.197720678838,5516.18757440476,5420.90826636905
386.411193850246,5554.70889136905,5456.92651041667
386.624655725058,5518.49560267857,5417.98259672619
386.838106300986,5542.16101934524,5440.02264136905
387.051545575742,5698.84688244048,5596.38343005952
387.264973547037,5626.90791666667,5522.49401785714
387.478390212582,5582.01514136905,5473.96040922619
387.69179557009,5563.74595982143,5454.87854166667
387.905189617272,5634.57967261905,5522.88410714286
388.11857235184,5642.15390625,5528.41037202381
388.331943771505,5531.10848958333,5414.73185267857
388.545303873978,5541.18579613095,5421.42838541667
388.758652656972,5628.92337797619,5504.84247767857
388.971990118198,5642.47898065476,5521.09619791667
389.185316255368,5582.17767857143,5462.16020833333
389.398631066192,5589.55686755952,5466.80877232143
389.611934548384,5665.03914434524,5543.0387202381
389.825226699653,5623.5921577381,5498.63355654762
390.038507517713,5507.21552083333,5379.13620535714
390.251777000274,5517.2278125,5382.64700892857
390.465035145049,5600.90196428571,5465.54098214286
390.678281949748,5582.50275297619,5445.45138392857
390.891517412083,5503.0220610119,5364.18278273809
391.104741529767,5485.11046130952,5348.93679315476
391.31795430051,5541.99848214286,5409.69319940476
391.531155722024,5499.18618303571,5367.43352678571
391.74434579202,5462.77784970238,5332.87811755952
391.957524508211,5446.16654761905,5318.37979910714
392.170691868309,5519.76339285714,5393.95959821429
392.383847870023,5542.51860119048,5416.09716517857
392.596992511067,5456.86149553571,5330.40755208333
392.810125789151,5467.39390625,5340.2898139881
393.023247701988,5548.17489583333,5420.58319196429
393.236358247288,5536.89481398809,5405.10965029762
393.449457422764,5429.23017113095,5296.27473958333
393.662545226128,5432.31837797619,5296.72984375
393.875621655089,5491.77448660714,5354.30052083333
394.088686707362,5510.40125,5367.66107886905
394.301740380656,5444.28111607143,5300.40318452381
394.514782672683,5410.63591517857,5261.62180803571
394.727813581156,5447.92194940476,5301.86601934524
394.940833103785,5438.81986607143,5289.38316220238
395.153841238283,5380.07892113095,5228.36669642857
395.36683798236,5347.9290625,5195.11158482143
395.579823333729,5391.09894345238,5238.44400297619
395.792797290101,5384.6624702381,5225.92863839286
396.005759849188,5270.59386160714,5108.90185267857
396.218711008701,5279.95600446428,5114.81820684524
396.431650766351,5355.27574404762,5188.38254464286
396.644579119852,5362.03729166667,5194.75400297619
396.857496066913,5304.7916889881,5135.03783482143
397.070401605247,5284.9946577381,5113.03029761905
397.283295732565,5365.48308035714,5191.56827380952
397.496178446579,5376.08050595238,5198.78492559524
397.709049745,5291.98375744048,5117.97142857143
397.921909625541,5319.58257440476,5142.77460565476
398.134758085912,5404.29696428571,5227.81406994048
398.347595123825,5452.86308035714,5278.00555803571
398.560420736992,5388.01073660714,5216.63151041667
398.773234923125,5408.88051339286,5237.66382440476
398.986037679935,5469.50688988095,5303.88148065476
399.198829005133,5466.1586235119,5296.24223214286
399.411608896431,5390.77386904762,5216.8590625
399.624377351542,5393.63452380952,5219.32962797619
399.837134368175,5540.37311011905,5364.21529017857
400.049879944044,5598.59393601191,5414.14671875
400.262614076859,5513.35942708333,5328.29456845238
400.475336764333,5522.59154017857,5335.31617559524
400.688048004176,5642.41396577381,5450.06744047619
400.900747794101,5647.35509672619,5450.94514136905
401.113436131818,5551.58817708333,5352.67514880952
401.32611301504,5533.31899553571,5337.29912946429
401.538778441479,5642.67402529762,5443.76099702381
401.751432408845,5646.21733630952,5447.27180059524
401.964074914851,5570.475,5378.68110119048
402.176705957207,5597.78125,5399.35583333333
402.389325533626,5614.81514880952,5418.24265625
402.601933641819,5678.2046577381,5477.7637797619
402.814530279499,5576.91147321429,5376.53561011905
403.027115444375,5575.02604166667,5374.65017857143
403.23968913416,5645.30712797619,5440.80281994048
403.452251346566,5666.76203869048,5456.17883928571
403.664802079304,5595.79829613095,5383.26465029762
403.877341330086,5621.77174107143,5412.06624255952
404.089869096623,5723.12994047619,5511.86408482143
404.302385376627,5667.89979910714,5455.78875
404.51489016781,5577.59412946429,5362.10230654762
404.727383467883,5581.20245535714,5365.48308035714
404.939865274557,5654.11664434524,5438.91738839286
405.152335585545,5597.78125,5383.39468005952
405.364794398558,5546.61453869048,5335.99883184524
405.577241711307,5571.7102827381,5353.42281994048
405.789677521504,5633.11683779762,5408.45791666667
406.002101826862,5666.07938244048,5435.79667410714
406.21451462509,5603.40503720238,5371.9520610119
406.426915913901,5624.30732142857,5383.45969494048
406.639305691007,5720.30179315476,5476.98360119048
406.851683954119,5759.01815476191,5511.96160714286
407.064050700949,5627.818125,5376.99071428571
407.276405929208,5607.30593005952,5349.39189732143
407.488749636608,5684.64113095238,5418.7952827381
407.70108182086,5689.8098139881,5419.25038690476
407.913402479676,5647.22506696429,5371.62698660714
408.125711610768,5680.54519345238,5403.12669642857
408.338009211848,5722.47979166667,5438.29974702381
408.550295280626,5704.63320684524,5418.89280505952
408.762569814815,5675.34400297619,5384.75999255952
408.974832812126,5667.18463541667,5375.85295386905
409.18708427027,5810.28238839286,5516.51264880952
409.39932418696,5801.37534970238,5502.92453869048
409.611552559907,5746.53529761905,5442.52571428571
409.823769386822,5741.72419642857,5427.53978422619
410.035974665417,5866.68279761905,5553.86369791667
410.248168393404,5925.26120535714,5609.67897321429
410.460350568494,5841.91212797619,5525.87479166667
410.672521188399,5846.1380952381,5526.10234375
410.88468025083,5867.72303571429,5548.23991071429
411.096827753499,5841.58705357143,5523.04664434524
411.308963694118,5784.66652529762,5462.94038690476
411.521088070399,5789.18505952381,5471.00223214286
411.733200880052,5904.71650297619,5588.28907738095
411.945302120789,5952.27488839286,5633.96203125
412.157391790323,5921.65287946429,5601.8771875
412.369469886364,5894.96427083333,5578.37430803571
412.581536406624,5950.71453125,5633.18185267857
412.793591348816,5963.97756696429,5646.54241071429
413.005634710649,5899.61283482143,5578.11424851191
413.217666489837,5906.63444196429,5585.39591517857
413.42968668409,5974.83505208333,5652.55628720238
413.641695291121,5932.15278273809,5608.76876488095
413.85369230864,5894.73671875,5571.12514880952
414.06567773436,5878.09290922619,5558.08966517857
414.277651565991,5981.07648065476,5662.04845982143
414.489613801246,5968.26854910714,5646.34736607143
414.701564437837,5839.83165178571,5517.45536458333
414.913503473474,5817.27148809524,5494.05000744048
415.12543090587,5869.86852678571,5544.82662946429
415.337346732735,5875.23225446429,5550.35289434524
415.549250951782,5856.08537202381,5530.23078869048
415.761143560723,5858.97853422619,5528.83296875
415.973024557268,5981.66161458333,5646.89999255952
416.184893939129,5954.6804389881,5613.31980654762
416.396751704019,5834.30538690476,5491.74197916667
416.608597849648,5852.50955357143,5507.05298363095
416.820432373728,5893.07883928571,5544.30651041667
417.032255273971,5893.9240327381,5541.8034375
417.244066548088,5836.64592261905,5476.95109375
417.455866193791,5848.67367559524,5485.24049107143
417.667654208792,5885.66714285714,5519.34079613095
417.879430590802,5897.49985119048,5527.82523809524
418.091195337533,5815.74363839286,5440.83532738095
418.302948446696,5823.02530505952,5440.96535714286
418.514689916002,5909.62512648809,5522.23395833333
418.726419743165,5870.87625744048,5481.40461309524
418.938137925894,5766.23480654762,5376.66563988095
419.149844461903,5822.89527529762,5427.47476934524
419.361539348901,5895.71194196429,5496.1954985119
419.573222584602,5912.32324404762,5506.46784970238
419.784894166716,5870.09607886905,5459.13701636905
419.996554092955,5818.1491889881,5399.29081845238
420.208202361031,5869.86852678571,5449.02720238095
420.419838968655,5804.72361607143,5378.25850446429
420.631463913539,5752.67920386905,5324.00358630952
420.843077193395,5784.66652529762,5350.36712053571
421.054678805933,5772.47623511905,5337.03906994048
421.266268748867,5788.1123139881,5350.5296577381
421.477847019906,5755.31230654762,5313.34114583333
421.689413616764,5750.5662202381,5309.34273065476
421.900968537151,5803.55334821429,5361.90726190476
422.112511778779,5802.48060267857,5355.5683110119
422.32404333936,5739.61121279762,5289.35065476191
422.535563216605,5743.70715029762,5293.60912946429
422.747071408226,5814.7359077381,5361.09457589286
422.958567911934,5803.29328869048,5344.3857514881
423.170052725441,5743.47959821429,5281.45134672619
423.38152584646,5750.53371279762,5282.23152529762
423.5929872727,5780.76563244048,5311.55323660714
423.804437001874,5760.57851190476,5288.86304315476
424.015875031694,5708.98920386905,5235.71337797619
424.22730135987,5750.95630952381,5274.62478422619
424.438715984116,5842.39973958333,5361.74472470238
424.650118902141,5884.23681547619,5399.71341517857
424.861510111659,5869.86852678571,5379.26623511905
425.07288961038,5896.94722470238,5401.0462202381
425.284257396016,5941.80749255952,5447.79191964286
425.495613466278,5958.58133184524,5459.8846875
425.706957818879,5896.16704613095,5394.60974702381
425.91829045153,5872.98924107143,5363.98773809524
426.129611361942,5923.18072916667,5412.06624255952
426.340920547827,5954.42037946429,5437.84464285714
426.552218006896,5887.26000744048,5368.47376488095
426.763503736862,5903.80629464286,5382.061875
426.974777735436,5989.72345982143,5463.46050595238
427.186040000329,6035.81901041667,5505.26507440476
427.397290529253,6001.32861607143,5469.24683035714
427.60852931992,6000.19085565476,5463.1679389881
427.81975637004,6077.26599702381,5536.76478422619
428.030971677327,6089.97640625,5543.0387202381
428.242175239491,6055.32347470238,5503.50967261905
428.453367054244,6066.31098958333,5508.41829613095
428.664547119298,6106.32764880952,5545.24922619048
428.875715432364,6115.33220982143,5553.57113095238
429.086871991153,6020.08540922619,5452.44048363095
429.298016793378,6000.45091517857,5431.31064732143
429.50914983675,6048.72446428571,5475.13067708333
429.72027111898,6078.89136904762,5503.05456845238
429.931380637781,6025.70919642857,5442.81828125
430.142478390864,6121.37859375,5530.45834077381
430.353564375939,6199.81904761905,5606.94834821429
430.56463859072,6219.19348214286,5618.32595238095
430.775701032917,6124.14172619048,5517.48787202381
430.986751700243,6142.99604166667,5531.59610119048
431.197790590408,6191.62717261905,5572.62049107143
431.408817701124,6212.33441220238,5584.55072172619
431.619833030104,6079.50901041667,5446.00401041667
431.830836575058,6093.84479166667,5456.14633184524
432.041828333698,6161.49277529762,5518.17052827381
432.252808303736,6159.89991071429,5508.38578869048
432.463776482883,6086.88819940476,5434.69142113095
432.674732868851,6076.61584821429,5416.87734375
432.885677459352,6129.63548363095,5469.70193452381
433.096610252096,6131.03330357143,5462.35525297619
433.307531244797,6056.68878720238,5383.45969494048
433.518440435165,6060.97976934524,5382.64700892857
433.729337820911,6126.35223214286,5439.04741815476
433.940223399749,6140.23290922619,5447.75941220238
434.151097169388,6054.25072916667,5349.26186755952
434.361959127541,6080.77680059524,5373.15483630952
434.572809271919,6081.68700892857,5367.98615327381
434.783647600234,6082.72724702381,5363.27257440476
434.994474110198,6001.52366071429,5281.48385416667
435.205288799522,6009.58550595238,5287.56274553571
435.416091665917,6079.34647321429,5352.31756696429
435.626882707096,6104.34469494048,5371.6920014881
435.837661920769,6018.94764880952,5283.79188244048
436.048429304649,6039.36232142857,5296.98990327381
436.259184856448,6096.18532738095,5347.31142113095
436.469928573875,6097.77819196429,5345.26345238095
436.680660454645,6076.16074404762,5317.20953125
436.891380496466,6074.30781994048,5310.83807291667
437.102088697053,6137.46977678572,5373.3173735119
437.312785054115,6114.25946428571,5345.97861607143
437.523469565365,6052.04022321429,5278.4281547619
437.734142228515,6103.43448660714,5322.02063244048
437.944803041275,6170.62736607143,5386.58040922619
438.155452001357,6164.22340029762,5377.57584821429
438.366089106474,6097.94072916667,5307.0997172619
438.576714354336,6088.12348214286,5297.15244047619
438.787327742656,6108.21308035714,5317.30705357143
438.997929269144,6111.59385416667,5314.77147321429
439.208518931513,6041.73536458333,5243.28761160714
439.419096727474,6056.13616071429,5252.48721726191
439.629662654738,6142.11834077381,5331.35026785714
439.840216711018,6161.49277529762,5348.93679315476
440.050758894025,6078.98889136905,5263.73479166667
440.261289201469,6115.20218005952,5294.74688988095
440.471807631064,6238.95800595238,5415.67456845238
440.682314180521,6247.5399702381,5417.65752232143
440.892808847551,6180.99723958333,5343.76811011905
441.103291629865,6162.46799851191,5319.77761904762
441.313762525176,6238.9254985119,5389.86366071429
441.524221531195,6269.28744791667,5415.12194196429
441.734668645633,6228.10052083333,5368.11618303571
441.945103866203,6228.81568452381,5369.44898809524
442.155527190615,6282.84305059524,5416.03215029762
442.365938616582,6317.39845982143,5445.45138392857
442.576338141815,6248.71023809524,5372.53719494048
442.786725764025,6245.7520610119,5362.45988839286
442.997101480925,6341.12889136905,5450.94514136905
443.207465290225,6352.83156994048,5451.85534970238
443.417817189638,6317.88607142857,5414.04919642857
443.628157176875,6396.65159970238,5487.22344494048
443.838485249647,6474.40939732143,5558.67479910714
444.048801405666,6492.45102678571,5569.07718005952
444.259105642644,6417.35883928571,5485.20798363095
444.469397958293,6417.13128720238,5487.80857886905
444.679678350323,6444.07995535714,5508.4833110119
444.889946816447,6382.12077380952,5445.77645833333
445.100203354376,6348.28052827381,5406.89755952381
445.310447961822,6385.20898065476,5438.49479166667
445.520680636496,6456.30275297619,5509.58856398809
445.73090137611,6482.01613839286,5525.48470238095
445.941110178376,6441.51186755952,5481.43712053571
446.151307041005,6450.58144345238,5482.73741815476
446.361491961708,6511.40286458333,5531.27102678571
446.571664938198,6472.55647321429,5487.97111607143
446.781825968186,6403.28311755952,5411.51361607143
446.991975049383,6422.91761160714,5426.85712797619
447.202112179501,6479.05796130952,5483.42007440476
447.412237356252,6500.09027529762,5499.77131696429
447.622350577348,6446.84308779762,5443.53344494048
447.832451840499,6465.76241815476,5457.34910714286
448.042541143418,6470.15092261905,5455.36615327381
448.252618483815,6460.07361607143,5436.8044047619
448.462683859404,6350.75109375,5327.22182291667
448.672737267895,6372.23851190476,5345.26345238095
448.882778706999,6512.60563988095,5469.27933779762
449.092808174429,6603.39892113095,5551.13307291667
449.302825667897,6544.78800595238,5484.65535714286
449.512831185113,6528.69682291667,5463.49301339286
449.722824723789,6580.6762202381,5510.23871279762
449.932806281637,6651.93252976191,5572.78302827381
450.142775856368,6584.9021875,5503.89976190476
450.352733445695,6566.60049851191,5476.04088541667
450.562679047328,6662.52995535714,5570.83258184524
450.77261265898,6671.4695014881,5572.45795386905
450.982534278361,6628.49466517857,5526.23237351191
451.192443903184,6630.31508184524,5522.91661458333
451.40234153116,6715.54959077381,5603.73011160714
451.61222716,6730.69805803571,5605.32297619048
451.822100787417,6635.71131696429,5499.18618303571
452.031962411121,6697.15037946429,5551.26310267857
452.241812028825,6721.75851190476,5574.08332589286
452.45164963824,6715.9721875,5557.01691964286
452.661475237078,6681.67683779762,5517.81294642857
452.87128882305,6730.21044642857,5549.24764136905
453.081090393868,6747.34186755952,5557.43951636905
453.290879947243,6713.92421875,5518.75566220238
453.500657480887,6605.15432291667,5404.32947172619
453.710422992512,6619.81517857143,5406.37744047619
453.920176479828,6641.95274553571,5424.28904017857
454.129917940549,6678.2960639881,5448.1495014881
454.339647372385,6534.45063988095,5297.93261904762
454.549364773049,6565.30020089286,5314.93401041667
454.75907014025,6634.99615327381,5377.4133110119
454.968763471702,6621.70061011905,5349.4244047619
455.178444765116,6584.28454613095,5306.90467261905
455.388114018203,6638.37692708333,5343.99566220238
455.597771228675,6704.65959821429,5403.48427827381
455.807416394244,6687.300625,5372.92728422619
456.017049512621,6664.74046130953,5337.10408482143
456.226670581517,6690.61638392857,5353.48783482143
456.436279598645,6709.30816220238,5363.30508184524
456.645876561716,6766.19618303571,5402.4115327381
456.855461468442,6755.20866815476,5383.26465029762
457.065034316534,6741.39300595238,5358.20141369048
457.274595103703,6802.01938244047,5409.95325892857
457.484143827662,6841.67845982143,5437.06446428572
457.693680486122,6776.11095238095,5358.91657738095
457.903205076794,6760.01976934524,5336.4539360119
458.11271759739,6839.50046130952,5406.73502232143
458.322218045623,6878.47688244048,5428.38497767857
458.531706419202,6791.68201636905,5338.66444196429
458.741182715841,6802.63702380952,5337.98178571429
458.95064693325,6848.34248511905,5376.17802827381
459.160099069141,6847.10720238095,5360.96454613095
459.369539121226,6835.50204613095,5335.41369791667
459.578967087216,6826.46497767857,5314.18633928571
459.788382964823,6870.08996279762,5351.8949702381
459.997786751759,6906.66083333333,5370.06662946429
460.207178445735,6851.72325892857,5306.70962797619
460.416558044462,6878.24933035714,5325.14134672619
460.625925545653,6942.09394345238,5376.17802827381
460.835280947018,6988.70961309524,5406.18239583333
461.044624246271,6888.52168154762,5297.21745535714
461.253955441121,6899.80176339286,5294.58435267857
461.463274529281,7002.13518601191,5381.05414434524
461.672581508462,7050.70130208333,5419.34790922619
461.881876376376,6992.15540178572,5353.13025297619
462.091159130735,7004.67076636905,5348.38416666667
462.30042976925,7068.64540922619,5394.41470238095
462.509688289632,7087.4672172619,5397.01529761905
462.718934689594,7030.67671875,5330.18
462.928168966846,7058.50308779762,5341.55760416667
463.137391119102,7126.8012202381,5395.78001488095
463.346601144071,7144.8103422619,5399.9409672619
463.555799039465,7120.39725446429,5363.59764880952
463.764984802997,7084.50904017857,5315.09654761905
463.974158432378,7198.4801264881,5412.71639136905
464.18331992532,7171.56396577381,5375.91796875
464.392469279533,7132.84760416667,5324.32866071429
464.60160649273,7180.14593005952,5354.49556547619
464.810731562622,7215.51402529762,5373.93501488095
465.019844486922,7222.40560267857,5370.84680803571
465.228945263339,7167.85811755952,5308.335
465.438033889587,7192.30371279762,5315.74669642857
465.647110363376,7236.77389136905,5347.40894345238
465.856174682419,7221.36536458333,5316.88445684524
466.065226844426,7180.73106398809,5262.07691220238
466.27426684711,7208.49241815476,5264.38494047619
466.483294688181,7309.78560267857,5354.85314732143
466.692310365353,7331.1754985119,5357.42123511905
466.901313876335,7293.23931547619,5304.40159970238
467.110305218841,7321.39075892857,5315.74669642857
467.319284390581,7394.23993303571,5371.20438988095
467.528251389266,7424.60188244048,5378.61608630952
467.73720621261,7418.71803571429,5354.98317708333
467.946148858323,7410.85123511905,5329.13976190476
468.155079324116,7484.93569196428,5382.45196428571
468.363997607702,7470.76244791667,5354.20299851191
468.572903706792,7457.62944196428,5320.59030505952
468.781797619097,7455.32141369048,5294.97444196429
468.99067934233,7509.64134672619,5328.32707589286
469.199548874201,7517.02053571429,5318.0222172619
469.408406212423,7468.19436011905,5247.22101190476
469.617251354706,7493.61517857143,5250.30921875
469.826084298764,7584.27843005952,5312.46344494048
470.034905042306,7611.71470982143,5313.86126488095
470.243713583045,7637.98072172619,5323.87355654762
470.452509918693,7652.64157738095,5312.13837053571
470.661294046961,7737.2259375,5383.06960565476
470.87006596556,7739.33892113095,5352.70765625
471.078825672202,7730.98450892857,5327.25433035714
471.287573164599,7771.42376488095,5346.40121279762
471.496308440462,7854.25272321429,5404.58953125
471.705031497503,7889.00317708333,5417.69002976191
471.913742333434,7880.06363095238,5388.46584077381
472.122440945966,7905.45194196428,5387.3930952381
472.331127332811,7995.20498511905,5454.58597470238
472.53980149168,8002.03154761905,5438.33225446429
472.748463420285,7968.06127232143,5368.89636160714
472.957113116337,8020.26822172619,5387.94572172619
473.165750577549,8103.97488095238,5449.93741071429
473.374375801631,8138.72533482143,5459.7546577381
473.582988786296,8130.14337053571,5430.82303571429
473.791589529255,8220.57906994048,5488.78380208333
474.000178028219,8274.93151041667,5522.75407738095
474.2087542809,8308.41417410715,5534.61929315476
474.41731828501,8276.68691220238,5480.364375
474.62587003826,8283.83854910714,5457.64167410714
474.834409538362,8332.40466517857,5482.83494047619
475.042936783028,8370.11329613095,5490.34415922619
475.251451769968,8354.8998139881,5451.01015625
475.459954496896,8363.93688244048,5426.95465029762
475.668444961521,8400.8978422619,5436.15425595238
475.876923161557,8419.58962053571,5425.23175595238
476.085389094714,8398.13470982143,5372.01707589286
476.293842758704,8418.48436755952,5363.27257440476
476.502284151238,8455.15276041667,5370.91182291667
476.710713270029,8483.43423363095,5367.95364583333
476.919130112788,8481.48378720238,5345.39348214286
477.127534677227,8503.06872767857,5347.40894345238
477.335926961056,8553.19520089286,5375.20280505952
477.544306961988,8557.38866071429,5353.68287946429
477.752674677734,8536.42136160714,5300.59822916667
477.961030106007,8559.46913690476,5289.87077380953
478.169373244516,8649.28719494047,5355.17822172619
478.377704090975,8688.45866071428,5361.77723214286
478.586022643094,8650.48997023809,5294.58435267857
478.794328898586,8715.37482142857,5330.04997023809
479.002622855161,8758.86977678571,5342.4678125
479.210904510532,8808.76869791667,5360.99705357143
479.41917386241,8751.5230952381,5274.7548139881
479.627430908506,8758.6097172619,5257.8184375
479.835675646533,8862.82857142857,5331.6753422619
480.043908074201,8906.97367559524,5345.03590029762
480.252128189223,8881.97545386905,5294.58435267857
480.46033598931,8905.57585565476,5286.45749255952
480.668531472173,9008.94951636905,5356.54353422619
480.876714635525,9040.90433035714,5361.32212797619
481.084885477077,9025.10571428571,5318.15224702381
481.29304399454,9082.64388392857,5337.62420386905
481.501190185626,9172.62447916667,5396.46267113095
481.709324048046,9236.63162946428,5422.37110119048
481.917445579513,9213.32379464286,5372.3746577381
482.125554777737,9250.73985863095,5375.91796875
482.333651640431,9352.32561011905,5445.15881696429
482.541736165306,9339.84275297619,5398.18556547619
482.749808350073,9329.08279017857,5349.26186755952
482.957868192445,9371.76505952381,5362.68744047619
483.165915690132,9407.8158110119,5368.34373511905
483.373950840847,9438.56784970238,5370.91182291667
483.581973642301,9413.50461309524,5314.12132440476
483.789984092205,9447.60491815476,5317.98970982143
483.997982188272,9564.43665922619,5402.89914434524
484.205967928212,9617.52130952381,5425.58933779762
484.413941309737,9607.37898809524,5387.03551339286
484.62190233056,9683.34887648809,5427.66981398809
484.829850988391,9803.20380952381,5513.78202380952
485.037787280942,9812.27338541667,5495.9354389881
485.245711205925,9820.46526041667,5468.0765625
485.453622761051,9857.88132440476,5471.45733630952
485.661521944033,9917.95507440476,5501.59173363095
485.86940875258,9961.41752232143,5518.95070684524
486.077283184406,9992.03953125,5524.15189732143
486.285145237222,10024.6119866071,5523.46924107143
486.492994908739,10083.6454985119,5560.07261904762
486.700832196668,10137.4778199405,5583.41296130952
486.908657098723,10118.5259821429,5537.15487351191
487.116469612613,10335.0580431548,5726.96581845238
487.324269736051,10386.7448735119,5749.2009077381
487.532057466749,10463.2023735119,5795.71905505952
487.739832802417,10430.2073214286,5738.37593005952
487.947595740768,10455.3355729167,5737.49822916667
488.155346279513,10569.2091369048,5813.20805803571
488.363084416364,10569.2091369048,5786.35691220238
488.570810149032,10540.2450074405,5730.99674107143
488.778523475229,10527.24203125,5691.76026041667
488.986224392666,10628.892797619,5761.19615327381
489.193912899055,10615.8573139881,5724.2026860119
489.401588992108,10591.9318377976,5667.5422172619
489.609252669537,10594.5649404762,5647.38760416667
489.816903929052,10671.4125297619,5693.2230952381
490.024542768366,10700.3116443452,5694.23082589286
490.23216918519,10769.8775669643,5726.96581845238
490.439783177235,10737.4676488095,5665.16917410714
490.647384742214,10826.180453869,5723.65005952381
490.854973877837,10850.073422619,5718.93648065476
491.062550581817,10786.2938244048,5631.00385416667
491.270114851865,10816.8508184524,5640.46351934524
491.477666685693,10726.0575372024,5520.31601934524
491.685206081012,10765.6190922619,5530.36081845238
491.892733035534,10746.1796428571,5476.98360119048
492.10024754697,10799.3943229167,5490.57171130952
492.307749613032,10905.5311160714,5569.75983630952
492.515239231432,10893.080766369,5547.97985119048
492.722716399881,10922.6950446429,5547.29719494048
492.930181116091,10915.9660044643,5514.72473958333
493.137633377774,11008.0270758929,5572.55547619048
493.34507318264,11040.0143973214,5574.92851934524
493.552500528402,11012.7731622024,5518.65813988095
493.759915412771,11017.4867410714,5504.02979166667
493.967317833459,11119.3650595238,5579.44705357143
494.174707788178,11155.350796131,5590.30453869048
494.382085274638,11129.6049032738,5538.19511160714
494.589450290552,11083.5743675595,5461.57507440476
494.796802833631,11170.1416815476,5522.49401785714
495.004142901588,11211.881235119,5533.31899553571
495.211470492132,11218.2852008929,5509.62107142857
495.418785602976,11239.7076041667,5501.42919642857
495.626088231832,11340.8057440476,5571.90532738095
495.833378376411,11367.2017857143,5570.96261160714
496.040656034425,11344.6416220238,5521.55130208333
496.247921203586,11343.9914732143,5491.02681547619
496.455173881604,11429.4535342262,5550.51543154762
496.662414066192,11435.8249925595,5526.36240327381
496.869641755061,11491.6077604167,5545.67182291667
497.076856945923,11466.0894196429,5490.70174107143
497.284059636489,11537.638296131,5533.51404017857
497.491249824471,11592.7709151786,5560.98282738095
497.698427507581,11518.1013244048,5468.59668154762
497.90559268353,11533.47734375,5461.08746279762
498.112745350029,11665.7176116071,5560.04011160714
498.319885504791,11688.7978943452,5544.89164434524
498.527013145527,11650.0490252976,5481.5996577381
498.734128269948,11689.7731175595,5491.64445684524
498.941230875767,11799.1606547619,5578.666875
499.148320960694,11825.7842485119,5580.48729166667
499.355398522442,11785.8651116071,5520.31601934524
499.562463558721,11775.9828497024,5483.51759672619
499.769516067244,11850.7499627976,5526.49243303572
499.976556045722,11844.7360863095,5494.08251488095
500.183583491867,11801.9562946429,5424.67912946429
500.39059840339,11845.3537276786,5439.01491071429
500.597600778004,11918.2029017857,5493.59490327381
500.804590613418,11910.5311458333,5467.84901041667
501.011567907346,11868.0114136905,5396.20261160714
501.218532657498,11821.8183407738,5325.23886904762
501.425484861587,11911.7989360119,5395.94255208333
501.632424517324,11930.9458184524,5388.49834821429
501.83935162242,11913.4893229167,5348.38416666667
502.046266174587,11924.1842708333,5327.38436011905
502.253168171537,12011.4342410714,5385.3451264881
502.460057610981,12038.2853869048,5393.60201636905
502.666934490631,12009.97140625,5346.95383928571
502.873798808198,12036.8550595238,5341.94769345238
503.080650561395,12086.2013541667,5366.97842261905
503.287489747932,12044.4943080357,5297.73757440476
503.494316365522,12025.1848883929,5246.21328125
503.701130411875,12047.452485119,5237.92388392857
503.907931884704,12140.4562723214,5307.35977678571
504.11472078172,12188.3722395833,5329.17226934524
504.321497100634,12208.3318080357,5322.57325892857
504.528260839159,12247.1456919643,5332.48802827381
504.735011995006,12317.0366889881,5375.59289434524
504.941750565886,12341.9048809524,5373.0573139881
505.148476549511,12332.802797619,5339.57465029762
505.355189943593,12369.1461160714,5347.40894345238
505.561890745843,12483.9949032738,5424.02898065476
505.768578953973,12505.2547693452,5410.11579613095
505.975254565694,12512.1138392857,5387.6531547619
506.181917578718,12518.7453571429,5365.32054315476
506.388567990757,12583.8577604167,5408.26287202381
506.595205799522,12643.5739285714,5442.88329613095
506.801831002725,12582.6874925595,5348.93679315476
507.008443598077,12624.8171354167,5361.87475446429
507.215043583291,12699.2916815476,5410.89597470238
507.421630956077,12740.6086383929,5424.64662202381
507.628205714147,12720.681577381,5372.92728422619
507.834767855213,12709.2714657738,5344.90587053571
508.041317376986,12804.1606845238,5413.49656994048
508.247854277179,12831.4344270833,5413.3340327381
508.454378553502,12824.997953869,5380.98912946429
508.660890203667,12810.7271875,5337.0065625
508.867389225386,12861.7313616071,5362.06979910714
509.07387561637,12911.695297619,5380.27396577381
509.280349374331,12888.484985119,5331.61032738095
509.486810496981,12940.0742931548,5350.04204613095
509.693258982031,13030.9976041667,5410.18081101191
509.899694827193,13059.831703869,5412.58636160714
510.106118030178,13024.2035491071,5348.7417485119
510.312528588698,13057.0685714286,5355.27574404762
510.518926500465,13182.3522470238,5451.17269345238
510.72531176319,13220.5159821429,5456.63394345238
510.931684374585,13205.6925892857,5399.58338541667
511.13804433236,13231.5685119048,5399.45335565476
511.344391634229,13298.82640625,5439.73007440476
511.550726277903,13334.7146205357,5454.2934077381
511.757048261092,13334.1945014881,5424.90668154762
511.96335758151,13394.3007589286,5459.29955357143
512.169654236866,13502.4855208333,5529.12553571429
512.375938224874,13523.355297619,5522.03891369048
512.582209543244,13536.0657068452,5506.46784970238
512.788468189688,13550.2714583333,5496.42305059524
512.994714161918,13652.7349107143,5564.91622767857
513.200947457646,13723.7961755952,5607.56598958333
513.407168074582,13764.6255208333,5619.07362351191
513.613376010439,13765.5682366071,5595.89581845238
513.819571262928,13830.3230580357,5624.72991815476
514.02575382976,13860.4574553571,5631.68651041667
514.231923708648,13859.7097842262,5605.8430952381
514.438080897303,13886.3008705357,5606.26569196429
514.644225393436,13933.3716443452,5630.28869047619
514.850357194759,13941.5310119048,5609.48392857143
515.056476298984,13934.6069270833,5577.17153273809
515.262582703823,13915.5575669643,5540.76319940476
515.468676406986,13987.008921131,5583.05537946429
515.674757406185,13989.1869196429,5560.75527529762
515.880825699133,13954.3389434524,5489.9215625
516.086881283541,13943.8390401786,5450.49003720238
516.29292415712,13972.5756175595,5458.97447916667
516.498954317581,13983.0430133929,5446.19905505952
516.704971762637,13982.5879092262,5413.65910714286
516.910976489999,13988.4392485119,5390.93640625
517.116968497379,14047.4727604167,5418.50271577381
517.322947782488,14058.4277678571,5402.08645833333
517.528914343038,14034.7623511905,5352.8376860119
517.73486817674,13955.6392410714,5254.73023065476
517.940809281307,14111.3173735119,5368.11618303571
518.146737654449,14156.5352232143,5385.21509672619
518.352653293878,14141.2567261905,5345.45849702381
518.558556197306,14135.6654464286,5308.10744791667
518.764446362445,14232.3100669643,5377.9659375
518.970323787005,14284.2894642857,5387.62064732143
519.176188468699,14232.1800372024,5306.61210565476
519.382040405239,14243.3951041667,5289.15561011905
519.587879594335,14339.3245610119,5351.21231398809
519.7937060337,14379.1786830357,5365.28803571429
519.999519721045,14373.944985119,5333.23569940476
520.205320654081,14450.8575892857,5380.33898065476
520.41110883052,14546.9170758929,5444.47616071429
520.616884248075,14611.8019270833,5483.2250297619
520.822646904455,14591.77734375,5438.78735863095
521.028396797374,14602.8623809524,5423.31381696429
521.234133924543,14735.1676636905,5522.29897321429
521.439858283672,14774.4041443452,5533.44902529762
521.645569872474,14756.2975,5489.27141369048
521.851268688661,14754.7371428571,5455.49618303571
522.056954729944,14880.2158630952,5551.13307291667
522.262627994034,14878.7205208333,5522.13643601191
522.468288478643,14838.963921131,5463.10292410714
522.673936181484,14832.0398363095,5428.09241071429
522.879571100266,14897.542328869,5472.1725
523.085193232703,14910.8378720238,5461.25
523.290802576505,14854.534985119,5387.23055803571
523.496399129384,14902.9060565476,5410.70093005952
523.701982889052,14992.3990401786,5473.79787202381
523.907553853221,15039.7298735119,5495.12275297619
524.113112019601,15023.833735119,5446.03651785714
524.318657385905,15032.8708035714,5424.22402529762
524.524189949844,15079.3564434524,5441.84305803571
524.72970970913,15102.2416815476,5441.42046130952
524.935216661474,15078.1861755952,5381.05414434524
525.140710804588,15113.6192857143,5381.44423363095
525.346192136184,15216.9279315476,5450.75009672619
525.551660653973,15252.4910714286,5452.21293154762
525.757116355666,15214.0022619048,5389.60360119048
525.962559238976,15222.9743154762,5365.678125
526.167989301614,15302.8450967262,5423.24880208333
526.373406541291,15301.1872172619,5391.84661458333
526.578810955719,15278.7895907738,5347.9290625
526.78420254261,15299.2042633929,5342.76037946429
526.989581299676,15423.4802083333,5429.65276785714
527.194947224627,15474.516889881,5452.40797619048
527.400300315176,15437.0683184524,5388.85593005952
527.605640569034,15488.170014881,5406.70251488095
527.810967983912,15591.0235565476,5479.32413690476
528.016282557523,15622.9458630952,5484.3302827381
528.221584287578,15556.1105654762,5396.30013392857
528.426873171788,15563.9123511905,5383.9798139881
528.632149207866,15657.4362574405,5443.79350446428
528.837412393522,15680.7765997024,5438.49479166667
529.042662726468,15673.2673809524,5399.12828125
529.247900204417,15709.8057440476,5413.39904761905
529.453124825078,15806.4503645833,5477.47121279762
529.658336586165,15814.8697916667,5469.37686011905
529.863535485388,15711.5611458333,5344.61330357143
530.06872152046,15736.0717559524,5339.05453125
530.273894689092,15831.1235119048,5407.48269345238
530.479054988995,15849.23015625,5396.43016369048
530.684202417881,15820.6561160714,5342.89040922619
530.889336973461,15838.3401636905,5324.97880952381
531.094458653448,15943.4692261905,5392.20419642857
531.299567455553,15964.1114508929,5387.97822916667
531.504663377487,15894.8706026786,5291.39862351191
531.709746416963,15955.106889881,5315.58415922619
531.914816571691,16041.5116666667,5378.61608630952
532.119873839383,16045.9326785714,5346.14115327381
532.324918217751,16025.290453869,5293.08901041667
532.529949704506,16051.0363467262,5283.43430059524
532.734968297361,16172.0290401786,5365.09299107143
532.939973994026,16241.0423363095,5399.55087797619
533.144966792213,16206.7144791667,5339.34709821429
533.349946689634,16222.0904985119,5323.19090029762
533.554913684001,16322.5709970238,5389.05097470238
533.759867773024,16345.6187723214,5380.50151785714
533.964808954416,16304.9844717262,5301.21587053571
534.169737225888,16355.1759598214,5318.34729166667
534.374652585152,16438.1674553571,5374.94274553571
534.57955502992,16454.3561607143,5358.78654761905
534.784444557903,16432.966264881,5306.15700148809
534.989321166812,16448.7973883929,5294.09674107143
535.194184854359,16540.5333854167,5357.29120535714
535.399035618256,16612.8949479167,5396.56019345238
535.603873456214,16583.9308184524,5338.69694940476
535.808698365946,16659.7381696429,5381.76930803571
536.013510345162,16730.9294642857,5418.3726860119
536.218309391574,16789.7029166667,5442.0055952381
536.423095502894,16749.7837797619,5381.47674107143
536.627868676833,16755.0174776786,5360.11935267857
536.832628911103,16835.1808258929,5419.83552083333
537.037376203416,16845.3556547619,5410.24582589286
537.242110551483,16772.7340327381,5313.21111607143
537.446831953016,16797.0821056548,5308.85511904762
537.651540405726,16898.0177083333,5381.2491889881
537.856235907325,16906.2745982143,5353.19526785714
538.060918455524,16862.4870758929,5287.23767113095
538.265588048036,16934.2309970238,5325.23886904762
538.470244682572,17027.429828869,5389.76613839286
538.674888356842,17051.4853348214,5381.02163690476
538.87951906856,17022.2611458333,5333.26820684524
539.084136815436,17056.7515401786,5329.52985119048
539.288741595183,17154.3713839286,5389.79864583333
539.49333340551,17155.216577381,5363.20755952381
539.697912244132,17064.7808779762,5254.34014136905
539.902478108758,17072.9727529762,5225.27848958333
540.107030997101,17132.2013095238,5250.43924851191
540.311570906872,17165.6514657738,5260.22398809524
540.516097835782,17130.3158779762,5191.27570684524
540.720611781544,17161.1654389881,5192.34845238095
540.925112741869,17251.3085714286,5248.58632440476
541.129600714468,17321.7196875,5274.78732142857
541.334075697054,17288.5946056548,5207.39939732143
541.538537687337,17350.0986830357,5237.4687797619
541.742986683029,17446.4832440476,5296.24223214286
541.947422681843,17489.9781994048,5301.6384672619
542.151845681488,17458.315952381,5241.17462797619
542.356255679678,17498.1050595238,5245.6606547619
542.560652674124,17570.0440252976,5288.24540178571
542.765036662536,17584.0222247024,5272.60932291667
542.969407642628,17582.3968526786,5234.4780952381
543.17376561211,17609.7031026786,5227.48899553571
543.378110568694,17718.9281026786,5307.87989583333
543.582442510092,17745.5191889881,5303.65392857143
543.786761434015,17716.3275074405,5244.68543154762
543.991067338175,17799.3190029762,5281.5813764881
544.195360220283,17863.7812574405,5328.91220982143
544.399640078052,17903.1152604167,5338.76196428571
544.603906909192,17910.104360119,5317.33956101191
544.808160711415,17927.4958407738,5307.87989583333
545.012401482433,18007.4316369048,5358.10389136905
545.216629219958,18062.4342261905,5375.04026785714
545.4208439217,18023.8804017857,5308.56255208333
545.625045585373,18085.2219419643,5330.89516369048
545.829234208686,18132.650297619,5353.22777529762
546.033409789352,18187.5553645833,5364.54036458333
546.237572325083,18179.8511011905,5328.19704613095
546.44172181359,18183.7519940476,5311.42320684524
546.645858252584,18294.9274404762,5391.71658482143
546.849981639777,18330.7831473214,5399.42084821429
547.054091972882,18329.2878050595,5360.57445684524
547.258189249608,18394.7252827381,5392.82183779762
547.462273467669,18504.6329389881,5462.25773065476
547.666344624775,18509.1189657738,5435.27655505952
547.870402718639,18486.33125,5385.3451264881
548.074447746971,18527.225610119,5395.29240327381
548.278479707484,18565.2918229167,5413.26901785714
548.482498597888,18609.209375,5419.28289434524
548.686504415897,18624.0327678571,5403.87436755953
548.89049715922,18612.2975818452,5362.23233630952
549.09447682557,18712.908110119,5423.67139880952
549.298443412659,18768.7558928571,5451.20520089286
549.502396918197,18738.3939434524,5392.36673363095
549.706337339897,18781.7913764881,5406.01985863095
549.910264675471,18873.1372842262,5466.12611607143
550.114178922629,18923.8163839286,5483.58261160714
550.318080079083,18872.1295535714,5418.1126264881
550.521968142545,18859.126577381,5377.05572916667
550.725843110727,18983.98765625,5461.86764136905
550.92970498134,19002.8419717262,5456.17883928571
551.133553752096,18944.5886383929,5371.52946428571
551.337389420706,18937.6645535714,5339.70468005952
551.541211984882,18987.8560416667,5361.15959077381
551.745021442336,19025.1745833333,5376.7306547619
551.948817790778,19009.7985639881,5333.07316220238
552.152601027922,19040.7456473214,5335.73877232143
552.356371151477,19116.7480431548,5378.74611607143
552.560128159157,19155.334375,5378.38853422619
552.763872048672,19120.6489360119,5324.49119791667
552.967602817734,19149.3530059524,5322.93084077381
553.171320464056,19230.2965327381,5366.55582589286
553.375024985347,19264.624389881,5376.47059523809
553.57871637932,19218.4313169643,5290.87850446428
553.782394643687,19230.8816666667,5277.35540922619
553.986059776159,19335.5231175595,5350.56216517857
554.189711774447,19349.0462127976,5343.37802083333
554.393350636264,19318.3591889881,5282.29654017857
554.596976359321,19357.1080580357,5289.38316220238
554.800588941329,19434.8008407738,5346.36870535714
555.00418838,19476.1828125,5364.41033482143
555.207774673046,19412.8258110119,5272.0241889881
555.411347818178,19448.5839955357,5274.29970982143
555.614907813108,19550.1372395833,5349.65195684524
555.818454655548,19561.2872916667,5336.12886160714
556.021988343208,19509.4704315476,5254.99029017857
556.225508873802,19555.5984895833,5274.91735119048
556.429016245039,19640.3453869048,5336.09635416667
556.632510454633,19693.332514881,5371.75701636905
556.835991500294,19654.5836458333,5316.88445684524
557.039459379734,19675.3233928571,5304.75918154762
557.242914090664,19737.6726636905,5338.11181547619
557.446355630797,19777.5267857143,5358.8515625
557.649783997844,19734.5194419643,5297.08742559524
557.853199189516,19752.3660267857,5301.60595982143
558.056601203525,19836.3327455357,5359.72926339286
558.259990037583,19816.9258035714,5319.02994791667
558.463365689401,19765.4015104167,5241.85728422619
558.66672815669,19799.9244122024,5252.06462053571
558.870077437164,19897.9018377976,5326.14907738095
559.073413528532,19931.5470386905,5329.88743303572
559.276736428507,19856.7474181548,5227.58651785714
559.4800461348,19871.2782440476,5221.99523809524
559.683342645123,19950.9214732143,5283.72686755952
559.886625957187,19977.2525,5287.40020833333
560.089896068704,19961.1288095238,5242.47492559524
560.293152977386,19994.5464583333,5248.00119047619
560.496396680944,20050.0366592262,5290.42340029762
560.69962717709,20065.8352752976,5278.298125
560.902844463536,20021.9502306548,5206.87927827381
561.106048537992,20058.0334895833,5208.86223214286
561.309239398171,20146.8763244048,5274.00714285714
561.512417041784,20158.4164657738,5262.27195684524
561.715581466543,20134.6535267857,5209.34984375
561.918732670159,20152.5976339286,5204.47372767857
562.121870650344,20274.7605952381,5292.5038764881
562.32499540481,20316.6951934524,5306.67712053571
562.528106931268,20283.4075744048,5247.41605654762
562.73120522743,20319.9134300595,5253.03984375
562.934290291007,20410.5116666667,5318.21726190476
563.137362119711,20380.4097767857,5276.21764880952
563.340420711253,20332.0387053571,5207.82199404762
563.543466063346,20357.9146279762,5212.6330952381
563.746498173701,20485.8639136905,5311.26066964286
563.949517040028,20527.6034672619,5321.56552827381
564.152522660041,20486.7741220238,5255.54291666667
564.355515031451,20523.2149627976,5279.40337797619
564.558494151968,20592.7158705357,5327.67692708333
564.761460019305,20587.9697842262,5297.15244047619
564.964412631174,20564.5319196429,5243.32011904762
565.167351985285,20597.5269717262,5250.37423363095
565.370278079351,20634.715483631,5275.92508184524
565.573190911083,20680.323422619,5286.52250744048
565.776090478193,20645.8655357143,5235.09573660714
565.978976778392,20664.1997321429,5231.12982886905
566.181849809392,20741.3398883929,5279.63093005952
566.384709568905,20722.1930059524,5238.28146577381
566.587556054641,20663.8746577381,5162.27906994048
566.790389264314,20698.2675297619,5174.04676339286
566.993209195633,20781.4540699405,5226.09117559524
567.196015846312,20772.5795386905,5200.18274553571
567.398809214061,20785.1274107143,5172.97401785714
567.601589296592,20802.4863839286,5169.52822916667
567.804356091617,20890.2239657738,5230.93478422619
568.007109596847,20878.0011681548,5186.33457589286
568.209849809994,20844.3234598214,5131.75458333333
568.412576728769,20865.1607291667,5124.99303571429
568.615290350885,20930.9557886905,5164.65211309524
568.817990674052,20963.3657068452,5169.91831845238
569.020677695982,20955.8239806548,5127.26855654762
569.223351414388,20998.4737425595,5147.3581547619
569.426011826979,21057.6047767857,5171.41366071429
569.628658931469,21148.7231324405,5240.069375
569.831292725569,21107.9913095238,5189.65033482143
570.03391320699,21116.540766369,5172.74646577381
570.236520373443,21208.8618973214,5239.19167410714
570.439114222641,21237.4034300595,5243.3526264881
570.641694752295,21198.2644717262,5191.92585565476
570.844261960117,21221.5072916667,5196.2493452381
571.046815843818,21320.5249553571,5270.72389136905
571.24935640111,21315.0311979167,5259.67136160714
571.451883629704,21292.8286160714,5199.89017857143
571.654397527312,21289.4153348214,5175.80216517857
571.856898091646,21381.541421131,5232.82021577381
572.059385320417,21430.9527306548,5256.55064732143
572.261859211337,21433.8784002976,5242.44241815476
572.464319762118,21444.6383630952,5225.57105654762
572.66676697047,21507.2476934524,5269.13102678571
572.869200834106,21531.4657366071,5258.20852678571
573.071621350737,21527.6298586309,5236.59107886905
573.274028518075,21563.06296875,5249.20396577381
573.476422333831,21624.7295833333,5284.44203125
573.678802795718,21716.9856994048,5355.17822172619
573.881169901446,21675.1811309524,5275.89257440476
574.083523648727,21709.2814360119,5280.34609375
574.285864035273,21783.8860119048,5332.0979389881
574.488191058795,21800.8223883929,5322.57325892857
574.690504717005,21779.9526116071,5274.52726190476
574.892805007615,21814.898110119,5267.50565476191
575.095091928336,21945.5780208333,5368.01866071429
575.29736547688,21968.1381845238,5376.01549107143
575.499625650958,21971.356421131,5352.74016369048
575.701872448282,21998.6951785714,5360.80200892857
575.904105866564,22099.1756770833,5438.72234375
576.106325903515,22135.9415922619,5468.53166666667
576.308532556847,22064.7177901786,5381.28169642857
576.51072582427,22073.7873660714,5364.63788690476
576.712905703498,22150.2773735119,5417.62501488095
576.915072192242,22178.4288169643,5425.39429315476
577.117225288213,22123.6862872024,5359.69675595238
577.319364989122,22136.49421875,5348.83927083333
577.521491292682,22203.6870982143,5401.53383184524
577.723604196603,22260.9001934524,5436.38180803571
577.925703698598,22151.4476413691,5309.1476860119
578.127789796379,22142.1830208333,5285.38474702381
578.329862487656,22234.1140625,5348.67673363095
578.531921770141,22243.6387425595,5342.14273809524
578.733967641546,22251.2779910714,5331.4152827381
578.936000099583,22228.6528125,5298.71279761905
579.138019141963,22337.130141369,5390.64383928571
579.340024766397,22307.15828125,5339.7371875
579.542016970598,22260.7051488095,5260.32151041667
579.743995752277,22251.0179315476,5222.4503422619
579.945961109145,22350.3931770833,5297.90011160714
580.147913038915,22408.4839732143,5334.30844494048
580.349851539297,22363.2336160714,5260.22398809524
580.551776608003,22392.4578050595,5265.49019345238
580.753688242746,22456.042358631,5307.48980654762
580.955586441235,22489.7200669643,5319.51755952381
581.157471201184,22461.0485044643,5264.28741815476
581.359342520303,22507.4691294643,5278.49316964286
581.561200396305,22563.7070014881,5306.38455357143
581.763044826901,22573.0366369048,5294.38930803571
581.964875809802,22496.5791369048,5202.45826636905
582.16669334272,22518.5216592262,5213.41327380952
582.368497423367,22615.9789657738,5285.1246875
582.570288049454,22638.181547619,5285.87235863095
582.772065218693,22629.5020610119,5247.12348958333
582.973828928795,22618.6770833333,5209.38235119048
583.175579177473,22771.2670089286,5331.57781994048
583.377315962437,22770.5843526786,5314.67395089286
583.5790392814,22770.5843526786,5290.09832589286
583.780749132072,22800.71875,5301.63846726191
583.982445512165,22889.5615848214,5366.84839285714
584.184128419392,22902.0444419643,5359.37168154762
584.385797851463,22823.6039880952,5264.77502976191
584.587453806091,22863.6856622024,5271.30902529762
584.789096280986,22955.8767633929,5346.17366071429
584.990725273861,23008.7338616071,5372.21212053571
585.192340782427,22944.824233631,5286.49
585.393942804395,22976.8440625,5297.93261904762
585.595531337478,23060.9083035714,5358.75404017857
585.797106379386,23106.3862127976,5388.46584077381
585.998667927832,23086.1015699405,5347.53897321429
586.200215980527,23158.4631324405,5383.94730654762
586.401750535182,23279.2932886905,5467.49142857143
586.60327158951,23355.100639881,5518.36557291667
586.804779141221,23282.9016145833,5441.97308779762
587.006273188028,23336.3438467262,5473.79787202381
587.207753727642,23399.9284002976,5516.22008184524
587.409220757774,23378.5385044643,5472.53008184524
587.610674276137,23338.2292782738,5403.84186011905
587.812114280441,23349.574375,5392.13918154762
588.013540768399,23412.5412872024,5429.49023065476
588.214953737721,23440.2376264881,5434.17130208333
588.416353186121,23410.4933184524,5382.12688988095
588.617739111308,23414.7192857143,5368.70131696429
588.819111510995,23495.8253497024,5434.65891369048
589.020470382894,23517.3127678571,5423.50886160714
589.221815724715,23438.5147321429,5332.26047619048
589.423147534171,23468.7466517857,5349.97703125
589.624465808973,23542.5710491071,5398.86822172619
589.825770546834,23582.3276488095,5417.4299702381
590.027061745463,23523.3266443452,5343.11796130952
590.228339402573,23530.413266369,5317.14451636905
590.429603515876,23584.7006919643,5348.87177827381
590.630854083083,23587.073735119,5335.90130952381
590.832091101905,23501.9042410714,5237.85886904762
591.033314570055,23516.5976041667,5227.71654761905
591.234524485244,23593.5102083333,5270.75639880952
591.435720845183,23616.9155654762,5272.41427827381
591.636903647585,23557.5244717262,5196.2493452381
591.83807289016,23618.1183407738,5242.27988095238
592.039228570621,23718.9564211309,5320.78534970238
592.240370686678,23805.0036160714,5388.01073660714
592.441499236044,23798.827202381,5360.80200892857
592.64261421643,23803.8658556548,5349.8470014881
592.843715625548,23889.7830208333,5407.97030505952
593.044803461109,23892.7411979167,5385.41014136905
593.245877720825,23825.0932142857,5311.78078869048
593.446938402407,23859.453578869,5320.88287202381
593.647985503568,23928.1092931548,5369.09140625
593.849019022018,23952.6849181548,5370.61925595238
594.05003895547,23881.7861904762,5288.96056547619
594.251045301634,23914.3911532738,5293.05650297619
594.452038058223,24014.0264583333,5377.54334077381
594.653017222948,24052.4502529762,5405.59726190476
594.85398279352,24016.0419196429,5355.47078869048
595.054934767652,24021.5031696429,5340.9724702381
595.255873143055,24097.6355952381,5383.75226190476
595.45679791744,24053.6530282738,5337.46166666667
595.657709088519,24021.6982142857,5293.96671130952
595.858606654004,24045.4286458333,5303.16631696428
596.059490611606,24088.1109151786,5323.58098958333
596.260360959037,24041.0076339286,5261.71933035714
596.461217694009,23960.1616294643,5166.99264880952
596.662060814232,23931.7176190476,5129.90165922619
596.862890317419,24051.410014881,5218.15936011905
597.063706201281,24071.6296428571,5217.96431547619
597.264508463531,24020.3003943452,5153.5020610119
597.465297101878,24069.2565997024,5165.5298139881
597.666072114036,24149.5499776786,5235.32328869048
597.866833497715,24161.4151934524,5229.08186011905
598.067581250628,24132.2235119048,5188.93517113095
598.268315370485,24128.3876339286,5168.78055803571
598.469035854999,24228.8031175595,5257.2658110119
598.66974270188,24219.3434523809,5235.58334821429
598.870435908842,24143.6011160714,5152.10424107143
599.071115473594,24150.9477976191,5138.22356398809
599.271781393849,24245.837016369,5214.19345238095
599.472433667319,24276.8166071429,5236.55857142857
599.673072291715,24263.2935119048,5209.70742559524
599.873697264748,24283.4806324405,5214.35598958333
600.07430858413,24377.7847172619,5286.55501488095
600.274906247574,24385.3589508929,5270.85392113095
600.475490252789,24394.5260491071,5261.88186755952
600.676060597489,24401.5801636905,5247.15599702381
600.876617279384,24483.2063467262,5303.29634672619
601.077160296186,24505.2788988095,5329.49734375
601.277689645608,24447.5456845238,5266.46541666667
601.478205325359,24481.5484672619,5288.57047619048
601.678707333153,24568.4733630952,5370.3266889881
601.8791956667,24567.3681101191,5344.74333333333
602.079670323712,24544.3203348214,5306.80715029762
602.280131301901,24565.38515625,5316.42935267857
602.480578598978,24647.1413690476,5377.80340029762
602.681012212655,24602.7036979167,5324.49119791667
602.881432140644,24567.498139881,5273.74708333333
603.081838380656,24619.8026116071,5309.34273065476
603.282230930403,24706.1748809524,5388.36831845238
603.482609787596,24700.0959895833,5362.49239583333
603.682974949946,24663.1350297619,5312.72350446429
603.883326415167,24684.1998511905,5306.31953869048
604.083664180968,24726.4595238095,5339.76969494048
604.283988245063,24709.1330580357,5310.87058035714
604.484298605161,24675.227797619,5274.88484375
604.684595258976,24690.2137276786,5282.13400297619
604.884878204218,24730.4254315476,5318.89991815476
605.085147438599,24751.2952083333,5346.07613839286
605.285402959831,24672.6597098214,5256.16055803571
605.485644765625,24698.1130357143,5270.9189360119
605.685872853693,24760.6573511905,5331.02519345238
605.886087221747,24713.9441592262,5275.73003720238
606.086287867497,24688.3608035714,5253.20238095238
606.286474788657,24694.9598139881,5254.21011160714
606.486647982936,24749.5723139881,5303.81646577381
606.686807448048,24758.0892633929,5316.46186011905
606.886953181703,24743.3959002976,5292.56889136905
607.087085181613,24766.5411979167,5308.30249255952
607.287203445489,24759.25953125,5303.45888392857
607.487307971045,24750.1249404762,5289.67572916667
607.687398755989,24710.6284002976,5263.21467261905
607.887475798036,24711.8311755952,5261.06918154762
608.087539094895,24758.2192931548,5324.06860119048
608.287588644279,24768.4591369048,5335.05611607143
608.4876244439,24745.5088839286,5301.02082589286
608.687646491468,24712.903921131,5273.48702380952
608.887654784695,24732.0508035714,5294.22677083333
609.087649321294,24734.9439657738,5293.1865327381
609.287630098975,24676.8206622024,5227.09890625
609.487597115451,24649.8394866071,5193.94131696429
609.687550368432,24735.984203869,5270.43132440476
609.887489855631,24726.1994642857,5253.95005208333
610.087415574759,24704.9070907738,5239.87433035714
610.287327523527,24681.3391964286,5222.28780505952
610.487225699648,24722.8837053571,5265.71774553571
610.687110100833,24735.3340550595,5259.21625744048
610.886980724793,24674.5776488095,5194.68898809524
611.08683756924,24718.7877678571,5221.70267113095
611.286680631885,24742.9082886905,5244.06779017857
611.486509910441,24760.2022470238,5259.67136160714
611.686325402619,24697.8529761905,5182.75875744048
611.886127106129,24691.8065922619,5166.14745535714
612.085915018686,24762.8353497024,5225.57105654762
612.285689137998,24800.5439806548,5243.32011904762
612.485449461779,24738.9098735119,5167.87034970238
612.68519598774,24741.0878720238,5166.53754464286
612.884928713592,24836.2371502976,5230.5121875
613.084647637046,24877.5541071429,5252.51972470238
613.284352755816,24893.9053497024,5244.81546130952
613.484044067612,24908.0460863095,5234.25054315476
613.683721570145,24986.2914955357,5292.86145833333
613.883385261128,24963.7963467262,5260.51655505952
614.083035138272,24926.5103125,5199.40256696429
614.282671199288,24958.6276636905,5195.33913690476
614.482293441889,25029.3963616071,5242.2473735119
614.681901863785,25055.1747619048,5227.74905505952
614.881496462689,25011.094672619,5166.01742559524
615.081077236311,25036.0928943452,5174.37183779762
615.280644182365,25057.5478050595,5188.3175297619
615.48019729856,25124.8382068452,5225.44102678571
615.679736582609,25100.4576264881,5176.38729910714
615.879262032223,25156.5979761905,5200.93041666667
616.078773645115,25198.825141369,5223.19801339286
616.278271418995,25218.1995758929,5222.35281994048
616.477755351575,25178.9630952381,5159.61345982143
616.677225440567,25219.2073065476,5169.6257514881
616.876681683682,25272.4219866071,5206.39166666667
617.076124078632,25283.8320982143,5201.45053571429
617.275552623128,25230.0322842262,5127.26855654762
617.474967314883,25194.9242485119,5085.7890625
617.674368151607,25266.3105877976,5146.51296130952
617.873755131013,25254.2178199405,5125.383125
618.073128250811,25233.7381324405,5088.29213541667
618.272487508714,25260.4267410714,5100.38490327381
618.471832902434,25320.6630282738,5150.28382440476
618.67116442968,25360.2570907738,5169.65825892857
618.870482088167,25357.0063467262,5164.29453125
619.069785875604,25353.0404389881,5161.46638392857
619.269075789703,25454.4636532738,5242.34489583333
619.468351828177,25462.7205431548,5234.31555803572
619.667613988736,25405.0848511905,5167.02515625
619.866862269093,25441.3306473214,5186.62714285714
620.066096666958,25459.0146949405,5211.49533482143
620.265317180044,25488.5639583333,5225.34350446429
620.464523806062,25433.3338169643,5162.70166666667
620.663716542724,25463.078125,5189.42278273809
620.86289538774,25518.6333407738,5238.5740327381
621.062060338824,25542.5263095238,5246.37581845238
621.261211393686,25509.3362127976,5207.39939732143
621.460348550039,25543.6315625,5244.39286458333
621.659471805593,25631.9542782738,5318.93242559524
621.85858115806,25626.0704315476,5302.12607886905
622.057676605152,25630.8165178571,5288.63549107143
622.25675814458,25631.5966964286,5273.61705357143
622.455825774057,25716.9937425595,5343.34551339286
622.654879491293,25712.8978050595,5332.61805803571
622.853919294,25686.989375,5292.04877232143
623.052945179891,25687.4769866071,5280.83370535714
623.251957146675,25746.7055431548,5326.73421130952
623.450955192066,25727.3636160714,5277.87552827381
623.649939313774,25713.3854166667,5249.52904017857
623.848909509512,25709.6795684524,5241.14212053572
624.04786577699,25766.6651116071,5280.57364583333
624.246808113921,25785.1618452381,5287.95283482143
624.445736518015,25744.8526190476,5243.3526264881
624.644650986986,25730.2567782738,5220.66243303571
624.843551518543,25748.9485565476,5226.74132440476
625.0424381104,25755.1574776786,5230.77224702381
625.241310760266,25732.8898809524,5199.72764136905
625.440169465855,25757.1404315476,5215.13616815476
625.639014224877,25788.2825595238,5228.30168154762
625.837845035045,25762.7967261905,5203.49850446429
626.036661894069,25722.1624255952,5153.40453869048
626.235464799662,25710.2972098214,5139.29630952381
626.434253749534,25782.0736383929,5207.75697916667
626.633028741398,25748.2984077381,5176.22476190476
626.831789772966,25725.7057366071,5146.09036458333
627.030536841948,25726.0308110119,5141.14923363095
627.229269946056,25779.4080282738,5190.17045386905
627.427989083003,25794.2314211309,5193.71376488095
627.626694250499,25743.584828869,5158.86578869048
627.825385446256,25753.1420163691,5162.47411458333
628.024062667986,25818.677016369,5211.69037946429
628.2227259134,25802.1632366071,5182.30365327381
628.42137518021,25775.5721502976,5155.61504464286
628.620010466128,25787.0472767857,5157.07787946429
628.818631768865,25904.3666294643,5262.46700148809
629.017239086133,25914.8665327381,5260.32151041667
629.215832415643,25912.3634598214,5245.6606547619
629.414411755106,25887.5602827381,5207.46441220238
629.612977102236,25930.4375967262,5249.98414434524
629.811528454742,25962.6849776786,5271.43905505952
630.010065810338,25935.2161904762,5228.56174107143
630.208589166733,25954.655639881,5235.22576636905
630.407098521641,26043.2384151786,5314.73896577381
630.605593872772,26023.4413839286,5293.12151785714
630.804075217838,25999.4508928571,5269.22854910714
631.00254255455,25970.0316592262,5241.98731398809
631.200995880621,26025.5218601191,5277.7454985119
631.399435193763,26013.98171875,5264.5149702381
631.597860491685,25961.4171875,5206.58671130952
631.796271772101,25960.3444419643,5193.84379464286
631.994669032721,25987.358125,5209.4798735119
632.193052271257,25989.9587202381,5214.38849702381
632.391421485422,25957.32125,5185.03427827381
632.589776672926,25988.3008407738,5198.9799702381
632.788117831481,26033.9087797619,5234.80316964286
632.986444958798,26008.0003497024,5203.43348958333
633.18475805259,25986.5454389881,5185.06678571429
633.383057110568,25955.6633705357,5158.37817708333
633.581342130443,26008.2279017857,5210.55261904762
633.779613109928,26004.2619940476,5195.17659970238
633.977870046733,25993.50203125,5180.02813244048
634.17611293857,26037.6471354167,5205.96906994048
634.374341783151,26089.2364434524,5251.5445014881
634.572556578188,26084.9129538691,5233.89296130952
634.770757321391,26097.1357514881,5217.83428571429
634.968944010473,26098.3710342262,5204.47372767857
635.167116643146,26180.2247693452,5275.99009672619
635.36527521712,26169.2372544643,5269.81368303571
635.563419730108,26149.8628199405,5232.69018601191
635.76155017982,26169.009702381,5234.83567708333
635.95966656397,26231.3914806548,5285.05967261905
636.157768880267,26249.8557068452,5294.97444196429
636.355857126425,26219.46125,5253.39742559524
636.553931300154,26263.7038764881,5283.85689732143
636.751991399166,26273.5861383929,5286.71755208333
636.950037421172,26309.4093377976,5310.70804315476
637.148069363885,26267.3122023809,5257.88345238095
637.346087225015,26252.4237946429,5232.52764880952
637.544091002275,26314.6430357143,5279.01328869048
637.742080693376,26341.1365997024,5301.41091517857
637.940056296029,26324.4927901786,5285.57979166667
638.138017807947,26295.301108631,5241.75976190476
638.33596522684,26312.2699925595,5265.65273065476
638.533898550421,26330.6041889881,5280.76869047619
638.731817776401,26281.8755357143,5229.21188988095
638.929722902491,26260.7456994048,5207.65945684524
639.127613926404,26314.0253943452,5248.03369791667
639.32549084585,26292.2454092262,5214.38849702381
639.523353658542,26275.1790029762,5180.90583333333
639.721202362191,26262.2085342262,5163.51435267857
639.919036954508,26297.6091369048,5204.53874255952
640.116857433205,26307.3938764881,5207.82199404762
640.314663795995,26244.7520386905,5150.99898809524
640.512456040587,26294.9110193452,5177.29750744048
640.710234164694,26306.1260863095,5186.23705357143
640.907998166028,26322.0872395833,5190.72308035714
641.105748042301,26284.31359375,5158.54071428572
641.303483791222,26273.4236011905,5147.61821428571
641.501205410505,26333.1722767857,5190.23546875
641.698912897862,26354.7247098214,5208.40712797619
641.896606251002,26321.2745535714,5161.0112797619
642.094285467639,26296.3088392857,5121.38470982143
642.291950545484,26334.3425446429,5157.3379389881
642.489601482248,26351.4414583333,5158.2806547619
642.687238275643,26308.9867410714,5103.47311011905
642.88486092338,26334.83015625,5116.93119047619
643.082469423171,26421.8200669643,5203.30345982143
643.280063772728,26416.5538616071,5192.86857142857
643.477643969763,26385.34671875,5166.11494791667
643.675210011986,26363.7942857143,5149.73119791667
643.87276189711,26434.432953869,5201.61307291667
644.070299622846,26453.7423735119,5207.36688988095
644.267823186906,26425.2333482143,5164.1645014881
644.465332587,26439.211547619,5162.7991889881
644.662827820842,26475.1322693452,5199.53259672619
644.860308886143,26459.7237425595,5189.58531994048
645.057775780613,26425.0708110119,5147.87827380952
645.255228501965,26422.7627827381,5118.06895089286
645.45266704791,26490.8983779762,5171.51118303571
645.650091416161,26528.2819345238,5192.51098958333
645.847501604427,26476.82265625,5120.24694940476
646.044897610422,26459.8862797619,5112.80274553572
646.242279431856,26553.3126636905,5191.69830357143
646.439647066442,26577.108110119,5202.97838541667
646.637000511891,26517.0668675595,5137.86598214286
646.834339765914,26607.0799702381,5215.49375
647.031664826223,26661.4324107143,5258.76115327381
647.228975690529,26648.917046131,5237.46877976191
647.426272356545,26630.8429092262,5219.71971726191
647.623554821982,26673.2651190476,5236.20098958333
647.820823084551,26741.5632514881,5287.7252827381
648.018077141964,26741.69328125,5288.24540178571
648.215316991933,26704.9598735119,5240.23191220238
648.412542632169,26720.2383705357,5252.87730654762
648.609754060384,26771.0475,5298.45273809524
648.80695127429,26751.1204389881,5275.82755952381
649.004134271597,26736.9146875,5242.70247767857
649.201303050018,26750.2752455357,5242.99504464286
649.398457607264,26809.4712946429,5305.66938988095
649.595597941047,26815.3551413691,5291.46363839286
649.792724049079,26795.005483631,5271.17899553571
649.98983592907,26788.0813988095,5258.30604910714
650.186933578733,26913.657641369,5342.07772321429
650.384016995779,26910.7644791667,5341.36255952381
650.58108617792,26851.8935044643,5277.29039434524
650.778141122868,26849.0978645833,5274.00714285714
650.975181828333,26803.8475074405,5239.84182291667
651.172208292028,26772.1852604167,5211.07273809524
651.369220511664,26701.3515476191,5133.73753720238
651.566218484953,26702.6843526786,5122.45745535714
651.763202209607,26865.4816145833,5272.80436755952
651.960171683336,26839.4106473214,5256.81070684524
652.157126903853,26792.0473065476,5212.47055803571
652.354067868869,26811.7468154762,5231.29236607143
652.550994576095,26870.8778497024,5286.71755208333
652.747907023245,26931.5692410714,5328.52212053571
652.944805208028,26922.4996651786,5323.74352678571
653.141689128157,26924.3525892857,5329.23728422619
653.338558781342,26998.0469568452,5392.04165922619
653.535414165297,27000.3874925595,5380.92411458333
653.732255277732,26961.3135491071,5360.08684523809
653.929082116359,26933.0970907738,5320.94788690476
654.125894678889,27031.1070238095,5417.07238839286
654.322692963035,26952.9591369048,5362.26484375
654.519476966507,26903.6128422619,5307.45729910714
654.716246687017,26928.2209747024,5331.61032738095
654.913002122278,26997.3317931548,5381.08665178571
655.10974327,27036.8933482143,5391.6190625
655.306470127895,27017.6164360119,5350.85473214286
655.503182693675,27058.5758110119,5372.82976190476
655.699880965051,27104.2812723214,5411.61113839286
655.896564939735,26964.4342633929,5276.83529017857
656.093234615439,26966.4497247024,5258.40357142857
656.289889989874,26985.9216815476,5266.69296875
656.486531060751,27041.997016369,5309.8303422619
656.683157825783,27051.9768005952,5308.49753720238
656.87977028268,27011.3099925595,5264.41744791667
657.076368429156,26984.6863988095,5219.26461309524
657.27295226292,27048.5310119048,5247.25351934524
657.469521781685,27038.5187202381,5238.47651041667
657.666076983162,26989.2374404762,5183.83150297619
657.862617865063,27021.6148511905,5197.35459821429
658.059144425099,27050.25390625,5221.15004464286
658.255656660983,26999.4122693452,5156.39522321429
658.452154570425,26988.2947247024,5132.11216517857
658.648638151138,27009.9446800595,5131.52703125
658.845107400832,27087.2473735119,5198.32982142857
659.04156231722,27136.0735491071,5234.15302083333
659.238002898013,27051.001577381,5157.95558035714
659.434429140922,27042.5496428571,5161.46638392857
659.63084104366,27094.8541145833,5226.25371279762
659.827238603938,27104.18375,5214.22595982143
660.023621819467,27096.9670982143,5188.08997767857
660.219990687959,27083.6715550595,5170.37342261905
660.416345207126,27163.0547247024,5237.11119791667
660.612685374679,27156.8458035714,5219.55718005952
660.80901118833,27102.4608556548,5152.62436011905
661.00532264579,27063.8420163691,5104.67588541667
661.201619744771,27118.1619494048,5145.3101860119
661.397902482985,27142.9326190476,5182.53120535714
661.594170858143,27117.2192336309,5158.05310267857
661.790424867957,27106.2642261905,5141.60433779762
661.986664510139,27135.3583854167,5158.89829613095
662.182889782399,27167.8008110119,5186.20454613095
662.37910068245,27146.8660193452,5161.20632440476
662.575297208003,27185.2247991071,5180.32069940476
662.77147935677,27206.8422470238,5197.09453869048
662.967647126463,27171.4741517857,5142.38451636905
663.163800514792,27121.5752306548,5088.25962797619
663.35993951947,27148.2638392857,5100.6774702381
663.556064138208,27198.5853571429,5135.26538690476
663.752174368718,27197.090014881,5104.09075148809
663.948270208712,27164.3875297619,5062.87131696429
664.1443516559,27162.2420386905,5059.32800595238
664.340418707995,27188.0529464286,5078.24733630952
664.536471362708,27187.3377827381,5056.59738095238
664.732509617751,27166.6630505952,5038.45822916667
664.928533470835,27213.6688095238,5082.96091517857
665.124542919672,27279.3663467262,5143.58729166667
665.320537961974,27298.675766369,5156.52525297619
665.516518595452,27252.4501860119,5090.99025297619
665.712484817818,27236.8141071429,5058.09272321428
665.908436626782,27318.2452455357,5134.77777529762
666.104374020059,27319.7730952381,5125.74070684524
666.300296995357,27275.6930059524,5082.89590029762
666.49620555039,27343.79609375,5134.12762648809
666.692099682868,27363.593125,5150.05627232143
666.887979390504,27423.4718303571,5192.93358630952
667.083844671008,27431.5011681548,5197.45212053572
667.279695522094,27441.6434895833,5199.53259672619
667.475531941471,27524.6349851191,5262.79207589286
667.671353926852,27526.2928645833,5253.36491815476
667.867161475948,27478.7344791667,5205.54647321429
668.062954586471,27499.1491517857,5207.62694940476
668.258733256133,27550.0558035714,5235.38830357143
668.454497482645,27592.3479836309,5263.60476190476
668.650247263719,27513.1598586309,5188.64260416667
668.845982597066,27515.9229910714,5174.17679315476
669.041703480397,27515.5979166667,5165.17223214286
669.237409911426,27519.2712574405,5152.75438988095
669.433101887862,27487.0238764881,5114.91572916667
669.628779407418,27528.6659077381,5146.02534970238
669.824442467806,27571.9658184524,5173.23407738095
670.020091066736,27583.8960491071,5171.41366071429
670.215725201921,27584.5136904762,5156.68779017857
670.411344871071,27599.2720684524,5154.8673735119
670.6069500719,27635.2903125,5198.88244791667
670.802540802118,27638.2809970238,5189.22773809524
670.998117059436,27575.8016964286,5132.14467261905
671.193678841567,27549.3731473214,5102.27033482143
671.389226146223,27587.9269717262,5136.56568452381
671.584758971114,27565.3668080357,5109.68203125
671.780277313952,27566.1794940476,5100.64496279762
671.975781172449,27578.8899032738,5098.14188988095
672.171270544316,27639.8738616071,5159.48343005952
672.366745427266,27672.5763467262,5190.1054389881
672.562205819009,27605.1234077381,5123.36766369048
672.757651717257,27623.1000223214,5139.03625
672.953083119722,27694.2588095238,5201.32050595238
673.148500024116,27703.1333407738,5216.82655505952
673.343902428149,27682.1660416667,5198.36232886905
673.539290329535,27705.2788318452,5213.18572172619
673.734663725983,27692.698452381,5210.39008184524
673.930022615206,27711.5852752976,5228.07412946428
674.125366994916,27663.7018154762,5173.59165922619
674.320696862824,27622.8074553571,5136.95577380952
674.516012216641,27687.6272916667,5189.81287202381
674.71131305408,27668.675453869,5155.32247767857
674.906599372851,27648.5208407738,5128.63386904762
675.101871170667,27620.2068601191,5092.38807291667
675.297128445239,27676.867328869,5142.15696428571
675.492371194278,27755.9254241071,5218.51694196429
675.687599415497,27740.1593154762,5211.56034970238
675.882813106606,27726.9938020833,5197.09453869048
676.078012265318,27768.0181919643,5241.69474702381
676.273196889344,27798.7377232143,5279.50090029762
676.468366976395,27715.3561383929,5212.763125
676.663522524184,27746.3032217262,5243.41764136905
676.858663530421,27806.5070014881,5293.64163690476
677.053789992819,27763.5971800595,5249.36650297619
677.248901909089,27783.1016443452,5248.29375744048
677.443999276942,27749.5539657738,5218.93953869048
677.63908209409,27757.550796131,5230.70723214286
677.834150358245,27786.0598214286,5245.49811755952
678.029204067119,27762.0693303571,5208.53715773809
678.224243218422,27767.8556547619,5210.84518601191
678.419267809867,27838.6568601191,5288.89555059524
678.614277839165,27843.3054241071,5291.46363839286
678.809273304028,27804.4915401786,5249.13895089286
679.004254202168,27795.9745907738,5245.82319196429
679.199220531295,27867.7185119048,5316.3968452381
679.394172289121,27874.90265625,5315.48663690476
679.589109473359,27747.2134300595,5184.93675595238
679.78403208172,27744.4177901786,5170.27590029762
679.978940111915,27775.1373214286,5202.06817708333
680.173833561656,27784.6620014881,5196.02179315476
680.368712428654,27718.8344345238,5124.21285714286
680.563576710622,27771.6590252976,5153.07946428571
680.75842640527,27795.1293973214,5169.43070684524
680.95326151031,27805.5967931548,5176.80989583333
681.148082023455,27811.9682514881,5181.10087797619
681.342887942415,27780.1109598214,5145.14764880952
681.537679264902,27829.7498214286,5179.44299851191
681.732455988627,27840.8673660714,5177.16747767857
681.927218111303,27817.0719196429,5139.10126488095
682.121965630641,27805.27171875,5135.03783482143
682.316698544353,27882.5744122024,5193.81128720238
682.511416850149,27927.8897842262,5213.67333333333
682.706120545742,27854.8130580357,5138.25607142857
682.900809628844,27871.9444791667,5142.96965029762
683.095484097165,27923.2412202381,5185.29433779762
683.290143948418,27943.6884002976,5189.65033482143
683.484789180314,27908.7754092262,5155.61504464286
683.679419790564,27915.4394345238,5156.59026785714
683.874035776881,27937.0568824405,5179.15043154762
684.068637136976,27957.9266592262,5184.93675595238
684.26322386856,27900.3884895833,5134.35517857143
684.457795969345,27945.4438020833,5175.60712053571
684.652353437043,27998.8210193452,5228.85430803571
684.846896269365,28008.085639881,5233.17779761905
685.041424464023,27985.7530282738,5197.54964285714
685.235938018728,27962.9653125,5171.57619791667
685.430436931193,27999.6011979167,5194.10385416667
685.624921199128,28028.1752380952,5222.38532738095
685.819390820245,28006.3627455357,5187.30979910714
686.013845792256,27992.5470833333,5171.34864583333
686.208286112873,28026.9399553571,5208.37462053571
686.402711779806,27998.6909895833,5179.24795386905
686.597122790768,27904.874516369,5087.83703125
686.791519143471,27931.3030654762,5103.01800595238
686.985900835625,27966.3460863095,5134.77777529762
687.180267864943,27969.9219047619,5130.25924107143
687.374620229135,27945.4438020833,5102.14030505952
687.568957925914,27962.8027752976,5101.84773809524
687.763280952992,28011.6614583333,5140.23902529762
687.957589308079,28031.7185491071,5141.73436755952
688.151882988888,27976.8134821429,5082.21324404762
688.346161993129,28007.6305357143,5100.41741071429
688.540426318516,28010.3936681548,5089.98252232143
688.734675962758,28004.5423288691,5069.04773065476
688.928910923568,27987.8009970238,5032.28181547619
689.123131198658,27953.0830505952,5009.75415922619
689.317336785738,28011.0113095238,5063.58648065476
689.511527682521,28020.7310342262,5075.02909970238
689.705703886719,27980.9744345238,5023.82988095238
689.899865396042,27994.3024851191,5031.33909970238
690.094012208202,28064.2910044643,5097.58926339286
690.288144320911,28081.682485119,5092.45308779762
690.482261731881,28052.7508630952,5073.30620535714
690.676364438824,28128.2006324405,5143.00215773809
690.870452439449,28167.2745758929,5186.33457589286
691.064525731471,28153.1013318452,5165.43229166667
691.258584312599,28095.9207440476,5105.97618303571
691.452628180545,28075.3760416667,5089.46240327381
691.646657333022,28123.6170833333,5141.50681547619
691.840671767741,28101.1544419643,5126.45587053571
692.034671482413,28042.2509598214,5083.77360119048
692.228656474749,28066.6640476191,5118.5565625
692.422626742463,28080.1871428571,5146.12287202381
692.616582283264,28070.6624627976,5145.0501264881
692.810523094865,27994.1399479167,5081.88816964286
693.004449174978,28019.1056622024,5101.62018601191
693.198360521313,28068.9720758929,5144.72505208333
693.392257131583,28046.8670163691,5122.39244047619
693.586139003499,28004.8999107143,5082.44079613095
693.780006134773,27993.4247842262,5084.65130208333
693.973858523116,28019.2681994048,5118.23148809524
694.16769616624,27998.0408407738,5106.65883928571
694.361519061856,27966.2485639881,5086.30918154762
694.555327207677,27967.3213095238,5078.34485863095
694.749120601413,27945.0862202381,5063.06636160714
694.942899240777,27923.5662946429,5031.76169642857
695.136663123479,27869.0188095238,4997.88894345238
695.330412247232,27890.4087053571,5019.79895833333
695.524146609747,27948.9220982143,5074.67151785714
695.717866208735,27890.4737202381,5033.32205357143
695.91157104191,27839.9246502976,4982.96802827381
696.10526110698,27833.7157291667,4980.07486607143
696.29893640166,27878.8685639881,5015.73552827381
696.492596923659,27911.3760044643,5038.36070684524
696.68624267069,27833.4231622024,4971.1028125
696.879873640464,27819.9650818452,4960.89547619048
697.073489830693,27815.7066071429,4976.85662946429
697.267091239089,27786.222358631,4958.42491071429
697.460677863362,27764.3448511905,4933.94680803571
697.654249701225,27753.2923214286,4938.23779017857
697.84780675039,27789.7656696429,4975.45880952381
698.041349008567,27774.5846949405,4968.63224702381
698.234876473469,27702.0280877976,4904.82014136905
698.428389142807,27684.2465178571,4897.27841517857
698.621887014292,27741.3945982143,4956.37694196428
698.815370085636,27743.6376116071,4967.72203869048
699.008838354552,27696.0142113095,4943.53650297619
699.20229181875,27725.1733854167,4956.86455357143
699.395730475942,27760.6390029762,4999.67685267857
699.589154323839,27696.8268973214,4953.4837797619
699.782563360154,27688.8950818452,4939.86316220238
699.975957582597,27736.1609002976,4987.25901041667
700.169336988881,27820.3551711309,5070.34802827381
700.362701576717,27789.7331622024,5055.45962053571
700.556051343816,27707.6843824405,4997.33631696429
700.749386287891,27739.1515848214,5023.37477678571
700.942706406653,27811.7406994048,5106.8213764881
701.136011697812,27811.7406994048,5114.3305952381
701.329302159082,27810.3428794643,5105.97618303571
701.522577788174,27799.6479315476,5111.33991071429
701.715838582798,27830.1074032738,5145.63526041667
701.909084540668,27823.7359449405,5146.28540922619
702.102315659493,27778.4855877976,5110.03961309524
702.295531936987,27809.2376264881,5132.89234375
702.48873337086,27855.9508184524,5175.93219494048
702.681919958825,27860.566875,5189.09770833333
702.875091698592,27800.1355431548,5126.00076636905
703.068248587873,27824.2560639881,5147.7807514881
703.261390624381,27853.2527008929,5197.90722470238
703.454517805826,27834.6259375,5190.26797619048
703.64763012992,27810.9605208333,5163.35181547619
703.840727594375,27800.2005580357,5155.64755208333
704.033810196902,27825.7188988095,5188.38254464286
704.226877935214,27813.9512053571,5178.30523809524
704.41993080702,27775.5599181548,5142.5795610119
704.612968810034,27782.8740922619,5139.91395089286
704.805991941967,27906.5323958333,5258.85867559524
704.99900020053,27887.873125,5242.05232886905
705.191993583434,27992.0919791667,5332.16295386905
705.384972088393,27973.8878125,5323.3534375
705.577935713116,27995.4727529762,5345.06840773809
705.770884455316,28030.5157738095,5380.95662202381
705.963818312705,28021.0236011905,5377.44581845238
706.156737282993,28061.4303497024,5416.61728422619
706.349641363893,28070.6299553571,5443.76099702381
706.542530553116,28050.2152827381,5439.99013392857
706.735404848374,27964.4281473214,5357.51875744048
706.928264247378,27979.9016889881,5391.39151041667
707.12110874784,27993.3922767857,5416.71480654762
707.313938347471,28006.6228050595,5421.85098214286
707.506753043984,27941.9655059524,5374.65017857143
707.699552835089,27963.64796875,5400.59111607143
707.892337718498,27980.9094196429,5429.42521577381
708.085107691924,27977.1385565476,5431.18061755952
708.277862753076,27885.077485119,5353.65037202381
708.470602899668,27890.0186160714,5366.52331845238
708.663328129411,27906.3373511905,5391.42401785714
708.856038440015,27787.0350446429,5292.01626488095
709.048733829194,27743.9951934524,5243.97026785714
709.241414294658,27585.1963467262,5109.25943452381
709.434079834119,27695.981703869,5225.57105654762
709.626730445289,27707.0017261905,5235.87591517857
709.819366125879,27654.1446279762,5179.05290922619
710.011986873601,27628.3012127976,5152.23427083333
710.204592686166,27620.7594866071,5150.7714360119
710.397183561287,27618.0938764881,5154.31474702381
710.589759496673,27602.0352008929,5134.32267113095
710.782320490039,27624.2052752976,5164.61960565476
710.974866539094,27688.0498883929,5229.6995014881
711.16739764155,27699.525014881,5233.56788690476
711.35991379512,27612.6001190476,5158.50820684524
711.552414997514,27648.0007217262,5187.24478422619
711.744901246444,27686.7820982143,5228.5942485119
711.937372539622,27690.7154985119,5232.69018601191
712.12982887476,27642.4419494048,5195.92427083333
712.322270249568,27649.0734672619,5203.43348958333
712.514696661759,27669.2605877976,5227.6515327381
712.707108109045,27673.4215401786,5245.33558035714
712.899504589136,27632.2996279762,5221.37759672619
713.091886099744,27619.8167708333,5228.72427827381
713.284252638582,27656.9402678571,5272.02418898809
713.47660420336,27572.9735491071,5191.50325892857
713.66894079179,27542.1890029762,5173.49413690476
713.861262401584,27554.6068452381,5207.26936755952
714.053569030454,27575.2165625,5236.49355654762
714.24586067611,27572.7134895833,5244.84796875
714.438137336265,27510.9493526786,5193.48621279762
714.630399008631,27526.2278497024,5228.39920386905
714.822645690917,27536.9878125,5250.24420386905
715.014877380838,27472.0379464286,5197.38710565476
715.207094076103,27419.7334747024,5166.47252976191
715.399295774425,27432.2163318452,5191.14567708333
715.591482473515,27444.6666815476,5218.84201636905
715.783654171084,27427.3402157738,5216.33894345238
715.975810864845,27387.0634970238,5203.23844494048
716.167952552509,27382.9350520833,5220.04479166667
716.360079231788,27413.6220758929,5262.62953869048
716.552190900393,27395.2553720238,5261.19921130952
716.744287556035,27355.0436681548,5239.77680803571
716.936369196427,27366.7788541667,5254.21011160714
717.128435819279,27384.75546875,5289.12310267857
717.320487422305,27388.786391369,5309.79783482143
717.512524003214,27316.0997544643,5266.59544642857
717.704545559719,27263.3726860119,5236.78612351191
717.896552089531,27246.3062797619,5227.39147321429
718.088543590363,27222.7383854167,5216.40395833333
718.280520059924,27144.1353943452,5167.38273809524
718.472481495928,27183.1118154762,5211.2677827381
718.664427896086,27164.5175595238,5198.88244791667
718.856359258109,27120.8925744048,5171.96628720238
719.048275579709,27073.7567857143,5125.83822916667
719.240176858597,27060.8513318452,5115.85844494048
719.432063092485,27105.1264657738,5173.20156994048
719.623934279085,27103.0784970238,5169.39819940476
719.815790416109,27041.8344791667,5121.09214285714
720.007631501267,27002.3704464286,5087.21938988095
720.199457532271,26989.4324851191,5073.85883184524
720.391268506834,26973.79640625,5068.23504464286
720.583064422667,26963.4590401786,5063.8140327381
720.77484527748,26949.3183035714,5044.50461309524
720.966611068987,26918.8263244048,5042.03404761905
721.158361794898,26897.7615029762,5019.66892857143
721.350097452925,26837.8827976191,4964.34126488095
721.54181804078,26845.0344345238,4966.58427827381
721.733523556174,26874.4211607143,5007.96625
721.925213996819,26862.9785416667,5012.1922172619
722.116889360426,26820.7838839286,4983.19558035714
722.308549644707,26859.3702157738,5019.66892857143
722.500194847374,26934.9175074405,5102.49788690476
722.691824966138,26920.4842038691,5097.49174107143
722.883439998712,26889.5371205357,5075.48420386905
723.075039942805,26905.9208705357,5107.92662946429
723.266624796131,26889.0495089286,5115.43584821429
723.4581945564,26854.1690252976,5084.32622767857
723.649749221324,26832.1614880952,5078.53990327381
723.841288788615,26841.9462276786,5097.10165178571
724.032813255985,26870.4552529762,5143.84735119048
724.224322621144,26893.1779538691,5173.81921130952
724.415816881806,26888.3343452381,5197.84220982143
724.60729603568,26851.4058928571,5182.36866815476
724.798760080479,26897.33890625,5235.38830357143
724.990209013915,26924.3200818452,5272.64183035714
725.181642833698,26877.0217559524,5250.04915922619
725.373061537542,26873.7710119048,5259.18375
725.564465123156,26874.5836979167,5289.25313244048
725.755853588253,26846.1071800595,5278.98078125
725.947226930545,26809.0161904762,5262.27195684524
726.138585147742,26765.9763392857,5249.33399553571
726.329928237558,26755.411421131,5261.16670386905
726.521256197702,26663.5779017857,5194.42892857143
726.712569025887,26605.7471651786,5169.13813988095
726.903866719824,26580.4563764881,5165.30226190476
727.095149277226,26597.6203050595,5210.71515625
727.286416695803,26656.1987127976,5276.21764880952
727.477668973267,26561.6670758929,5221.15004464286
727.66890610733,26460.373891369,5147.68322916667
727.860128095703,26473.5068973214,5192.02337797619
728.051334936098,26502.6335639881,5232.59266369048
728.242526626227,26414.8309672619,5183.05132440476
728.433703163801,26344.4198511905,5109.25943452381
728.624864546532,26365.5496875,5148.04081101191
728.816010772131,26349.1334300595,5172.94151041667
729.007141838309,26286.6866369048,5111.04734375
729.19825774278,26233.7645238095,5074.08638392857
729.389358483254,26294.6834672619,5146.96806547619
729.580444057442,26311.3272767857,5178.92287946429
729.771514463056,26314.6105282738,5187.14726190476
729.962569697809,26263.9639360119,5158.0205952381
730.153609759411,26355.6349181548,5259.9964360119
730.344634645574,26357.8129166667,5271.73162202381
730.53564435401,26330.116577381,5252.29217261905
730.72663888243,26313.0176636905,5240.8820610119
730.917618228546,26358.2030059524,5312.52845982143
731.10858239007,26354.3021130952,5313.17860863095
731.299531364712,26239.1282514881,5222.25529761905
731.490465150186,26241.0786979167,5224.92090773809
731.681383744201,26356.1550372024,5355.82837053571
731.872287144471,26362.5264955357,5373.38238839286
732.063175348706,26257.8850446429,5283.01170386905
732.254048354618,26248.6854389881,5282.55659970238
732.444906159919,26327.1584002976,5385.99527529762
732.63574876232,26338.8935863095,5404.75206845238
732.826576159533,26232.9843452381,5287.36770089286
733.017388349269,26210.651733631,5287.36770089286
733.208185329241,26284.8987276786,5377.70587797619
733.398967097159,26267.8973363095,5382.6145014881
733.589733650735,26182.0451860119,5317.56711309524
733.780484987682,26120.7361532738,5271.50406994048
733.971221105709,26185.4259598214,5344.61330357143
734.16194200253,26149.6677752976,5327.28683779762
734.352647675855,26080.4269270833,5280.44361607143
734.543338123397,26043.4009523809,5263.01962797619
734.734013342867,26099.2162276786,5327.22182291667
734.924673331976,26154.673921131,5386.64542410714
735.115318088435,26045.4814285714,5288.57047619048
735.305947609958,26015.412046131,5274.81982886905
735.496561894255,26084.0027455357,5365.90567708333
735.687160939038,26067.9440699405,5360.80200892857
735.877744742018,25950.9172842262,5271.08147321429
736.068313300907,25937.6867559524,5276.3801860119
736.258866613416,25995.2249255952,5339.57465029762
736.449404677258,25967.2035119048,5324.8487797619
736.639927490144,25874.654828869,5250.50426339286
736.830435049785,25881.8064657738,5294.25927827381
737.020927353893,25922.7333333333,5354.30052083333
737.21140440018,25966.6508854167,5402.60657738095
737.401866186357,25856.288125,5297.05491815476
737.592312710136,25844.7154761905,5291.10605654762
737.782743969228,25916.3943824405,5382.15939732143
737.973159961345,25895.5896205357,5370.09913690476
738.163560684199,25790.2655133929,5275.46997767857
738.3539461355,25793.3537202381,5284.37701636905
738.544316312962,25828.1041741071,5352.28505952381
738.734671214295,25827.8441145833,5377.28328125
738.925010837211,25661.5685565476,5224.43329613095
739.115335179422,25650.80859375,5234.80316964286
739.305644238638,25726.0308110119,5319.51755952381
739.495938012573,25740.0740252976,5344.22321428571
739.686216498937,25626.5905505952,5239.12665922619
739.876479695442,25590.3447544643,5216.50148065476
740.066727599799,25667.0298065476,5301.54094494048
740.25696020972,25657.5701413691,5313.53619047619
740.447177522918,25564.1437574405,5240.23191220238
740.637379537102,25558.715014881,5240.10188244048
740.827566249986,25609.7842038691,5302.67870535714
741.01773765928,25655.4571577381,5359.20914434524
741.207893762696,25504.5901264881,5238.8340922619
741.398034557946,25470.1647470238,5232.04003720238
741.588160042741,25510.7340327381,5291.3986235119
741.778270214794,25502.9972619048,5286.84758184524
741.968365071814,25418.4454092262,5218.61446428571
742.158444611515,25476.2761458333,5288.31041666667
742.348508831608,25478.0640550595,5319.2575
742.538557729804,25456.8692038691,5305.34431547619
742.728591303814,25329.6350818452,5193.48621279762
742.918609551352,25315.9169419643,5205.77402529762
743.108612470127,25405.2473883929,5303.55640625
743.298600057852,25383.955014881,5304.3690922619
743.488572312238,25264.6527083333,5210.78017113095
743.678529230998,25269.5613318452,5240.36194196429
743.868470811841,25378.8513467262,5359.98932291667
744.058397052481,25362.4025818452,5364.15027529762
744.248307950629,25292.9016741071,5317.3395610119
744.438203503996,25277.395625,5310.74055059524
744.628083710293,25290.1060342262,5361.87475446429
744.817948567234,25343.9058482143,5429.8478125
745.007798072528,25186.3097767857,5292.82895089286
745.197632223888,25186.60234375,5302.90625744048
745.387451019025,25230.6174181548,5377.02322172619
745.577254455651,25221.7103794643,5385.18258928571
745.767042531478,25142.0996577381,5337.49417410714
745.956815244216,25108.4219494048,5333.69080357143
746.146572591578,25123.8954910714,5372.11459821429
746.336314571276,25126.1385044643,5383.13462053571
746.52604118102,25047.1779315476,5324.39367559524
746.715752418523,25034.2724776786,5330.04997023809
746.905448281496,25105.7563392857,5427.86485863095
747.09512876765,25040.8714880952,5402.21648809524
747.284793874698,24960.1880208333,5341.59011160714
747.47444360035,24931.6789955357,5323.84104910714
747.664077942319,24930.3786979167,5360.05433779762
747.853696898316,24868.8421130952,5316.94947172619
748.043300466053,24755.84625,5231.58493303571
748.23288864324,24676.040483631,5165.65984375
748.422461427591,24724.5415848214,5243.12507440476
748.612018816816,24739.7225595238,5263.11715029762
748.801560808627,24553.78,5108.51176339286
748.991087400736,24557.8109226191,5125.48064732143
749.180598590854,24600.2331324405,5187.27729166667
749.370094376692,24620.3877455357,5199.46758184524
749.559574755963,24542.4999181548,5141.05171130952
749.749039726378,24480.4757217262,5095.57380208333
749.938489285649,24530.0495684524,5165.43229166667
750.127923431487,24497.6721577381,5151.09651041667
750.317342161604,24387.4394270833,5072.33098214286
750.50674547371,24357.0774776786,5059.65308035714
750.69613336552,24410.1946354167,5132.56726934524
750.885505834742,24418.3540029762,5149.60116815476
751.07486287909,24340.4986830357,5084.65130208333
751.264204496274,24298.9866815476,5069.5353422619
751.453530684007,24367.0897693452,5157.20790922619
751.64284144,24377.5246577381,5174.17679315476
751.832136761964,24280.4249330357,5106.49630208333
752.021416647612,24265.4390029762,5104.15576636905
752.210681094654,24347.1302008929,5214.29097470238
752.399930100803,24316.5081919643,5206.58671130952
752.589163663769,24217.6205580357,5128.34130208333
752.778381781266,24213.1670386905,5138.32108630952
752.967584451003,24260.0427678571,5207.52942708333
753.156771670693,24241.1884523809,5207.04181547619
753.345943438047,24125.7220238095,5130.42177827381
753.535099750777,24097.3755357143,5119.23921875
753.724240606595,24157.6443303571,5195.72922619048
753.913366003212,24150.4926934524,5198.45985119048
754.10247593834,24027.2894940476,5104.70839285714
754.29157040969,23990.6211011905,5085.33395833333
754.480649414974,24059.1792931548,5164.65211309524
754.669712951903,24034.213578869,5166.70008184524
754.85876101819,23895.8944196429,5060.01066220238
755.047793611545,23898.3649851191,5078.18232142857
755.23681072968,23941.8274330357,5144.75755952381
755.425812370308,23922.6480431548,5139.06875744048
755.614798531139,23817.0313690476,5052.04633928572
755.803769209885,23834.5528794643,5072.72107142857
755.992724404257,23870.8636904762,5140.56409970238
756.181664111968,23843.1023363095,5129.15398809524
756.370588330729,23791.9681324405,5088.77974702381
756.559497058252,23774.6741741071,5090.34010416667
756.748390292247,23837.9986681548,5160.71871279762
756.937268030427,23821.5173958333,5161.79145833333
757.126130270504,23748.245625,5111.99005952381
757.314977010188,23717.0384821429,5101.13257440476
757.503808247192,23786.9619866071,5189.4227827381
757.692623979226,23778.217485119,5208.50465029762
757.881424204004,23699.2894196429,5141.01920386905
758.070208919236,23690.7724702381,5140.23902529762
758.258978122633,23830.2944047619,5283.43430059524
758.447731811908,23811.5701190476,5290.94351934524
758.636469984772,23706.3110267857,5199.20752232143
758.825192638937,23676.6967485119,5177.94765625
759.013899772114,23680.1750446429,5214.6810639881
759.202591382015,23656.4771205357,5203.66104166667
759.391267466351,23598.9064434524,5172.68145089286
759.579928022834,23646.0097247024,5232.04003720238
759.768573049176,23697.5990327381,5305.14927083333
759.957202543088,23711.2521577381,5322.99585565476
760.145816502282,23623.5145758929,5259.47631696429
760.334414924469,23549.5601488095,5212.82813988095
760.522997807362,23619.7762202381,5301.60595982143
760.711565148671,23573.550639881,5284.9946577381
760.900116946108,23476.4834226191,5220.23983630952
761.088653197385,23439.3274181548,5196.08680803571
761.277173900213,23507.0729241071,5282.84916666667
761.465679052305,23491.7619196429,5280.2160639881
761.654168651371,23372.719672619,5181.71851934524
761.842642695123,23317.9121279762,5166.24497767857
762.031101181273,23382.9595163691,5262.14192708333
762.219544107532,23340.6673363095,5242.34489583333
762.407971471613,23226.9238020833,5147.42316964286
762.596383271226,23236.4809895833,5174.534375
762.784779504083,23294.2467113095,5250.4392485119
762.973160167896,23319.602514881,5284.37701636905
763.161525260376,23254.68515625,5235.06322916667
763.349874779235,23165.9073363095,5176.12723958333
763.538208722185,23167.0776041667,5207.4319047619
763.726527086937,23119.8768005952,5182.62872767857
763.914829871203,22997.6163169643,5088.35715029762
764.103117072694,22992.7402008929,5093.49332589286
764.291388689122,23054.5043377976,5177.29750744048
764.479644718198,23018.0634970238,5164.32703869048
764.667885157635,22955.8442559524,5124.27787202381
764.856110005144,22928.993110119,5115.92345982143
765.044319258436,22969.6599181548,5185.03427827381
765.232512915222,22989.0993675595,5221.93022321429
765.420690973216,22866.5463169643,5138.74368303571
765.608853430127,22894.5027157738,5190.39800595238
765.797000283668,22972.9756770833,5286.97761160714
765.985131531551,22956.6569419643,5283.95441964286
766.173247171486,22833.3562202381,5197.54964285714
766.361347201186,22793.1770238095,5187.89493303572
766.549431618362,22833.48625,5256.03052827381
766.737500420726,22833.1936830357,5271.50406994048
766.925553605989,22721.595639881,5195.66421130952
767.113591171863,22696.4998958333,5195.46916666667
767.301613116059,22745.6186383929,5265.71774553571
767.48961943629,22740.1248809524,5287.56274553571
767.677610130266,22662.0420089286,5236.85113839286
767.8655851957,22631.8751041667,5234.34806547619
768.053544630302,22688.7956324405,5318.15224702381
768.241488431785,22650.7944345238,5304.10903273809
768.42941659786,22543.4223586309,5225.11595238095
768.617329126239,22511.4675446429,5208.82972470238
768.805226014633,22594.6540848214,5307.09971726191
768.993107260754,22582.26875,5317.56711309524
769.180972862313,22428.606078869,5195.20910714286
769.368822817023,22478.2774479167,5245.36808779762
769.556657122594,22495.4088690476,5285.93737351191
769.744475776738,22483.9012351191,5292.17880208333
769.932278777167,22436.6679241071,5268.90347470238
770.120066121593,22405.8508705357,5264.22240327381
770.307837807727,22483.1210565476,5358.23392113095
770.49559383328,22437.4481026786,5334.76354910714
770.683334195965,22331.3113095238,5263.1496577381
770.871058893492,22319.2185416667,5259.7363764881
771.058767923574,22374.3511607143,5333.85334077381
771.246461283922,22367.7521502976,5345.0684077381
771.434138972248,22284.2405357143,5272.18672619048
771.621800986262,22235.479375,5250.63429315476
771.809447323678,22318.9259747024,5348.83927083333
771.997077982206,22272.7003943452,5328.19704613095
772.184692959558,22220.9160416667,5288.83053571429
772.372292253446,22202.1592485119,5288.60298363095
772.559875861581,22296.7233928571,5414.66683779762
772.747443781675,22231.3184226191,5368.60379464286
772.934996011439,22199.5911607143,5350.7897172619
773.122532548585,22204.694828869,5374.35761160714
773.310053390825,22247.3770982143,5450.81511160714
773.49755853587,22211.8464657738,5438.26723958333
773.685047981431,22115.0718154762,5361.7122172619
773.872521725221,22058.0212574405,5329.98495535714
774.059979764952,22117.0222619048,5399.55087797619
774.247422098333,22097.7453497024,5396.91777529762
774.434848723079,22024.1485044643,5346.85631696429
774.622259636898,22006.9520684524,5342.5978422619
774.809654837504,22033.7056919643,5400.81866815476
774.997034322608,22013.7461235119,5403.54929315476
775.184398089922,21902.7657217262,5317.63212797619
775.371746137157,21843.3421205357,5291.88623511905
775.559078462024,21885.4067485119,5353.09774553571
775.746395062236,21820.1968229167,5308.59505952381
775.933695935504,21742.2439806548,5248.68384672619
776.12098107954,21706.6483333333,5238.7040625
776.308250492054,21768.9000818452,5330.0499702381
776.49550417076,21663.8035267857,5247.25351934524
776.682742113367,21584.9729836309,5197.58215029762
776.869964317589,21501.3313392857,5145.01761904762
777.057170781136,21560.5273883929,5225.76610119048
777.24436150172,21477.4383705357,5166.53754464286
777.431536477054,21389.9283407738,5096.8415922619
777.618695704847,21354.8853199405,5091.3803422619
777.805839182812,21383.3618377976,5143.45726190476
777.992966908661,21344.7755059524,5127.91870535714
778.180078880105,21238.6062053571,5050.06338541667
778.367175094856,21263.4743973214,5078.05229166667
778.554255550625,21349.1640104167,5188.54508184524
778.741320245124,21352.9023660714,5207.33438244048
778.928369176064,21238.5411904762,5121.54724702381
779.115402341158,21246.5705282738,5137.73595238095
779.302419738116,21308.6272321429,5212.63309523809
779.489421364651,21326.4088020833,5244.9779985119
779.676407218473,21249.72375,5193.0961235119
779.863377297295,21206.3588244048,5173.00652529762
780.050331598828,21235.9731026786,5237.04618303571
780.237270120784,21198.3945014881,5217.73676339286
780.424192860874,21164.1316592262,5208.60217261905
780.61109981681,21141.3114360119,5212.99067708333
780.797990986303,21205.1560491071,5289.87077380952
780.984866367065,21220.2069940476,5316.42935267857
781.171725956809,21136.337797619,5273.19445684524
781.358569753244,21132.8269940476,5293.93420386905
781.545397754083,21177.0046056548,5355.3082514881
781.732209957038,21175.1191741071,5369.38397321429
781.91900635982,21074.898735119,5308.46502976191
782.10578696014,21065.471577381,5319.19248511905
782.292551755711,21056.2719717262,5348.22162946428
782.479300744244,20991.7121949405,5308.17246279762
782.66603392345,20864.1529985119,5212.08046875
782.852751291041,20849.069546131,5217.83428571429
783.039452844728,20912.0364583333,5312.85353422619
783.226138582224,20916.7175297619,5342.69536458333
783.41280850124,20792.5065997024,5264.5149702381
783.599462599487,20787.2403943452,5291.26859375
783.786100874678,20831.320483631,5361.5821875
783.972723324522,20847.8017559524,5390.67634672619
784.159329946733,20778.073296131,5344.67831845238
784.345920739022,20766.2730952381,5352.74016369048
784.532495699101,20806.0947098214,5412.94394345238
784.71905482468,20771.7343452381,5420.81074404762
784.905598113472,20599.5749404762,5286.22994047619
785.092125563188,20593.6585863095,5293.8691889881
785.27863717154,20616.6088392857,5342.53282738095
785.465132936239,20607.409233631,5360.67197916667
785.651612854998,20498.6068303571,5278.13558779762
785.838076925527,20473.8361607143,5271.50406994048
786.024525145538,20519.96421875,5346.66127232143
786.210957512743,20500.232202381,5351.24482142857
786.397374024853,20407.3259375,5287.46522321429
786.58377467958,20426.3427901786,5324.62122767857
786.770159474636,20516.485922619,5444.60619047619
786.956528407732,20463.6613318452,5423.21629464286
787.14288147658,20345.3342485119,5339.57465029762
787.329218678891,20354.9239434524,5366.75087053571
787.515540012378,20363.5384151786,5408.84800595238
787.70184547475,20331.9086755952,5401.98893601191
787.888135063721,20210.2658333333,5313.14610119048
788.074408777002,20129.7774107143,5277.12785714286
788.260666612304,20166.9334151786,5340.9724702381
788.446908567339,20141.155014881,5350.43213541667
788.633134639818,20021.1050372024,5264.74252232143
788.819344827454,20002.445766369,5277.42042410714
789.005539127957,20008.3296130952,5307.65234375
789.19171753904,19969.125639881,5295.2345014881
789.377880058414,19865.296875,5226.38374255952
789.56402668379,19820.5016220238,5212.8931547619
789.75015741288,19850.0508854167,5279.95600446429
789.936272243396,19811.4970610119,5268.6109077381
790.12237117305,19769.2373883929,5252.61724702381
790.308454199552,19740.6308407738,5255.83548363095
790.494521320615,19748.5301488095,5302.48366071429
790.68057253395,19689.3666071429,5264.18989583333
790.866607837268,19593.1445833333,5192.77104910714
791.052627228282,19558.4266369048,5177.42753720238
791.238630704703,19602.9293229167,5235.03072172619
791.424618264243,19609.8534077381,5241.95480654762
791.610589904612,19554.9158333333,5203.7585639881
791.796545623523,19541.1651860119,5200.83289434524
791.982485418688,19594.347358631,5260.22398809524
792.168409287817,19533.3308928571,5218.93953869048
792.354317228623,19466.8531770833,5158.9633110119
792.540209238817,19477.7431696429,5168.78055803571
792.72608531611,19540.970141369,5239.77680803571
792.911945458215,19526.699375,5231.97502232143
793.097789662843,19445.8208630952,5166.79760416667
793.283617927705,19422.0579241071,5143.52227678571
793.469430250513,19509.5029389881,5232.36511160714
793.655226628979,19558.9467559524,5261.00416666667
793.841007060814,19532.6157291667,5233.73042410714
794.02677154373,19513.663891369,5218.0943452381
794.212520075439,19581.5719345238,5285.90486607143
794.398252653652,19586.773125,5281.22379464286
794.58396927608,19498.3853943452,5194.55895833333
794.769669940435,19507.3899553571,5200.18274553571
794.955354644429,19590.2839285714,5278.13558779762
795.141023385774,19616.5499404762,5287.98534226191
795.326676162181,19573.0224776786,5248.00119047619
795.512312971361,19571.4621205357,5237.95639136905
795.697933811027,19638.9475669643,5303.78395833333
795.88353867889,19665.2460863095,5314.57642857143
796.06912757266,19629.4879017857,5271.37404017857
796.254700490051,19643.5961309524,5279.63093005952
796.440257428774,19739.1029910714,5363.17505208333
796.625798386539,19772.6506696429,5379.8838764881
796.81132336106,19733.7067559524,5333.36572916667
796.996832350047,19750.9031919643,5329.75740327381
797.182325351212,19858.7303720238,5418.27516369048
797.367802362267,19862.7938020833,5421.13581845238
797.553263380922,19772.7156845238,5340.64739583333
797.738708404891,19730.2934747024,5295.07196428571
797.924137431884,19803.8578125,5351.40735863095
798.109550459613,19780.7775297619,5319.77761904762
798.294947485789,19730.5210267857,5263.11715029762
798.480328508125,19767.8070610119,5290.7159672619
798.665693524332,19853.3016294643,5364.21529017857
798.85104253212,19832.3018229167,5330.34253720238
799.036375529203,19773.9509672619,5286.91259672619
799.221692513292,19753.9263839286,5251.64202380952
799.406993482097,19802.9150967262,5304.14154017857
799.592278433332,19808.0512723214,5300.0130952381
799.777547364706,19773.9509672619,5254.9577827381
799.962800273933,19805.9382886905,5278.72072172619
800.148037158723,19878.3648660714,5341.1025
800.333258016788,19882.6883556548,5338.04680059524
800.518462845841,19782.0453199405,5244.68543154762
800.703651643591,19794.3981473214,5251.73954613095
800.888824407752,19891.7579315476,5346.46622767857
801.073981136033,19862.1436532738,5330.70011904762
801.259121826149,19784.9384821429,5240.68701636905
801.444246475808,19794.5281770833,5236.23349702381
801.629355082724,19889.4824107143,5323.45095982143
801.814447644609,19861.0709077381,5303.94649553572
801.999524159172,19823.1997395833,5257.65590029762
802.184584624127,19836.1702083333,5260.58156994048
802.369629037184,19904.6958928571,5324.06860119048
802.554657396056,19926.5408928571,5348.28664434524
802.739669698454,19889.2873660714,5310.41547619048
802.924665942089,19911.03484375,5316.526875
803.109646124673,19970.3284151786,5387.84819940476
803.294610243918,19996.0743080357,5401.59884672619
803.479558297535,19929.6616071429,5338.9245014881
803.664490283237,19964.0544791667,5379.36375744048
803.849406198733,19983.1363467262,5393.37446428571
804.034306041737,19981.6410044643,5392.23670386905
804.21918980996,19896.2764657738,5308.85511904762
804.404057501112,19903.4931175595,5306.57959821429
804.588909112907,19961.8439732143,5371.59447916667
804.773744643055,19949.94625,5362.84997767857
804.958564089268,19898.2594196429,5306.18950892857
805.143367449258,19899.7222544643,5313.95878720238
805.328154720736,19997.7646949405,5410.1808110119
805.512925901414,19974.6519047619,5393.89458333333
805.697680989003,19909.5395014881,5333.85334077381
805.882419981216,19889.6124404762,5319.77761904762
806.067142875763,19934.9278125,5377.73838541667
806.251849670356,19918.8691369048,5363.40260416667
806.436540362708,19828.7260044643,5278.55818452381
806.621214950528,19796.1535491071,5251.38196428571
806.80587343153,19782.3703943452,5253.65748511905
806.990515803424,19823.7848735119,5289.83826636905
807.175142063923,19722.3941666667,5210.13002232143
807.359752210737,19710.5289508929,5204.7012797619
807.544346241579,19707.4407440476,5206.29414434524
807.72892415416,19718.2332142857,5226.90386160714
807.913485946191,19640.4429092262,5145.66776785714
808.098031615385,19635.7943452381,5157.63050595238
808.282561159453,19690.5693824405,5228.46421875
808.467074576106,19689.8867261905,5229.11436755952
808.651571863056,19624.7093080357,5176.90741815476
808.836053018014,19601.3689657738,5160.19859375
809.020518038693,19684.9130877976,5248.1312202381
809.204966922804,19645.4490550595,5220.01228422619
809.389399668058,19600.5887872024,5174.79443452381
809.573816272167,19622.8563839286,5188.87015625
809.758216732842,19695.5105133929,5274.81982886905
809.942601047796,19700.1265699405,5273.12944196429
810.12696921474,19604.2296205357,5193.19364583333
810.311321231384,19592.1043452381,5180.71078869048
810.495657095443,19647.8546056548,5256.29058779762
810.679976804625,19640.1828497024,5256.38811011905
810.864280356644,19530.8278199405,5164.48957589286
811.04856774921,19546.8539880952,5180.38571428571
811.232838980036,19636.8995982143,5276.83529017857
811.417094046833,19647.7570833333,5296.14470982143
811.601332947312,19604.7497395833,5261.16670386905
811.785555679186,19605.9200074405,5282.19901785714
811.969762240165,19626.5622321429,5305.7344047619
812.153952627961,19617.8827455357,5298.90784226191
812.338126840287,19546.1063169643,5236.13597470238
812.522284874853,19519.9703348214,5215.39622767857
812.706426729371,19630.8857217262,5342.79288690476
812.890552401553,19600.7838318452,5328.58713541667
813.074661889111,19528.3247470238,5270.07374255952
813.258755189755,19504.3342559524,5273.22696428571
813.442832301198,19581.4419047619,5367.53104910714
813.62689322115,19571.2995833333,5364.99546875
813.810937947325,19479.59609375,5301.83351190476
813.994966477433,19476.1828125,5314.02380208333
814.178978809186,19493.0216666667,5354.46305803571
814.362974940295,19480.7988690476,5357.71380208333
814.546954868473,19451.0870684524,5343.24799107143
814.73091859143,19433.4355282738,5339.11954613095
814.914866106879,19507.3249404762,5422.46862351191
815.09879741253,19438.019077381,5375.56038690476
815.282712506096,19363.7720833333,5328.71716517857
815.466611385288,19311.2400595238,5298.7778125
815.650494047817,19319.8220238095,5337.20160714286
815.834360491397,19325.4133035714,5364.24779761905
816.018210713736,19255.1322172619,5326.18158482143
816.202044712549,19224.9978199405,5316.81944196429
816.385862485545,19290.5978348214,5404.00439732143
816.569664030437,19243.2344940476,5361.64720238095
816.753449344937,19151.0433928571,5287.79029761905
816.937218426755,19134.919702381,5295.00694940476
817.120971273604,19148.8653943452,5326.27910714286
817.304707883195,19067.1416889881,5269.35857886905
817.488428253239,19010.1236383929,5230.83726190476
817.672132381449,18983.4025223214,5225.76610119048
817.855820265535,19025.3371205357,5292.27632440476
818.03949190321,19037.2023363095,5323.41845238095
818.223147292185,18947.059203869,5260.84162946429
818.406786430172,18884.8074553571,5218.32189732143
818.590409314882,18927.2946800595,5285.02716517857
818.774015944027,18887.115483631,5275.07988839286
818.957606315318,18847.0663169643,5254.9577827381
819.141180426467,18791.6411309524,5219.29712053571
819.324738275186,18850.0570014881,5301.99604910714
819.508279859186,18831.5602678571,5298.22518601191
819.691805176179,18753.1198139881,5242.14985119048
819.875314223877,18762.5144642857,5268.8709672619
820.05880699999,18797.2649181548,5331.35026785714
820.242283502231,18784.587016369,5337.91677083333
820.425743728311,18685.4393229167,5269.87869791667
820.609187675942,18679.8480431548,5283.49931547619
820.792615342836,18717.7842261905,5342.07772321429
820.976026726703,18705.7239657738,5353.71538690476
821.159421825256,18632.0621056548,5306.38455357143
821.342800636207,18586.4216592262,5284.96215029762
821.526163157266,18635.83296875,5359.33917410714
821.709509386145,18665.1871875,5395.35741815476
821.892839320557,18576.9294866071,5337.23411458333
822.076152958212,18564.6091666667,5341.98020089286
822.259450296822,18603.7806324405,5408.75048363095
822.442731334099,18580.472797619,5405.72729166667
822.625996067754,18494.5556324405,5340.64739583333
822.809244495499,18448.9476934524,5311.78078869048
822.992476615046,18489.3869494048,5382.97208333333
823.175692424106,18445.2093377976,5358.42896577381
823.358891920391,18373.5954464286,5310.02538690476
823.542075101612,18346.1916741071,5317.30705357143
823.725241965481,18381.3322172619,5367.85612351191
823.90839250971,18367.6465848214,5378.68110119047
824.091526732009,18251.8225744048,5297.37999255952
824.274644630092,18220.160327381,5289.35065476191
824.457746201669,18275.5530059524,5366.39328869048
824.640831444452,18228.0596354167,5338.59942708333
824.823900356152,18149.0665550595,5272.99941220238
825.006952934482,18125.271108631,5267.83072916667
825.189989177152,18145.3932142857,5316.13678571429
825.373009081875,18123.3206622024,5307.87989583333
825.556012646361,18000.6375818452,5218.3544047619
825.738999868323,17972.8762276786,5201.67808779762
825.921970745472,18044.5226264881,5286.75005952381
826.10492527552,18026.90359375,5290.26086309524
826.287863456178,17953.6643303571,5235.4208110119
826.470785285158,17913.7451934524,5215.20118303572
826.653690760172,17957.6302380952,5281.87394345238
826.836579878931,17928.3085267857,5260.80912202381
827.019452639146,17845.7721354167,5202.55578869048
827.202309038529,17841.1885863095,5221.5076264881
827.385149074793,17891.4450892857,5283.27176339286
827.567972745648,17869.1774925595,5278.59069196429
827.750780048806,17753.8736011905,5185.3268452381
827.933570981979,17759.0097767857,5198.06976190476
828.116345542878,17788.4940252976,5256.55064732143
828.299103729215,17773.8006622024,5260.84162946429
828.481845538702,17693.9298809524,5209.25232142857
828.664570969049,17679.5615922619,5212.08046875
828.847280017969,17718.9281026786,5277.94054315476
829.029972683174,17706.3477232143,5281.93895833333
829.212648962374,17651.6377008929,5245.62814732143
829.395308853282,17617.1798139881,5231.61744047619
829.577952353609,17671.4997470238,5318.54233630952
829.760579461066,17645.9163913691,5318.67236607143
829.943190173366,17569.1988318452,5261.68682291667
830.12578448822,17554.6354985119,5276.70526041667
830.308362403339,17579.9587946429,5322.67078125
830.490923916435,17561.1044791667,5324.78376488095
830.673469025219,17550.7671130952,5339.93223214286
830.855997727404,17555.2206324405,5359.46920386905
831.038510020701,17616.8222321429,5435.04900297619
831.221005902821,17572.872172619,5408.03531994048
831.403485371477,17447.7835416667,5321.30546875
831.585948424378,17440.3068303571,5331.6753422619
831.768395059239,17460.1038616071,5377.77089285714
831.950825273768,17429.3518229167,5360.47693452381
832.13323906568,17295.6162127976,5255.51040922619
832.315636432684,17321.0045238095,5291.98375744048
832.498017372493,17336.2180059524,5341.81766369048
832.680381882818,17304.4907440476,5327.02677827381
832.862729961371,17251.6336458333,5295.10447172619
833.045061605863,17215.9404761905,5277.45293154762
833.227376814007,17262.7511904762,5338.04680059524
833.409675583512,17230.991421131,5318.50982886905
833.591957912092,17165.1313467262,5260.80912202381
833.774223797458,17134.6393675595,5243.15758184524
833.956473237321,17170.0074627976,5295.00694940476
834.138706229394,17163.9935863095,5311.065625
834.320922771387,17112.5668154762,5279.59842261905
834.503122861012,17040.8879092262,5228.46421875
834.68530649598,17074.0129910714,5281.32131696429
834.867473674004,16991.2165401786,5227.58651785714
835.049624392795,16935.7913541667,5196.5094047619
835.231758650065,16917.8472470238,5191.79582589286
835.413876443525,16946.94140625,5242.53994047619
835.595977770886,16944.4383333333,5256.25808035714
835.778062629861,16890.4759821429,5223.78314732143
835.960131018161,16882.9017485119,5240.6220014881
836.142182933497,16898.9929315476,5287.95283482143
836.324218373582,16887.5178050595,5292.21130952381
836.506237336126,16836.4811235119,5267.79822172619
836.688239818842,16846.525922619,5296.92488839286
836.87022581944,16851.5645758929,5342.89040922619
837.052195335633,16822.9580282738,5338.04680059524
837.234148365132,16710.6448214286,5257.23330357143
837.416084905649,16667.4749404762,5239.28919642857
837.598004954895,16682.2008110119,5281.06125744048
837.779908510583,16633.0495610119,5253.39742559524
837.961795570422,16576.4866145833,5222.1902827381
838.143666132126,16532.9266443452,5198.39483630952
838.325520193406,16542.2887872024,5230.44717261905
838.507357751972,16559.810297619,5270.07374255952
838.689178805538,16499.9315922619,5226.25371279762
838.870983351814,16461.0852008929,5206.45668154762
839.052771388512,16533.2842261905,5296.33975446429
839.234542913344,16558.6075223214,5337.49417410714
839.416297924021,16455.9490252976,5261.00416666667
839.598036418256,16408.6181919643,5235.9734375
839.779758393758,16473.8931324405,5317.7621577381
839.961463848241,16437.4197842262,5291.65868303571
840.143152779415,16416.2574404762,5289.31814732143
840.324825184993,16382.6122395833,5278.59069196429
840.506481062685,16408.5206696429,5318.0222172619
840.688120410204,16398.5733928571,5317.82717261905
840.869743225261,16345.9113392857,5284.18197172619
841.051349505568,16333.2334375,5285.28722470238
841.232939248836,16361.5474181548,5335.54372767857
841.414512452777,16366.8786383929,5359.89180059524
841.596069115102,16332.3557366071,5342.40279761905
841.777609233523,16291.0062723214,5311.71577380952
841.959132805752,16309.5680208333,5353.84541666667
842.1406398295,16328.9749627976,5387.42560267857
842.322130302479,16179.63578125,5265.06759672619
842.503604222401,16148.23359375,5262.92210565476
842.685061586976,16222.1555133929,5354.59308779762
842.866502393917,16183.8942559524,5343.41052827381
843.047926640935,16097.2619270833,5284.96215029762
843.229334325743,16067.0950223214,5274.85233630952
843.41072544605,16113.2880952381,5338.76196428572
843.59209999957,16078.0500297619,5324.55621279762
843.773457984013,15994.8309821429,5267.21308779762
843.954799397091,15919.4462276786,5209.77244047619
844.136124236516,15952.5062946429,5261.16670386905
844.3174325,15895.8783333333,5226.31872767857
844.498724185254,15832.3913020833,5182.10860863095
844.679999289989,15789.0588839286,5161.17381696428
844.861257811917,15840.9732663691,5230.57720238095
845.04249974875,15801.9318303571,5213.9984077381
845.2237250982,15725.1167485119,5154.21722470238
845.404933857977,15683.962328869,5137.70344494048
845.586126025795,15707.1401339286,5181.2309077381
845.767301599363,15699.6309151786,5187.50484375
845.948460576394,15600.678266369,5112.54268601191
846.1296029546,15589.4957068452,5112.12008928572
846.310728731691,15689.8461755952,5221.89771577381
846.49183790538,15671.3169345238,5217.18413690476
846.672930473378,15599.2804464286,5156.55776041667
846.854006433397,15592.2913467262,5156.00513392857
847.035065783148,15669.9191145833,5247.83865327381
847.216108520343,15672.5197098214,5262.0444047619
847.397134642694,15604.2540848214,5207.88700892857
847.578144147912,15635.1036458333,5256.90822916667
847.759137033709,15713.8691741071,5350.04204613095
847.940113297796,15715.2019791667,5352.41508928571
848.121072937885,15650.9022619048,5309.60279017857
848.302015951687,15624.3436830357,5303.39386904762
848.482942336915,15663.8727306548,5361.12708333333
848.663852091279,15671.2519196429,5388.7584077381
848.844745212492,15619.6626116071,5357.06365327381
849.025621698264,15603.0513095238,5360.3469047619
849.206481546309,15659.5817485119,5425.03671130952
849.387324754336,15684.5149553571,5470.96972470238
849.568151320058,15610.5280208333,5417.78755208333
849.748961241186,15604.9692485119,5429.49023065476
849.929754515432,15631.3327827381,5473.57031994048
850.110531140508,15569.2435714286,5423.63889136905
850.291291114125,15470.5509821429,5350.43213541667
850.472034433994,15447.3081622024,5341.20002232143
850.652761097828,15482.6762574405,5395.1623735119
850.833471103337,15439.3763467262,5367.27098958333
851.014164448235,15415.808452381,5361.09457589286
851.194841130231,15435.3454241071,5402.34651785714
851.375501147038,15437.8810044643,5415.51203125
851.556144496367,15398.5144940476,5393.63452380952
851.73677117593,15306.2583779762,5326.37662946429
851.917381183438,15302.5200223214,5331.38277529762
852.097974516604,15350.9886160714,5398.73819196429
852.278551173138,15321.9919791667,5386.1578125
852.459111150753,15233.9618303571,5314.99902529762
852.639654447159,15239.1630208333,5338.63193452381
852.820181060069,15254.8316071429,5373.02480654762
853.000690987194,15203.4048363095,5346.14115327381
853.181184226245,15107.4428720238,5266.04281994048
853.361660774935,15104.5822172619,5270.72389136905
853.542120630975,15145.3140401786,5330.27752232143
853.722563792076,15119.1130431548,5329.78991071429
853.90299025595,15028.5473139881,5263.11715029762
854.083400020309,15016.9096502976,5270.49633928571
854.263793082864,15065.6383035714,5338.371875
854.444169441326,15022.0133184524,5314.90150297619
854.624529093409,14967.3683110119,5279.33836309524
854.804872036822,14905.051547619,5234.41308035714
854.985198269278,14891.0408407738,5237.82636160714
855.165507788488,14921.7928794643,5288.63549107143
855.345800592164,14827.0987053571,5219.16709077381
855.526076678017,14875.5347916667,5280.21606398809
855.706336043759,14894.0640327381,5322.83331845238
855.886578687102,14879.4031770833,5319.3875297619
856.066804605757,14837.5986086309,5292.43886160714
856.247013797436,14801.7103943452,5270.33380208333
856.42720625985,14797.3543973214,5280.24857142857
856.607381990712,14795.3389360119,5292.63390625
856.787540987732,14759.1581547619,5271.79663690476
856.967683248622,14756.232485119,5289.87077380952
857.147808771093,14784.0913616071,5343.67058779762
857.327917552859,14759.775796131,5333.17068452381
857.508009591629,14705.2608184524,5291.59366815476
857.688084885116,14686.1464434524,5289.220625
857.868143431031,14695.9636904762,5320.68782738095
858.048185227085,14654.7767633929,5297.5425297619
858.228210270991,14589.7618824405,5252.29217261905
858.40821856046,14570.9075669643,5249.13895089286
858.588210093204,14640.7660565476,5341.1025
858.768184866934,14623.7646651786,5337.1365922619
858.948142879361,14527.9977455357,5263.76729910714
859.128084128198,14518.115483631,5268.80595238095
859.308008611156,14481.0895089286,5249.23647321429
859.487916325946,14468.7366815476,5256.94073660714
859.667807270281,14415.0018824405,5217.76927083333
859.847681441871,14382.2993973214,5205.28641369048
860.027538838428,14437.5295386905,5281.41883928571
860.207379457665,14452.4179464286,5312.88604166667
860.387203297292,14392.3441964286,5271.37404017857
860.567010355021,14330.6450744048,5230.31714285714
860.746800628564,14356.4234747024,5276.38018601191
860.926574115632,14335.8137574405,5280.89872023809
861.106330813937,14289.1005654762,5253.20238095238
861.286070721191,14320.9253497024,5302.06106398809
861.465793835104,14359.1866071429,5358.55899553571
861.645500153389,14367.5085119048,5371.43194196429
861.825189673758,14306.362016369,5335.99883184524
862.004862393922,14289.8807440476,5339.47712797619
862.184518311592,14351.9049404762,5423.24880208333
862.36415742448,14253.6674553571,5352.77267113095
862.543779730298,14193.78875,5315.48663690476
862.723385226757,14174.3818080357,5314.02380208333
862.902973911569,14232.2125446429,5388.59587053571
863.082545782446,14235.6258258929,5416.90985119048
863.262100837098,14184.0365178571,5387.75067708333
863.441639073238,14136.5431473214,5366.42579613095
863.621160488578,14181.1433556548,5426.53205357143
863.800665080828,14152.6343303571,5415.21946428571
863.980152847701,14032.9094270833,5322.80081101191
864.159623786908,13999.5242857143,5311.52072916667
864.33907789616,14052.2838616071,5382.90706845238
864.51851517317,14034.8598735119,5381.73680059524
864.697935615649,13946.1795758929,5310.51299851191
864.877339221308,13923.5869047619,5303.39386904762
865.056725987859,13924.5296205357,5321.40299107143
865.236095913014,13896.7357589286,5317.7621577381
865.415448994484,13809.0631919643,5255.86799107143
865.594785229981,13789.2011458333,5249.10644345238
865.774104617216,13852.460625,5334.66602678572
865.953407153901,13812.6715178571,5310.90308779762
866.132692837748,13772.9799330357,5282.84916666667
866.311961666469,13734.8812127976,5263.57225446429
866.491213637774,13753.0528720238,5306.48207589286
866.670448749375,13707.5749627976,5283.14173363095
866.849666998984,13643.9253943452,5237.85886904762
867.028868384313,13594.5140848214,5200.80038690476
867.208052903074,13611.3204315476,5236.46104910714
867.387220552977,13620.0974404762,5269.00099702381
867.566371331734,13543.7374627976,5215.00613839286
867.745505237058,13571.3687872024,5252.16214285714
867.924622266659,13596.7896056548,5296.46978422619
868.103722418249,13567.6629389881,5283.59683779762
868.28280568954,13482.5909672619,5219.19959821429
868.461872078243,13477.4872991071,5229.86203869048
868.640921582071,13515.163422619,5284.66958333333
868.819954198734,13514.3507366071,5293.70665178571
868.998969925944,13458.0153422619,5246.05074404762
869.177968761413,13440.81890625,5246.53835565476
869.356950702852,13488.3447842262,5308.59505952381
869.535915747973,13455.7073139881,5281.61388392857
869.714863894488,13393.2280133929,5235.90842261905
869.893795140108,13372.1631919643,5230.12209821429
870.072709482545,13429.1162276786,5294.681875
870.25160691951,13395.4710267857,5268.1883110119
870.430487448715,13314.9175892857,5197.25707589286
870.609351067871,13299.7366145833,5195.04656994048
870.788197774691,13338.2904389881,5246.57086309524
870.967027566885,13384.9711235119,5294.94193452381
871.145840442166,13294.6004389881,5214.61604910714
871.324636398245,13283.5479092262,5216.01386904762
871.503415432833,13298.1762574405,5237.66382440476
871.682177543643,13305.587953869,5246.96095238095
871.860922728385,13274.6083630952,5223.62061011905
872.039650984771,13293.6577232143,5244.81546130952
872.218362310514,13341.6387053571,5291.98375744048
872.397056703323,13305.7504910714,5268.22081845238
872.575734160912,13242.4910119048,5221.0850297619
872.754394680992,13253.77109375,5233.60039434524
872.933038261274,13322.9144196429,5305.76691220238
873.11166489947,13337.3152157738,5325.33639136905
873.290274593292,13292.8125297619,5283.04421130952
873.46886734045,13261.4428497024,5252.87730654762
873.647443138657,13305.0028199405,5298.38772321429
873.826001985625,13315.7627827381,5311.22816220238
874.004543879064,13280.4271949405,5277.19287202381
874.183068816687,13321.8416741071,5320.59030505952
874.361576796205,13363.5487202381,5368.63630208333
874.54006781533,13356.7221577381,5359.98932291667
874.718541871772,13285.5633705357,5294.97444196429
874.896998963245,13284.8807142857,5293.21904017857
875.07543908746,13334.4545610119,5338.11181547619
875.253862242127,13390.6599255952,5388.04324404762
875.432268424959,13341.5411830357,5349.71697172619
875.610657633667,13312.4470238095,5326.24659970238
875.789029865963,13339.5582291667,5355.66583333333
875.967385119559,13360.8180952381,5378.61608630952
876.145723392165,13282.7027157738,5299.81805059524
876.324044681495,13275.2585119048,5286.81507440476
876.502348985258,13318.2983630952,5330.83014880952
876.680636301168,13307.2133258929,5314.54392113095
876.858906626934,13255.2664360119,5260.90664434524
877.03715996027,13226.0097395833,5243.74271577381
877.215396298886,13269.0820982143,5289.3506547619
877.393615640495,13294.665453869,5313.04857886905
877.571817982808,13229.2279761905,5248.42378720238
877.750003323535,13247.3996354167,5270.85392113095
877.92817166039,13306.7582217262,5330.08247767857
878.106322991084,13308.9687276786,5323.80854166667
878.284457313328,13259.4598958333,5277.19287202381
878.462574624833,13240.2154910714,5252.3571875
878.640674923312,13279.6795238095,5292.11378720238
878.818758206476,13308.6436532738,5314.99902529762
878.996824472037,13222.7915029762,5235.77839285714
879.174873717706,13254.6162872024,5259.24876488095
879.352905941194,13321.5491071429,5311.16314732143
879.530921140214,13342.6789434524,5328.22955357143
879.708919312477,13280.3621800595,5266.49792410714
879.886900455695,13320.1837946429,5297.34748511905
880.064864567579,13338.8755729167,5317.82717261905
880.24281164584,13359.3227529762,5340.51736607143
880.420741688191,13295.7707068452,5282.00397321429
880.598654692343,13272.1052901786,5259.60634672619
880.776550656007,13323.8896428571,5303.71894345238
880.954429576896,13339.6557514881,5316.16929315476
881.13229145272,13288.7490997024,5262.82458333333
881.310136281192,13264.9861607143,5240.03686755952
881.487964060023,13273.3405729167,5243.54767113095
881.665774786924,13214.2095386905,5185.65191964286
881.843568459607,13154.720922619,5132.0796577381
882.021345075784,13161.2549181548,5133.7050297619
882.199104633167,13234.2341220238,5211.07273809524
882.376847129466,13239.4353125,5211.69037946429
882.554572562394,13169.2842559524,5140.17401041667
882.732280929662,13198.9635491071,5162.57163690476
882.909972228982,13238.7201488095,5196.379375
883.087646458065,13225.6521577381,5190.49552827381
883.265303614623,13192.1044791667,5153.79462797619
883.442943696368,13174.9080431548,5132.46974702381
883.620566701011,13252.5033035714,5207.46441220238
883.798172626263,13295.6731845238,5239.35421130952
883.975761469837,13245.5467113095,5184.67669642857
884.153333229443,13255.6565252976,5185.16430803571
884.330887902795,13344.8569419643,5264.02735863095
884.508425487602,13360.200453869,5270.59386160714
884.685945981577,13342.9064955357,5253.00733630952
884.863449382431,13355.1943080357,5263.8323139881
885.040935687876,13428.466078869,5330.14749255952
885.218404895624,13452.7816443452,5349.74947916667
885.395857003386,13469.7505282738,5355.86087797619
885.573292008873,13522.73765625,5401.50132440476
885.750709909798,13604.3638392857,5472.43255952381
885.928110703872,13585.2169568452,5442.0055952381
886.105494388806,13553.7172470238,5405.62976934524
886.282860962312,13550.7265625,5396.04007440476
886.460210422102,13582.5188392857,5423.76892113095
886.637542765887,13573.7743377976,5415.44701636905
886.814857991378,13543.7374627976,5375.26781994048
886.992156096289,13531.0270535714,5357.87633928571
887.169437078329,13609.7275669643,5438.33225446429
887.346700935212,13583.6240922619,5404.55702380952
887.523947664647,13554.5624404762,5373.28486607143
887.701177264347,13526.5085193452,5342.4678125
887.878389732024,13588.3701785714,5403.12669642857
888.055585065389,13568.8332068452,5382.54948660714
888.232763262153,13508.8569791667,5322.41072172619
888.409924320028,13486.9144568452,5286.94510416667
888.587068236727,13522.4450892857,5310.90308779762
888.76419500996,13522.2825520833,5311.26066964286
888.941304637439,13458.8605357143,5244.88047619048
889.118397116875,13430.2214806548,5213.25073660714
889.295472445981,13429.7338690476,5207.301875
889.472530622467,13431.0341666667,5210.71515625
889.649571644046,13375.9340550595,5165.17223214286
889.826595508429,13388.6769717262,5172.71395833333
890.003602213328,13455.1221800595,5242.8
890.180591756454,13472.6111830357,5259.89891369048
890.357564135518,13427.4583482143,5211.78790178571
890.534519348233,13469.8480505952,5256.55064732143
890.71145739231,13484.6389360119,5279.24084077381
890.88837826546,13471.9610342262,5263.53974702381
891.065281965396,13412.2448660714,5213.08819940476
891.242168489829,13398.7542782738,5199.43507440476
891.41903783647,13491.1729315476,5290.91101190476
891.595890003031,13543.6074330357,5338.98951636905
891.772724987223,13483.5336830357,5290.06581845238
891.949542786759,13469.7830357143,5283.23925595238
892.126343399349,13495.3013764881,5322.57325892857
892.303126822706,13512.3027678571,5350.5296577381
892.479893054541,13456.3249553571,5300.53321428571
892.656642092565,13515.0008854167,5349.32688244048
892.83337393449,13605.4365848214,5445.90648809524
893.010088578028,13616.2940699405,5458.55188244048
893.186786020891,13567.4678943452,5413.4640625
893.36346626079,13655.8231175595,5491.77448660714
893.540129295436,13653.3200446429,5504.74495535714
893.716775122541,13679.74859375,5524.89956845238
893.893403739817,13591.2633407738,5444.41114583333
894.070015144975,13570.4260714286,5431.37566220238
894.246609335727,13558.6583779762,5420.68071428571
894.423186309785,13584.3717633929,5441.84305803571
894.59974606486,13546.695639881,5405.04463541667
894.776288598663,13584.17671875,5445.71144345238
894.952813908907,13650.7519568452,5524.11938988095
895.129321993303,13626.0463020833,5505.26507440476
895.305812849562,13545.2978199405,5437.74712053571
895.482286475397,13540.1291369048,5427.27972470238
895.658742868518,13599.0651264881,5484.52532738095
895.835182026638,13617.626875,5505.85020833333
896.011603947467,13568.3130877976,5460.24226934524
896.188008628718,13583.7541220238,5475.65079613095
896.364396068102,13566.9802827381,5479.03156994048
896.54076626333,13513.2779910714,5428.64503720238
896.717119212115,13474.886703869,5401.27377232143
896.893454912168,13438.705922619,5385.05255952381
897.0697733612,13418.6488318452,5381.5092485119
897.246074556924,13439.6486383929,5402.50905505952
897.42235849705,13358.6400967262,5341.06999255952
897.59862517929,13342.4513913691,5333.52826636905
897.774874601356,13381.8179017857,5374.84522321429
897.95110676096,13386.954077381,5398.60816220238
898.127321655813,13314.5275,5343.31300595238
898.303519283626,13286.3110416667,5331.02519345238
898.479699642112,13308.8386979167,5361.67970982143
898.655862728981,13243.8238169643,5309.7003125
898.832008541946,13158.5242931548,5243.02755208333
899.008137078718,13090.3236830357,5191.24319940476
899.184248337009,13140.8727529762,5254.69772321429
899.36034231453,13140.4826636905,5259.80139136905
899.536419008992,13085.83765625,5215.00613839286
899.712478418109,13236.1195535714,5372.01707589286
899.88852053959,13272.5929017857,5428.18993303571
900.064545371148,13322.2967782738,5485.825625
900.240552910494,13296.3558407738,5474.15545386905
900.41654315534,13260.4351190476,5448.70212797619
900.592516103397,13290.5045014881,5483.19252232143
900.768471752377,13289.5942931548,5491.80699404762
900.944410099992,13206.3427380952,5427.76733630952
901.120331143953,13200.0037872024,5433.32610863095
901.296234881972,13253.6735714286,5502.17686755952
901.472121311761,13241.48328125,5504.84247767857
901.64799043103,13168.1464955357,5440.90034226191
901.823842237492,13176.1108184524,5452.27794642857
901.999676728858,13200.1988318452,5487.22344494048
902.17549390284,13195.5177604167,5494.40758928571
902.351293757149,13147.9268675595,5453.77328869048
902.527076289498,13169.186733631,5481.76219494048
902.702841497597,13222.9215327381,5546.48450892857
902.878589379158,13186.4156770833,5522.26646577381
903.054319931893,13122.3110044643,5475.45575148809
903.230033153513,13088.3082217262,5454.2934077381
903.40572904173,12954.9627008929,5338.76196428571
903.581407594256,12919.7571428571,5311.68326636905
903.757068808802,12792.4254985119,5199.11
903.932712683079,12766.5170684524,5187.79741071429
904.1083392148,12857.1478125,5296.76235119048
904.283948401676,12874.6368154762,5328.78218005952
904.459540241419,12773.9612723214,5245.6606547619
904.63511473174,12794.3109300595,5275.89257440476
904.81067187035,12828.1836830357,5325.01131696429
904.986211654962,12816.3834821429,5326.63668898809
905.161734083287,12757.2849553571,5283.04421130952
905.337239153036,12747.175141369,5289.18811755952
905.512726861921,12784.6237127976,5346.07613839286
905.688197207654,12769.020141369,5344.48327380952
905.863650187947,12684.8583779762,5279.50090029762
906.03908580051,12674.2934598214,5278.39564732143
906.214504043056,12717.950952381,5338.24184523809
906.389904913296,12703.485141369,5333.82083333333
906.565288408942,12662.9158556548,5312.04084821429
906.740654527705,12644.1265550595,5307.81488095238
906.916003267297,12716.455610119,5387.97822916667
907.091334625429,12707.4510491071,5393.27694196429
907.266648599814,12654.6589657738,5353.61786458333
907.441945188162,12693.7004017857,5399.2583110119
907.617224388186,12695.7158630952,5419.02283482143
907.792486197596,12616.7552901786,5354.59308779762
907.967730614105,12529.9604241071,5278.07057291667
908.142957635424,12512.7964955357,5276.28266369048
908.318167259265,12573.5203943452,5349.87950892857
908.493359483339,12529.7978869048,5314.54392113095
908.668534305358,12435.6888467262,5237.56630208333
908.843691723033,12405.4244196429,5222.4503422619
909.018831734076,12432.5031175595,5262.88959821429
909.1939543362,12392.6489955357,5236.20098958333
909.369059527114,12352.5673214286,5214.77858630952
909.544147304531,12333.8105282738,5211.98294642857
909.719217666163,12351.2670238095,5255.47790178571
909.89427060972,12285.1793973214,5204.18116071429
910.069306132916,12251.2741369048,5189.48779761905
910.24432423346,12207.9742261905,5161.95399553572
910.419324909066,12250.7215104167,5221.93022321429
910.594308157444,12192.5982068452,5192.12090029762
910.769273976306,12091.3375297619,5107.24397321429
910.944222363363,12058.7975818452,5093.26577380952
911.119153316328,12054.2140327381,5120.27945684524
911.294066832912,12027.785483631,5108.999375
911.468962910826,12005.3228422619,5096.74406994048
911.643841547782,11999.4389955357,5114.55814732143
911.818702741492,12050.4431696429,5171.41366071429
911.993546489667,11982.9577232143,5124.40790178571
912.168372790018,11929.6455208333,5090.08004464286
912.343181640258,11921.6486904762,5091.08777529762
912.517973038099,11971.6451339286,5157.89056547619
912.69274698125,11955.0988467262,5155.81008928571
912.867503467425,11888.8811904762,5109.19441964286
913.042242494335,11880.9168675595,5116.08599702381
913.216964059691,11926.8173735119,5176.0297172619
913.391668161205,11918.8530505952,5171.90127232143
913.566354796589,11896.1953645833,5163.25429315476
913.741023963554,11855.4310342262,5135.88302827381
913.915675659812,11948.0122247024,5239.61427083333
914.090309883074,11919.8932886905,5230.57720238095
914.264926631052,11843.2407440476,5170.08085565476
914.439525901458,11811.5784970238,5160.23110119048
914.614107692003,11840.1200297619,5203.0759077381
914.788672000398,11844.150952381,5220.4023735119
914.963218824356,11806.4423214286,5201.9706547619
915.137748161588,11759.501577381,5170.14587053571
915.312260009805,11790.1886011905,5213.77085565476
915.48675436672,11778.2908779762,5224.01069940476
915.661231230043,11702.2884821429,5167.12267857143
915.835690597487,11675.1772767857,5158.63823660714
916.010132466763,11727.286703869,5228.72427827381
916.184556835582,11762.232202381,5281.35382440476
916.358963701656,11690.9758928571,5231.81248511905
916.533353062697,11697.6724255952,5253.00733630952
916.707724916417,11707.0670758929,5273.3895014881
916.882079260526,11685.8397172619,5269.94371279762
917.056416092737,11629.4718154762,5242.01982142857
917.230735410761,11611.3326636905,5246.40832589286
917.40503721231,11623.3279092262,5277.03033482143
917.579321495095,11534.6476116071,5213.83587053571
917.753588256828,11507.2113318452,5203.62853422619
917.92783749522,11512.9651488095,5219.94726934524
918.102069207984,11560.3609970238,5287.10764136905
918.27628339283,11560.6860714286,5308.95264136905
918.450480047471,11470.3153869048,5233.92546875
918.624659169617,11471.0305505952,5244.7179389881
918.798820756981,11559.0932068452,5355.30825148809
918.972964807274,11527.9835863095,5342.40279761905
919.147091318208,11456.3696949405,5290.32587797619
919.321200287494,11486.3415550595,5339.02202380952
919.495291712844,11524.7653497024,5399.8109375
919.669365591969,11515.4032068452,5408.36039434524
919.843421922582,11411.7694866071,5321.46800595238
920.017460702393,11409.4939657738,5332.13044642857
920.191481929115,11423.7322247024,5363.59764880952
920.365485600458,11412.7772172619,5376.24304315476
920.539471714134,11331.6386458333,5309.83034226191
920.713440267856,11308.2983035714,5302.09357142857
920.887391259335,11327.932797619,5330.3100297619
921.061324686282,11348.542514881,5364.37782738095
921.235240546408,11322.6990997024,5350.78971726191
921.409138837426,11287.6885863095,5327.54689732143
921.583019557047,11319.9359672619,5378.22599702381
921.756882702983,11296.6931473214,5362.88248511905
921.930728272945,11244.2911532738,5321.24045386905
922.104556264645,11208.1428794643,5303.00377976191
922.278366675794,11248.3870907738,5366.65334821429
922.452159504104,11173.3924255952,5305.11676339286
922.625934747287,11118.1947916667,5268.22081845238
922.799692403054,11088.2879464286,5252.77978422619
922.973432469117,11143.1930133929,5319.22499255952
923.147154943188,11168.5163095238,5352.1550297619
923.320859822977,11080.0310565476,5281.19128720238
923.494547106197,11045.8657366071,5268.38335565476
923.668216790559,11111.6933035714,5349.45691220238
923.841868873775,11091.1486011905,5340.41984375
924.015503353557,11024.3783184524,5284.37701636905
924.189120227615,11031.2373883929,5310.48049107143
924.362719493662,11049.7016145833,5343.15046875
924.536301149409,11016.5765327381,5330.37504464286
924.709865192568,10938.4611532738,5273.68206845238
924.883411620851,10912.325171131,5264.38494047619
925.056940431968,10924.8730431548,5298.55026041667
925.230451623632,10895.0312127976,5290.42340029762
925.403945193554,10857.0950297619,5265.81526785714
925.577421139446,10795.1358482143,5227.61902529762
925.750879459019,10875.39671875,5317.0795014881
925.924320149985,10829.9188095238,5277.7454985119
926.097743210056,10751.2833110119,5223.32804315476
926.271148636943,10742.5713169643,5227.48899553571
926.444536428358,10788.7968973214,5284.76710565476
926.617906582012,10701.1568377976,5210.97521577381
926.791259095617,10591.5742559524,5122.19739583333
926.964593966884,10592.8745535714,5136.76072916667
927.137911193526,10603.5695014881,5158.83328125
927.311210773253,10533.6134895833,5104.38331845238
927.484492703778,10493.044203869,5087.51195684524
927.657756982812,10464.6001934524,5081.40055803571
927.831003608066,10458.0987053571,5089.39738839286
928.004232577253,10446.8836383929,5094.20848958333
928.177443888083,10371.7589434524,5041.41640625
928.350637538268,10350.2065104167,5031.1765625
928.523813525521,10376.5375372024,5069.60035714286
928.696971847552,10338.5688467262,5043.65941964286
928.870112502073,10266.9549553571,4989.79459077381
929.043235486795,10234.4800223214,4979.68477678571
929.216340799431,10331.6772693452,5089.52741815476
929.389428437692,10307.0691369048,5090.66517857143
929.56249839929,10250.08359375,5057.63761904762
929.735550681935,10253.7244270833,5075.28915922619
929.90858528334,10275.959516369,5122.91255952381
930.081602201217,10290.1002529762,5155.06241815476
930.254601433276,10252.3916220238,5130.81186755952
930.42758297723,10255.4148139881,5150.93397321429
930.60054683079,10267.1825074405,5185.52188988095
930.773492991668,10307.7843005952,5239.38671875
930.946421457575,10258.6330505952,5208.37462053571
931.119332226223,10219.0389880952,5186.0095014881
931.292225295323,10262.0463318452,5242.86501488095
931.465100662587,10253.0742782738,5253.82002232143
931.637958325727,10190.00984375,5207.23686011905
931.810798282454,10193.9107366071,5223.62061011905
931.98362053048,10248.653266369,5297.96512648809
932.156425067517,10208.2790252976,5275.6975297619
932.329211891276,10176.6492857143,5264.67750744048
932.501980999468,10158.9977455357,5258.04598958333
932.674732389806,10190.6599925595,5302.22360119048
932.84746606,10120.4114136905,5245.36808779762
933.020182007763,10022.4339880952,5159.93853422619
933.192880230806,9979.1990922619,5131.68956845238
933.36556072684,10021.1011830357,5186.20454613095
933.538223493578,10000.6865104167,5168.5204985119
933.71086852873,9906.25239583333,5091.41284970238
933.883495830009,9872.73722470238,5077.01205357143
934.056105395126,9913.01394345238,5131.23446428571
934.228697221793,9906.77251488095,5133.37995535714
934.401271307721,9808.37249255952,5050.2909375
934.573827650622,9801.31837797619,5053.86675595238
934.746366248207,9821.86308035714,5084.9763764881
934.918887098188,9813.73622023809,5084.03366071429
935.091390198276,9753.20736607143,5034.68736607143
935.263875546184,9778.75821428572,5076.13435267857
935.436343139623,9818.87239583333,5125.09055803571
935.608792976304,9766.66544642857,5082.86339285714
935.781225053939,9730.06206845238,5065.34188244048
935.95363937024,9696.70943452381,5044.89470238095
936.126035922917,9757.98595982143,5117.19125
936.298414709684,9766.79547619048,5134.19264136905
936.470775728251,9722.29279017857,5108.21919642857
936.64311897633,9715.66127232143,5109.64952380952
936.815444451632,9765.72273065476,5174.85944940476
936.98775215187,9730.67970982143,5150.41385416667
937.160042074754,9677.13995535714,5116.96369791667
937.332314217997,9659.5859375,5114.23307291667
937.50456857931,9691.96334821429,5159.09334077381
937.676805156404,9672.65392857143,5151.42158482143
937.849023946992,9615.08325148809,5106.65883928571
938.021224948784,9584.85133184524,5094.59857886905
938.193408159492,9599.54469494048,5126.7484375
938.365573576829,9613.78295386905,5157.3379389881
938.537721198505,9539.79601934524,5103.01800595238
938.709851022232,9555.59463541667,5133.18491071429
938.881963045722,9554.39186011905,5146.28540922619
939.054057266687,9518.27609375,5126.09828869048
939.226133682837,9463.59857886905,5086.27667410714
939.398192291884,9454.56151041667,5092.22553571429
939.570233091541,9514.53773809524,5164.71712797619
939.742256079519,9516.7807514881,5178.24022321429
939.914261253528,9452.18846726191,5135.16786458333
940.086248611282,9466.00412946429,5162.63665178571
940.258218150492,9526.63050595238,5246.08325148809
940.430169868868,9507.71117559524,5238.86659970238
940.602103764123,9451.11572172619,5199.20752232143
940.774019833969,9426.31254464286,5184.31911458333
940.945918076116,9478.64952380952,5251.1219047619
941.117798488277,9473.09075148809,5258.33855654762
941.289661068162,9385.58072172619,5190.75558779762
941.461505813485,9407.71828869048,5228.91932291667
941.633332721956,9440.64832589286,5276.96531994048
941.805141791287,9456.60947916667,5311.45571428571
941.976933019189,9404.98766369048,5276.15263392857
942.148706403374,9381.64732142857,5269.2935639881
942.320461941554,9391.00946428571,5292.79644345238
942.49219963144,9353.36584821429,5273.68206845238
942.663919470744,9327.815,5261.06918154762
942.835621457178,9372.51273065476,5320.13520089286
943.007305588452,9393.31749255952,5347.40894345238
943.17897186228,9382.52502232143,5353.32529761905
943.350620276371,9327.42491071429,5313.79625
943.522250828439,9293.90973958333,5297.44500744048
943.693863516193,9287.92837053571,5302.15858630952
943.865458337347,9255.68098958333,5278.59069196429
944.037035289612,9197.72022321429,5235.32328869048
944.208594370698,9163.19732142857,5217.24915178571
944.380135578319,9213.64886904762,5279.20833333333
944.551658910185,9179.28850446428,5255.51040922619
944.723164364008,9123.47322916667,5219.65470238095
944.8946519375,9135.72853422619,5233.92546875
945.066121628372,9156.07819196429,5276.41269345238
945.237573434335,9150.55192708333,5277.90803571429
945.409007353102,9079.10057291666,5214.45351190476
945.580423382385,9041.68450892857,5191.40573660714
945.751821519893,9098.27996279762,5257.29831845238
945.92320176334,9073.83436755952,5248.55381696429
946.094564110437,9064.34219494047,5249.69157738095
946.265908558895,9031.63970982143,5230.96729166667
946.437235106426,9006.4139360119,5221.67016369048
946.608543750742,8979.36774553571,5213.02318452381
946.779834489554,8901.38239583334,5153.66459821429
946.951107320573,8856.71717261905,5125.31811011905
947.122362241513,8924.88527529762,5206.78175595238
947.293599250082,8896.96138392857,5194.39642113095
947.464818343995,8873.49101190476,5184.12406994048
947.636019520962,8856.74968005952,5185.00177083333
947.807202778695,8912.95504464286,5251.12190476191
947.978368114904,8864.25889880952,5217.21664434524
948.149515527303,8852.58872767857,5224.79087797619
948.320645013603,8842.86900297619,5229.56947172619
948.491756571515,8827.16790922619,5232.30009672619
948.66285019875,8765.04619047619,5182.36866815476
948.833925893021,8712.70921130952,5144.53000744048
949.004983652038,8676.72347470238,5119.88936755952
949.176023473515,8733.38394345238,5178.69532738095
949.347045355161,8694.92764136905,5158.54071428571
949.518049294689,8649.57976190476,5123.75775297619
949.689035289811,8613.43148809524,5096.41899553572
949.860003338237,8651.10761160714,5146.67549851191
950.03095343768,8691.38433035714,5190.85311011905
950.201885585851,8646.06895833334,5157.66301339286
950.372799780462,8618.6651860119,5138.06102678571
950.543696019224,8653.31811755953,5190.33299107143
950.714574299849,8620.06300595238,5172.6164360119
950.885434620049,8606.63743303572,5168.13040922619
951.056276977534,8557.35615327381,5129.60909226191
951.227101370018,8592.95180059524,5178.24022321428
951.39790779521,8569.02632440476,5166.60255952381
951.568696250824,8549.06675595238,5165.72485863095
951.73946673457,8509.96030505952,5137.18332589286
951.91021924416,8546.46616071429,5181.39344494048
952.080953777306,8548.2215625,5198.58988095238
952.251670331719,8508.0748735119,5167.31772321428
952.422368905111,8521.89053571428,5191.99087053571
952.593049495194,8612.81384672619,5297.96512648809
952.763712099678,8569.83901041667,5269.81368303571
952.934356716277,8519.61501488095,5232.07254464286
953.1049833427,8522.76823660714,5247.4485639881
953.275591976661,8532.87805059524,5276.57523065476
953.446182615869,8517.82710565476,5272.31675595238
953.616755258038,8413.34819196429,5183.37639880952
953.787309900879,8409.21974702381,5190.3654985119
953.957846542103,8469.48854166667,5261.88186755952
954.128365179422,8449.85404761905,5247.70862351191
954.298865810547,8402.45819940476,5204.79880208333
954.46934843319,8365.88732886905,5180.22317708333
954.639813045063,8394.65641369048,5216.20891369048
954.810259643877,8375.57454613095,5202.45826636905
954.980688227344,8312.44509672619,5149.27609375
955.151098793176,8308.64172619048,5152.03922619048
955.321491339083,8296.54895833333,5154.15220982143
955.491865862778,8260.20563988095,5128.24377976191
955.662222361972,8223.50473958333,5098.49947172619
955.832560834378,8220.67659226191,5102.01027529762
956.002881277705,8246.87758928571,5143.03466517857
956.173183689667,8200.35944196429,5106.33376488095
956.343468067974,8166.51919642857,5087.21938988095
956.513734410338,8154.94654761905,5083.67607886905
956.683982714471,8175.88133928571,5116.47608630952
956.854212978085,8206.34081101191,5147.97579613095
957.024425198891,8177.66924851191,5133.67252232143
957.1946193746,8187.38897321429,5155.38749255952
957.364795502924,8209.6240625,5187.56985863095
957.534953581576,8170.38758184524,5156.46023809524
957.705093608265,8125.1047172619,5121.25468005952
957.875215580705,8087.91620535714,5095.73633928572
958.045319496606,8115.74257440476,5134.87529761905
958.21540535368,8127.93286458333,5162.99423363095
958.38547314964,8086.32334077381,5136.8582514881
958.555522882195,8065.74613095238,5130.09670386905
958.725554549059,8072.28012648809,5149.30860119047
958.895568147942,8116.00263392857,5195.24161458333
959.065563676556,8053.62085565476,5149.47113839286
959.235541132613,8050.6951860119,5154.96489583333
959.405500513824,8053.81590029762,5177.00494047619
959.575441817901,8026.6721875,5162.05151785714
959.745365042556,7970.23927083333,5119.27172619048
959.9152701855,7960.32450148809,5121.54724702381
960.085157244445,7992.86444940476,5166.50503720238
960.255026217102,7970.04422619048,5148.91851190476
960.424877101183,7883.63944940476,5081.53058779762
960.5947098944,7819.24220982143,5023.76486607143
960.764524594464,7851.32705357143,5070.6405952381
960.934321199086,7848.07630952381,5077.75972470238
961.104099705979,7815.1787797619,5058.67785714286
961.273860112853,7791.87094494048,5048.79559523809
961.443602417421,7830.68482886905,5104.18827380952
961.613326617395,7813.32585565476,5103.37558779762
961.783032710485,7722.92266369048,5026.20292410714
961.952720694403,7693.17835565476,5004.13037202381
962.122390566862,7765.86499255952,5088.03207589286
962.292042325572,7749.28619791667,5078.9625
962.461675968244,7659.63067708333,5007.54365327381
962.631291492592,7671.10580357143,5022.46456845238
962.800888896325,7711.44753720238,5079.87270833333
962.970468177157,7736.05566964286,5106.62633184524
963.140029332799,7685.96170386905,5066.5446577381
963.309572360961,7665.70956845238,5055.68717261905
963.479097259356,7664.79936011905,5065.24436011905
963.648604025695,7649.06575892857,5053.86675595238
963.818092657691,7619.09389880952,5035.89014136905
963.987563153053,7615.32303571429,5039.14088541667
964.157015509495,7690.70779017857,5123.92029017857
964.326449724727,7638.40331845238,5081.43306547619
964.495865796462,7586.48893601191,5043.30183779762
964.665263722411,7554.89170386905,5020.31907738095
964.834643500285,7607.78130952381,5084.84634672619
965.004005127796,7583.7583110119,5066.38212053571
965.173348602655,7524.56226190476,5012.48478422619
965.342673922576,7542.08377232143,5039.10837797619
965.511981085267,7599.42689732143,5104.15576636905
965.681270088442,7546.95988839286,5059.36051339286
965.850540929813,7515.4926860119,5039.72601934524
966.01979360709,7521.3765327381,5053.28162202381
966.189028117985,7558.2399702381,5101.29511160714
966.35824446021,7543.02648809524,5096.06141369048
966.527442631476,7470.11229910714,5035.04494791667
966.696622629496,7447.61715029762,5017.32839285714
966.86578445198,7493.32261160714,5070.57558035714
967.03492809664,7502.81478422619,5087.02434523809
967.204053561188,7450.18523809524,5050.06338541667
967.373160843336,7424.92695684524,5035.04494791667
967.542249940794,7479.57196428572,5096.1589360119
967.711320851275,7438.15748511905,5066.05704613095
967.880373572491,7435.52438244048,5068.88519345238
968.049408102152,7441.57076636905,5087.05685267857
968.21842443797,7508.01597470238,5166.27748511905
968.387422577658,7479.50694940476,5145.70027529762
968.556402518926,7449.92517857143,5128.47133184524
968.725364259486,7526.70775297619,5215.78631696429
968.89430779705,7558.30498511905,5259.9964360119
969.06323312933,7565.16405505952,5273.45451636905
969.232140254036,7599.39438988095,5314.93401041667
969.401029168881,7572.80330357143,5295.10447172619
969.569899871576,7586.13135416667,5316.78693452381
969.738752359834,7561.78328125,5296.37226190476
969.907586631364,7489.09664434524,5228.46421875
970.076402683879,7476.51626488095,5229.08186011905
970.245200515091,7524.33470982143,5282.75164434524
970.413980122711,7512.85958333333,5278.91576636905
970.582741504451,7445.60168898809,5221.5076264881
970.751484658022,7445.56918154762,5228.30168154762
970.920209581136,7489.06413690476,5282.03648065476
971.088916271504,7492.50992559524,5296.95739583333
971.257604726839,7451.90813244048,5267.40813244048
971.426274944852,7411.56639880952,5240.16689732143
971.594926923254,7422.13131696429,5256.453125
971.763560659756,7369.46926339286,5209.12229166667
971.932176152072,7331.50057291667,5181.88105654762
972.100773397911,7299.48074404762,5160.36113095238
972.269352394986,7294.83218005952,5161.79145833333
972.437913141009,7268.43613839286,5141.18174107143
972.60645563369,7195.26188988095,5084.09867559524
972.774979870742,7113.63570684524,5018.10857142857
972.943485849876,7150.43412946428,5067.38985119048
973.111973568804,7149.65395089286,5078.53990327381
973.280443025237,7119.55206101191,5065.01680803571
973.448894216887,7167.20796875,5118.4265327381
973.617327141465,7223.44584077381,5178.6303125
973.785741796684,7186.09479166667,5154.89988095238
973.954138180254,7151.57188988095,5133.77004464286
974.122516289887,7154.07496279762,5146.05785714286
974.290876123296,7181.64127232143,5177.85013392857
974.45921767819,7137.23610863095,5147.13060267857
974.627540952283,7074.85433035714,5090.6976860119
974.795845943286,7056.45511904762,5079.80769345238
974.96413264891,7119.64958333333,5148.23585565476
975.132401066867,7134.73303571429,5170.69849702381
975.300651194868,7098.22718005952,5142.51454613095
975.468883030625,7071.83113839286,5120.57202380952
975.63709657185,7144.87535714286,5194.26639136905
975.805291816254,7092.89595982143,5153.37203125
975.973468761549,7038.83608630952,5105.45606398809
976.141627405447,7040.13638392857,5108.80433035714
976.309767745658,7090.00279761905,5162.53912946429
976.477889779895,7084.50904017857,5160.65369791667
976.64599350587,7028.98633184524,5108.54427083333
976.814078921293,7032.56215029762,5116.67113095238
976.982146023877,7052.19664434524,5150.38134672619
977.150194811332,7019.6241889881,5130.16171875
977.318225281372,6966.79959821428,5093.00571428571
977.486237431706,6966.18195684524,5096.87409970238
977.654231260048,6984.25609375,5120.92960565476
977.822206764108,6984.90624255952,5135.23287946429
977.990163941597,6962.89870535714,5117.45130952381
978.158102790229,6914.30008184524,5081.10799107143
978.326023307714,6958.21763392857,5134.32267113095
978.493925491763,6942.93913690476,5130.51930059524
978.661809340089,6851.49570684524,5046.3250297619
978.829674850403,6831.63366071429,5034.81739583333
978.997522020416,6892.61761904762,5104.28579613095
979.165350847841,6922.19938988095,5143.52227678571
979.333161330388,6919.46876488095,5148.20334821429
979.50095346577,6965.36927083333,5200.02020833333
979.668727251698,7007.49891369047,5253.39742559524
979.836482685884,6988.77462797619,5243.25510416667
980.004219766038,6952.00871279762,5219.23210565476
980.171938489873,6950.02575892857,5230.02457589286
980.339638855101,6960.81822916667,5248.84638392857
980.507320859433,6910.13912946429,5204.37620535714
980.67498450058,6880.29729910714,5180.71078869048
980.842629776255,6897.23367559524,5198.75241815476
981.010256684168,6934.35717261905,5243.12507440476
981.177865222031,6945.44220982143,5266.49792410714
981.345455387557,6913.51990327381,5236.62358630952
981.513027178456,6900.09433035714,5235.71337797619
981.68058059244,6956.52724702381,5298.51775297619
981.848115627221,6939.62337797619,5289.7732514881
982.01563228051,6875.5837202381,5236.13597470238
982.18313055002,6874.70601934524,5244.0352827381
982.35061043346,6919.20870535714,5296.20972470238
982.518071928544,6901.71970238095,5288.60298363095
982.685515032983,6785.24554315476,5180.87332589286
982.852939744488,6742.17318452381,5142.51454613095
983.020346060771,6720.42570684524,5135.03783482143
983.187733979543,6686.52044642857,5110.29967261905
983.355103498517,6626.05660714286,5059.88063244048
983.522454615403,6588.34797619048,5030.23384672619
983.689787327914,6644.94343005952,5090.40511904762
983.85710163376,6647.73906994048,5100.09233630952
984.024397530654,6640.19734375,5100.09233630952
984.191675016307,6655.7684077381,5122.22990327381
984.358934088431,6695.29745535714,5168.81306547619
984.526174744737,6670.16920386905,5149.95875
984.693396982937,6630.7701860119,5114.81820684524
984.860600800742,6599.79059523809,5098.076875
985.027786195865,6656.84115327381,5157.14289434524
985.194953166016,6635.02866071429,5145.08263392857
985.362101708907,6602.81378720238,5118.4265327381
985.529231822251,6572.67938988095,5091.83544642857
985.696343503757,6617.83222470238,5138.97123511905
985.863436751139,6600.11566964286,5126.84595982143
986.030511562108,6523.43061755952,5056.14227678571
986.197567934375,6509.22486607143,5049.28320684524
986.364605865651,6547.16104910714,5091.60789434524
986.531625353649,6550.02170386905,5097.75180059524
986.698626396081,6497.55469494048,5048.69807291667
986.865608990657,6493.81633928571,5050.38845982143
987.032573135089,6541.99236607143,5104.83842261905
987.199518827089,6540.17194940476,5110.75477678571
987.366446064368,6499.83021577381,5084.09867559524
987.533354844638,6450.51642857143,5039.75852678571
987.700245165611,6450.58144345238,5043.17180803571
987.867117024999,6440.82921130952,5037.28796130952
988.033970420512,6365.086875,4969.60747023809
988.200805349863,6345.22482886905,4954.36148065476
988.367621810762,6417.32633184524,5030.62393601191
988.534419800922,6391.8404985119,5009.91669642857
988.701199318055,6346.00500744048,4969.63997767857
988.867960359871,6318.43869791667,4951.30578125
989.034702924082,6377.56973214286,5019.08379464286
989.201427008401,6401.91780505952,5050.68102678571
989.368132610538,6456.10770833333,5115.8259375
989.534819728206,6482.50375,5150.21880952381
989.701488359115,6502.52833333333,5177.88264136905
989.868138500978,6510.10256696429,5192.60851190476
990.034770151505,6472.19889136905,5162.96172619048
990.201383308409,6477.27005208333,5176.09473214286
990.367977969402,6498.8875,5202.36074404762
990.534554132194,6520.92754464286,5226.51377232143
990.701111794497,6478.79790178571,5189.58531994048
990.867650954024,6477.10751488095,5186.04200892857
991.034171608485,6501.55311011905,5219.62219494048
991.200673755592,6519.98482886905,5247.74113095238
991.367157393057,6505.90910714286,5241.27215029762
991.533622518592,6509.81,5252.81229166667
991.700069129907,6542.31744047619,5294.94193452381
991.866497224715,6516.92912946429,5277.7454985119
992.032906800727,6475.28709821428,5243.22259672619
992.199297855655,6506.13665922619,5281.35382440476
992.36567038721,6548.23379464286,5329.13976190476
992.532024393104,6557.69345982143,5339.83470982143
992.698359871049,6495.3441889881,5288.60298363095
992.864676818756,6412.09263392857,5207.91951636905
993.030975233936,6406.1762797619,5206.45668154762
993.197255114302,6408.61433779762,5214.58354166667
993.363516457565,6357.48013392857,5171.86876488095
993.529759261436,6371.78340773809,5191.0481547619
993.695983523628,6400.74753720238,5224.82338541667
993.862189241851,6402.89302827381,5233.14529017857
994.028376413817,6375.68430059524,5215.65628720238
994.194545037239,6333.65218005952,5181.32843005952
994.360695109827,6351.82383928571,5208.60217261905
994.526826629292,6345.12730654762,5210.39008184524
994.692939593348,6292.43274553571,5167.31772321429
994.859033999706,6249.65295386905,5131.94962797619
995.025109846075,6284.6634672619,5171.77124255952
995.19116713017,6266.49180803571,5159.90602678571
995.3572058497,6194.91042410714,5101.58767857143
995.523226002378,6164.32092261905,5082.31076636905
995.689227585916,6176.12112351191,5099.86478422619
995.855210598024,6210.57901041667,5140.69412946429
996.021175036415,6123.84915922619,5060.30322916667
996.1871208988,6100.02120535714,5040.1811235119
996.353048182891,6130.70822916667,5073.50125
996.518956886399,6143.12607142857,5091.3803422619
996.684847007035,6115.3647172619,5067.68241815476
996.850718542512,6124.17423363095,5087.31691220238
997.016571490542,6144.84896577381,5114.36310267857
997.182405848835,6125.11694940476,5099.57221726191
997.348221615103,6082.14211309524,5060.75833333333
997.514018787058,6027.23704613095,5011.80212797619
997.679797362411,6052.88541666667,5043.56189732143
997.845557338875,6047.65171875,5042.78171875
998.01129871416,6018.88263392857,5016.61322916667
998.177021485978,6005.58709077381,5002.92759672619
998.342725652041,6021.74328869048,5027.24316220238
998.508411210061,6024.27886904762,5038.97834821429
998.674078157749,6013.90899553571,5035.4025297619
998.839726492816,6009.68302827381,5032.73691964286
999.005356212975,6044.53100446428,5069.99044642857
999.170967315936,6019.92287202381,5050.25843005952
999.336559799412,5920.87270089286,4956.96207589286
999.502133661114,5956.82593005952,4999.83938988095
999.667688898753,6010.46320684524,5060.53078125
999.833225510041,5991.96647321429,5049.86834077381
999.998743492691,5934.39579613095,4997.20628720238
1000.16424284441,5934.72087053572,5004.03284970238
1000.32972356292,5941.0273139881,5009.65663690476
1000.49518564592,5925.09866815476,4997.07625744048
1000.66062909113,5904.19638392857,4983.78071428571
1000.82605389626,5900.29549107143,4987.87665178571
1000.99146005901,5924.31848958333,5014.85782738095
1001.15684757711,5909.26754464286,5002.79756696428
1001.32221644827,5838.6288764881,4940.51331101191
1001.48756667019,5831.02213541667,4940.54581845238
1001.65289824058,5855.50023809524,4974.51609375
1001.81821115716,5846.69072172619,4973.44334821429
1001.98350541765,5816.1012202381,4949.35533482143
1002.14878101974,5787.75473214286,4925.42985863095
1002.31403796116,5831.02213541667,4973.60588541667
1002.47927623961,5859.27110119048,5004.19538690476
1002.64449585281,5816.06871279762,4965.6415625
1002.80969679847,5842.85484375,5000.16446428571
1002.9748790743,5893.37140625,5058.35278273809
1003.14004267801,5851.20925595238,5022.75713541667
1003.30518760731,5813.11053571429,4991.32244047619
1003.47031385991,5818.63680059524,5001.78983630952
1003.63542143353,5847.56842261905,5032.89945684524
1003.80051032588,5867.07288690476,5058.77537946428
1003.96558053467,5839.40905505952,5035.89014136905
1004.13063205761,5833.03759672619,5034.62235119048
1004.29566489241,5870.68121279762,5075.97181547619
1004.46067903678,5864.11470982143,5076.97954613095
1004.62567448844,5830.37198660714,5046.52007440476
1004.7906512451,5841.91212797619,5065.82949404762
1004.95560930447,5924.61105654762,5147.52069196429
1005.12054866425,5914.14366071429,5139.49135416667
1005.28546932217,5906.43939732143,5128.79640625
1005.45037127593,5886.54484375,5111.79501488095
1005.61525452325,5927.56923363095,5156.75280505952
1005.78011906183,5912.35575148809,5145.37520089286
1005.9449648894,5850.72164434524,5087.80452380952
1006.10979200365,5850.23403273809,5092.55061011905
1006.2746004023,5857.67823660714,5100.9375297619
1006.43939008307,5833.03759672619,5076.62196428571
1006.60416104366,5827.41380952381,5074.60650297619
1006.76891328179,5831.34720982143,5085.23643601191
1006.93364679516,5876.56505952381,5134.19264136905
1007.0983615815,5910.27527529762,5175.18452380952
1007.2630576385,5842.88735119048,5114.39561011905
1007.42773496389,5801.11529017857,5081.14049851191
1007.59239355537,5808.13689732143,5095.99639880952
1007.75703341066,5829.91688244048,5123.49769345238
1007.92165452747,5770.20071428571,5070.38053571429
1008.0862569035,5775.88951636905,5080.06775297619
1008.25084053648,5840.35177083333,5142.18947172619
1008.41540542411,5787.6897172619,5100.12484375
1008.5799515641,5737.33569196429,5051.98132440476
1008.74447895416,5724.88534226191,5046.195
1008.90898759202,5733.59733630952,5059.23048363095
1009.07347747537,5708.3715625,5041.05882440476
1009.23794860194,5692.44291666667,5026.39796875
1009.40240096942,5689.41972470238,5030.03880208333
1009.56683457554,5819.57951636905,5163.31930803571
1009.731249418,5838.2062797619,5188.80514136905
1009.89564549452,5794.48377232143,5153.5020610119
1010.06002280281,5753.26433779762,5119.01166666667
1010.22438134058,5775.59694940476,5147.35815476191
1010.38872110554,5796.40171130952,5180.84081845238
1010.5530420954,5716.75848214286,5103.92821428571
1010.71734430788,5726.86829613095,5112.77023809524
1010.88162774068,5766.55988095238,5156.91534226191
1011.04589239152,5816.36127976191,5202.84835565476
1011.21013825811,5762.82152529762,5151.09651041667
1011.37436533816,5797.116875,5185.26183035714
1011.53857362939,5835.18308779762,5234.31555803571
1011.70276312949,5808.55949404762,5214.38849702381
1011.8669338362,5774.23163690476,5181.29592261905
1012.03108574721,5772.11865327381,5187.34230654762
1012.19521886024,5822.53769345238,5243.97026785714
1012.359333173,5847.60093005952,5275.14490327381
1012.5234286832,5835.41063988095,5259.15124255952
1012.68750538856,5815.71113095238,5240.68701636905
1012.85156328678,5866.16267857143,5290.68345982143
1013.01560237558,5763.37415178571,5189.5528125
1013.17962265267,5700.37473214286,5133.11989583333
1013.34362411576,5655.31941964286,5092.29055059524
1013.50760676256,5745.59258184524,5187.60236607143
1013.67157059078,5744.71488095238,5185.94448660714
1013.83551559814,5666.01436755952,5103.73316964286
1013.99944178234,5671.54063244048,5108.4467485119
1014.16334914111,5686.88414434524,5131.78709077381
1014.32723767214,5712.10991815476,5155.38749255952
1014.49110737315,5633.279375,5082.21324404762
1014.65495824186,5613.3523139881,5065.47191220238
1014.81879027597,5623.39711309524,5077.66220238095
1014.9826034732,5601.48709821429,5052.01383184524
1015.14639783125,5593.5552827381,5041.61145089286
1015.31017334784,5586.56618303571,5039.17339285714
1015.47393002069,5656.03458333333,5107.60155505952
1015.6376678475,5648.49285714286,5104.80591517857
1015.80138682598,5583.3154389881,5038.29569196428
1015.96508695385,5569.30473214286,5030.03880208333
1016.12876822881,5601.38957589286,5067.42235863095
1016.29243064858,5587.34636160714,5058.71036458333
1016.45607421088,5554.93644345238,5032.50936755952
1016.6196989134,5585.52594494048,5059.45803571429
1016.78330475387,5662.37353422619,5136.37063988095
1016.94689173,5612.08452380952,5083.64357142857
1017.11045983949,5982.9294047619,5456.43889880952
1017.27400908006,6007.11494047619,5484.68786458333
1017.43753944942,6036.76172619048,5524.70452380952
1017.60105094529,6016.8021577381,5513.32691964286
1017.76454356536,5972.78708333333,5480.20183779762
1017.92801730736,5968.43108630952,5480.42938988095
1018.091472169,6000.90601934524,5516.96775297619
1018.25490814798,6001.68619791667,5520.21849702381
1018.41832524203,5981.10898809524,5505.26507440476
1018.58172344884,5947.52880208333,5478.60897321428
1018.74510276614,5984.42474702381,5519.37330357143
1018.90846319164,5953.41264880952,5494.37508184524
1019.07180472303,5884.65941220238,5430.59548363095
1019.23512735805,5896.06952380952,5445.58141369048
1019.3984310944,5928.34941220238,5483.12750744048
1019.56171592978,5929.25962053571,5490.31165178571
1019.72498186192,5867.65802083333,5437.97467261905
1019.88822888853,5862.81441220238,5434.91897321429
1020.05145700731,5875.45980654762,5453.44821428572
1020.21466621597,5858.03581845238,5438.42977678571
1020.37785651224,5852.15197172619,5438.42977678572
1020.54102789381,5444.73622023809,5037.58052827381
1020.70418035841,5469.89697916667,5065.309375
1020.86731390374,5445.64642857143,5041.90401785714
1021.03042852752,5420.58319196429,5019.24633184524
1021.19352422745,5418.73026785714,5018.36863095238
1021.35660100125,5455.49618303572,5059.06794642857
1021.51965884663,5447.01174107143,5056.46735119048
1021.68269776131,5416.12967261905,5031.1765625
1021.84571774298,5391.97664434524,5010.40430803571
1022.00871878937,5415.80459821429,5040.21363095238
1022.17170089819,5391.16395833333,5018.59618303571
1022.33466406715,5352.5776264881,4980.49746279762
1022.49760829395,5358.00636904762,4989.33948660714
1022.66053357632,5376.0479985119,5011.34702380952
1022.82343991196,5366.78337797619,5004.03284970238
1022.98632729858,5338.82697916667,4977.70182291667
1023.1491957339,5359.17663690476,4996.68616815476
1023.31204521562,5392.56177827381,5035.59757440476
1023.47487574147,5403.32174107143,5048.37299851191
1023.63768730915,5355.69834077381,5005.52819196429
1023.80047991637,5351.17980654762,4998.60410714286
1023.96325356084,5397.76296875,5043.07428571429
1024.12600824028,5419.25038690476,5066.86973214286
1024.28874395239,5395.42243303571,5049.44574404762
1024.4514606949,5423.05375744048,5077.95476934524
1024.6141584655,5418.53522321429,5072.10343005952
1024.77683726192,5416.45474702381,5070.44555059524
1024.93949708186,5405.17466517857,5059.19797619048
1025.10213792303,5401.53383184524,5056.88994791667
1025.26475978316,5458.61689732143,5119.14169642857
1025.42736265994,5438.52729910714,5099.53970982143
1025.58994655109,5406.76752976191,5067.84495535714
1025.75251145432,5424.3865625,5092.35556547619
1025.91505736734,5456.01630208333,5122.6525
1026.07758428787,5452.5054985119,5119.53178571429
1026.24009221362,5409.27060267857,5080.16527529762
1026.40258114229,5428.80757440476,5099.92979910714
1026.56505107161,5466.67874255952,5140.20651785714
1026.72750199927,5472.27002232143,5151.81167410714
1026.889933923,5418.60023809524,5099.31215773809
1027.0523468405,5407.02758928571,5091.1202827381
1027.21474074949,5442.91580357143,5132.79482142857
1027.37711564767,5424.3865625,5122.61999255952
1027.53947153277,5361.28962053571,5064.59421130952
1027.70180840248,5366.55582589286,5071.84337053571
1027.86412625453,5374.0000297619,5079.06002232143
1028.02642508662,5374.55265625,5083.70858630952
1028.18870489646,5350.75720982143,5060.46576636905
1028.35096568178,5313.21111607143,5027.53572916667
1028.51320744027,5344.58079613095,5065.34188244048
1028.67543016965,5334.04838541667,5057.44257440476
1028.83763386764,5348.18912202381,5077.27211309524
1028.99981853193,5363.33758928571,5100.15735119048
1029.16198416026,5432.5784375,5171.47867559524
1029.32413075031,5413.5940922619,5156.55776041667
1029.48625829982,5402.37902529762,5151.12901785714
1029.64836680649,5392.56177827381,5145.01761904762
1029.81045626803,5419.86802827381,5176.22476190476
1029.97252668215,5417.10489583333,5178.30523809524
1030.13457804657,5366.32827380952,5121.35220238095
1030.29661035899,5359.72926339286,5120.14942708333
1030.45862361713,5394.12213541667,5153.85964285714
1030.6206178187,5365.19051339286,5124.40790178571
1030.78259296141,5339.89972470238,5099.57221726191
1030.94454904297,5329.62737351191,5091.21780505952
1031.1064860611,5327.05928571429,5091.12028273809
1031.2684040135,5316.81944196429,5085.33395833333
1031.4303028979,5295.10447172619,5064.82176339286
1031.59218271199,5270.69138392857,5046.03246279762
1031.75404345349,5346.88882440476,5122.68500744048
1031.91588512011,5354.62559523809,5127.49610863095
1032.07770770956,5344.97088541667,5123.07509672619
1032.23951121957,5331.70784970238,5109.12940476191
1032.40129564783,5348.51419642857,5120.89709821429
1032.56306099205,5309.31022321429,5079.58014136905
1032.72480724996,5290.42340029762,5063.19639136905
1032.88653441926,5311.39069940476,5084.78133184524
1033.04824249766,5370.00161458333,5143.32723214286
1033.20993148288,5371.2694047619,5142.83962053571
1033.37160137262,5320.6228125,5088.77974702381
1033.53325216461,5329.56235863095,5102.69293154762
1033.69488385654,5368.47376488095,5142.48203869048
1033.85649644613,5410.63591517857,5186.88720238095
1034.0180899311,5400.13601190476,5178.59780505952
1034.17966430915,5386.87297619048,5166.66757440476
1034.341219578,5413.26901785714,5197.32209077381
1034.50275573535,5488.68627976191,5276.64024553571
1034.66427277893,5450.68508184524,5237.53379464286
1034.82577070643,5478.70649553571,5266.36789434524
1034.98724951558,5505.39510416667,5293.21904017857
1035.14870920408,5480.33186755952,5271.01645833333
1035.31014976965,5470.25456101191,5263.47473214286
1035.47157120999,5450.00242559524,5238.60654017857
1035.63297352283,5455.26863095238,5245.40059523809
1035.79435670586,5461.51005952381,5258.01348214286
1035.95572075681,5419.25038690476,5221.37759672619
1036.11706567338,5443.01332589286,5247.67611607143
1036.27839145329,5430.69300595238,5237.8913764881
1036.43969809424,5403.97188988095,5213.80336309524
1036.60098559395,5326.79922619048,5140.01147321429
1036.76225395013,5337.10408482143,5156.33020833333
1036.92350316049,5351.40735863095,5173.20156994048
1037.08473322275,5358.68902529762,5179.76807291667
1037.24594413461,5295.23450148809,5117.61384672619
1037.40713589379,5261.94688244048,5087.31691220238
1037.56830849799,5298.25769345238,5124.21285714286
1037.72946194494,5334.50348958333,5158.57322172619
1037.89059623233,5246.47334077381,5069.56784970238
1038.05171135789,5240.91456845238,5064.62671875
1038.21280731933,5269.09851934524,5095.34625
1038.37388411435,5303.03628720238,5136.37063988095
1038.53494174066,5320.07018601191,5157.92307291667
1038.69598019599,5344.51578125,5188.64260416667
1038.85699947804,5386.74294642857,5237.56630208333
1039.01799958452,5412.16376488095,5267.96075892857
1039.17898051314,5766.39734375,5578.666875
1039.33994226162,6172.5778125,6024.44140625
1039.50088482767,4875.5309375,4765.62328125
1039.661808209,4446.8228125,4242.0259375
1039.82271240331,5985.53,5829.20171875
1039.98359740833,5983.48203125,5902.92859375
1040.14446322176,5983.48203125,5902.92859375
1040.30530984132,5983.48203125,5902.92859375
1040.46613726472,5983.48203125,5902.92859375
1040.62694548966,5983.48203125,5902.92859375
1040.78773451386,5983.48203125,5902.92859375

