Layer Title, Color, Specimen ID
Layer 1, Blue, 2EP3_02_20190628

Mode, Integration Time, Boxcar Width, Scans to Average
Reflectance,900 ms,10,3

Wavelength, Raw Spectrometer Data, Calibrated and Averaged Data
345.21991,1315.47859375,0%
345.435498861008,1294.31625,0%
345.651076862504,1335.275625,0%
345.866644002202,3510.2184375,100%
346.082200277813,3335.4584375,0%
346.297745687047,3190.05265625,100%
346.513280227618,4180.586875,100%
346.728803897236,3379.1484375,0%
346.944316693613,3139.53609375,100%
347.15981861446,4042.6903125,0%
347.37530965749,3212.48279017857,100%
347.590789820413,3342.1549702381,100%
347.806259100942,3466.91852678571,100%
348.021717496787,3571.62499255952,100%
348.237165005661,3563.69317708333,100%
348.452601625276,3611.51162202381,100%
348.668027353342,3678.63948660714,100%
348.883442187571,3632.5439360119,100%
349.098846125676,3628.38298363095,100%
349.314239165367,3696.16099702381,100%
349.529621304356,3679.25712797619,100%
349.744992540355,3710.17170386905,100%
349.960352871075,3723.10966517857,100%
350.175702294228,3751.29361607143,100%
350.391040807526,3755.25952380952,100%
350.606368408679,3760.36319196429,100%
350.821685095401,3793.19570684524,100%
351.036990865402,3820.144375,100%
351.252285716393,3834.41514136905,100%
351.467569646088,3787.99451636905,100%
351.682842652196,3768.29500744048,100%
351.89810473243,3797.12910714286,100%
352.113355884501,3805.19095238095,100%
352.328596106122,3781.65556547619,100%
352.543825395002,3772.00085565476,100%
352.759043748855,3811.26984375,100%
352.974251165392,3785.68648809524,100%
353.189447642324,3733.83712053571,100%
353.404633177362,3757.89262648809,100%
353.619807768219,3757.37250744048,100%
353.834971412607,3710.39925595238,100%
354.050124108236,3688.78180803571,100%
354.265265852818,3650.22798363095,100%
354.480396644065,3652.14592261905,100%
354.695516479689,3682.28031994048,100%
354.9106253574,3665.40895833333,100%
355.125723274911,3649.57783482143,100%
355.340810229934,3667.91203125,100%
355.555886220179,3666.05910714286,100%
355.770951243359,3647.85494047619,100%
355.986005297185,3670.96773065476,100%
356.201048379369,3695.54335565476,100%
356.416080487621,3695.25078869048,100%
356.631101619655,3659.8501860119,100%
356.846111773181,3650.87813244048,100%
357.061110945911,3671.22779017857,100%
357.276099135557,3675.22620535714,100%
357.49107633983,3670.64265625,100%
357.706042556441,3673.30826636905,100%
357.920997783104,3670.7726860119,100%
358.135942017528,3714.17011904762,100%
358.350875257425,3713.71501488095,100%
358.565797500508,3721.19172619048,100%
358.780708744488,3746.71006696429,100%
358.995608987076,3799.5346577381,100%
359.210498225985,3756.36477678571,100%
359.425376458925,3743.03672619048,100%
359.640243683608,3772.55348214286,100%
359.855099897745,3770.40799107143,100%
360.06994509905,3740.04604166667,100%
360.284779285232,3732.08171875,95.9532291952134%
360.499602454003,3731.78915178571,90.0996733394758%
360.714414603076,3776.77944940476,83.7669726162483%
360.929215730162,3755.4220610119,75.9656652360516%
361.144005832972,3753.08152529762,71.5053419486918%
361.358784909218,3787.14932291667,67.7482851178049%
361.573552956612,3768.97766369048,62.1164372201031%
361.788309972865,3737.73801339286,56.0090469826255%
362.003055955688,3713.35743303571,51.8423062237496%
362.217790902794,3733.44703125,50.1825792661203%
362.432514811894,3764.75169642857,47.1982226610713%
362.647227680699,3737.57547619048,43.1270557637879%
362.861929506922,3726.29539434524,41.447911803785%
363.076620288273,3741.11878720238,39.9831932773109%
363.291300022465,3747.97785714286,37.843578606981%
363.505968707208,3703.08508184524,34.1250562303194%
363.720626340215,3698.30648809524,32.6271788892997%
363.935272919197,3762.99629464286,31.8836684227502%
364.149908441866,3758.34773065476,30.7537046499745%
364.364532905934,3736.50273065476,28.4580443489304%
364.579146309111,3760.39569940476,27.8383998878426%
364.79374864911,3788.48212797619,27.9600250963521%
365.008339923641,3797.32415178571,27.4475486700806%
365.222920130418,3754.02424107143,25.5703759367107%
365.437489267151,3758.51026785714,24.5697916036232%
365.652047331552,3785.1988764881,24.3732644999805%
365.866594321332,3783.54099702381,24.1089193337502%
366.081130234203,3777.98222470238,23.5856028971583%
366.295655067877,3771.28569196429,22.9062263402675%
366.510168820066,3788.64466517857,22.958525508491%
366.72467148848,3762.86626488095,22.7593134623045%
366.939163070832,3729.83870535714,21.7729127888113%
367.153643564833,3722.91462053571,21.4891071759532%
367.368112968194,3764.58915922619,21.7550092133004%
367.582571278628,3763.48390625,21.4089121887287%
367.797018493846,3736.60025297619,20.834007311313%
368.011454611559,3715.69796875,21.1591138449709%
368.225879629479,3741.44386160714,21.6036308623298%
368.440293545318,3714.07259672619,21.3840072391294%
368.654696356787,3701.32968005952,20.9614168247944%
368.869088061598,3704.93800595238,20.9120192004042%
369.083468657462,3724.40996279762,21.2746208545718%
369.297838142092,3753.21155505952,21.2130715674591%
369.512196513198,3742.64663690476,20.7343007255442%
369.726543768492,3734.61729910714,20.9197559831066%
369.940879905687,3777.49461309524,21.4695301085573%
370.155204922492,3779.08747767857,21.7138273274926%
370.369518816621,3767.31978422619,20.793560785055%
370.583821585784,3796.67400297619,20.8590608277128%
370.798113227694,3777.78718005952,21.443699539787%
371.012393740062,3837.7634077381,21.9919604106277%
371.226663120598,3840.7540922619,21.5117030906504%
371.440921367016,3833.60245535714,22.0697522816167%
371.655168477027,3877.25994791667,22.8791900938185%
371.869404448341,3865.26470238095,22.9484446812762%
372.083629278672,3867.18264136905,22.8133225349261%
372.29784296573,3872.77392113095,22.9664663297364%
372.512045507227,3910.74261160714,23.8999584889996%
372.726236900874,3925.72854166667,24.3179309257215%
372.940417144384,3909.60485119048,24.0471387620766%
373.154586235468,3912.04290922619,24.1712014893312%
373.368744171837,3936.35847470238,25.1100765121987%
373.582890951202,3938.30892113095,25.3186917249417%
373.797026571277,3890.36044642857,25.0555300596604%
374.011151029772,3882.29860119048,25.3271719038817%
374.225264324398,3910.58007440476,25.9831278390656%
374.439366452868,3898.81238095238,26.1225924623952%
374.653457412893,3869.23061011905,25.4917956799852%
374.867537202184,3851.15647321429,25.9820020410057%
375.081605818454,3864.54953869048,26.2790654517787%
375.295663259413,3911.42526785714,26.5741550252051%
375.509709522774,3848.00325148809,25.726071687385%
375.723744606248,3856.1951264881,25.7724524324624%
375.937768507546,3883.40385416667,25.8647943241554%
376.15178122438,3861.59136160714,25.4853260770313%
376.365782754462,3837.95845238095,24.9795651463136%
376.579773095504,3834.31761904762,24.855282852145%
376.793752245216,3861.78640625,25.3640408083045%
377.007720201311,3859.34834821429,25.0618680619388%
377.2216769615,3829.92911458333,23.9520435586891%
377.435622523495,3827.00344494048,23.6998002342081%
377.649556885007,3854.11465029762,24.0714589536368%
377.863480043748,3814.29303571429,23.4368167905553%
378.07739199743,3789.91245535714,22.6737220447284%
378.291292743764,3787.27935267857,22.0698295473278%
378.505182280461,3813.96796130952,22.241960982447%
378.719060605234,3814.32554315476,21.9013606541482%
378.932927715794,3783.11840029762,21.3303118317322%
379.146783609852,3809.64447172619,21.2782405654424%
379.36062828512,3819.29918154762,21.3014330140176%
379.57446173931,3787.83197916667,20.82993176322%
379.788283970133,3772.03336309524,19.8887491095382%
380.002094975302,3791.08272321429,19.7923184648848%
380.215894752526,3839.29125744048,20.1116663491552%
380.429683299519,3860.19354166667,19.8726444995101%
380.643460613992,3833.11484375,19.3680134537386%
380.857226693655,3832.23714285714,18.9135590164616%
381.070981536222,3867.60523809524,19.2361054435648%
381.284725139403,3828.85636904762,18.7259535379085%
381.49845750091,3809.02683035714,17.9958061449094%
381.712178618455,3811.26984375,17.722455330383%
381.925888489749,3830.05914434524,17.8971085242208%
382.139587112504,3849.27104166667,17.6582976117575%
382.353274484432,3865.94735863095,17.1937991937032%
382.566950603243,3862.50156994048,16.8201062544713%
382.780615466651,3970.65382440476,16.5463669485117%
382.994269072365,3937.00862351191,16.1771143161794%
383.207911418098,3915.06610119048,15.648737650933%
383.421542501562,3918.28433779762,15.3208619464835%
383.635162320468,3941.07205357143,15.4868702628056%
383.848770872527,3973.15689732143,15.4147595782978%
384.062368155452,3978.32558035714,15.0367621174175%
384.275954166954,3978.6506547619,14.8163437816373%
384.489528904744,3985.93232142857,14.828827963701%
384.703092366534,3909.96243303571,14.4580577269994%
384.916644550035,3870.88848958333,13.9569734301738%
385.13018545296,3884.83418154762,13.6771744215337%
385.34371507302,3908.72715029762,13.7850446761964%
385.557233407926,3905.63894345238,13.6064770646933%
385.77074045539,3928.36164434524,13.2211639676966%
385.984236213123,3933.95292410714,13.1062474735392%
386.197720678838,3955.79792410714,13.2671509281679%
386.411193850246,3971.04391369048,12.997205071926%
386.624655725058,3941.42963541667,12.4557880917445%
386.838106300986,3962.23439732143,12.3078550008686%
387.051545575742,3999.09783482143,12.4809639979301%
387.264973547037,3911.00267113095,12.4608445965543%
387.478390212582,3935.02566964286,12.1938054417227%
387.69179557009,3944.97294642857,12.0589257174623%
387.905189617272,3958.82111607143,12.0927889785861%
388.11857235184,3957.84589285714,11.8492986292602%
388.331943771505,3944.35530505952,11.4818930579161%
388.545303873978,3957.9109077381,11.3706766339828%
388.758652656972,4001.24332589286,11.5775084183529%
388.971990118198,4000.65819196429,11.452268381607%
389.185316255368,4023.25086309524,11.2652889076339%
389.398631066192,4026.27405505952,11.1262601222939%
389.611934548384,4022.79575892857,11.1687065866879%
389.825226699653,4033.133125,11.0919595625131%
390.038507517713,4024.32360863095,10.6889707967111%
390.251777000274,4031.11766369048,10.6516543166858%
390.465035145049,4099.61084077381,10.7400096035853%
390.678281949748,4106.30737351191,10.5680890693343%
390.891517412083,4090.86633928571,10.3505243499497%
391.104741529767,4095.54741071429,10.2130593878506%
391.31795430051,4087.06296875,10.2368193604149%
391.531155722024,4093.40191964286,10.1056639972094%
391.74434579202,4071.42688988095,9.99501033573313%
391.957524508211,4077.14819940476,9.81863897748702%
392.170691868309,4098.53809523809,9.84416119361999%
392.383847870023,4104.09686755952,9.69366439202333%
392.596992511067,4080.17139136905,9.50996202007386%
392.810125789151,4095.61242559524,9.41835080514427%
393.023247701988,4120.513125,9.43655266804381%
393.236358247288,4089.82610119048,9.30291709058158%
393.449457422764,4082.54443452381,9.11209403284598%
393.662545226128,4102.34146577381,8.94507950288591%
393.875621655089,4109.16802827381,8.935440808234%
394.088686707362,4122.52858630952,8.81846753922836%
394.301740380656,4118.53017113095,8.58783647227953%
394.514782672683,4102.34146577381,8.58733649814719%
394.727813581156,4101.91886904762,8.59187489876754%
394.940833103785,4043.63302827381,8.46278071071136%
395.153841238283,4027.31429315476,8.32234943750579%
395.36683798236,4029.45978422619,8.27683635624294%
395.579823333729,4038.62688244048,8.3197823557641%
395.792797290101,4031.57276785714,8.24669411940582%
396.005759849188,4001.50338541667,8.04540026292814%
396.218711008701,4032.25542410714,7.96990106307024%
396.431650766351,4056.79854166667,8.09229811408857%
396.644579119852,4056.79854166667,8.04471449964399%
396.857496066913,4056.70101934524,7.99248196048307%
397.070401605247,4055.62827380952,7.91085001738784%
397.283295732565,4072.27208333333,8.00106660455024%
397.496178446579,4079.71628720238,7.98597584729256%
397.709049745,4077.37575148809,7.82918467463534%
397.921909625541,4098.37555803571,7.80354891143004%
398.134758085912,4123.40628720238,7.87024550108031%
398.347595123825,4188.61621279762,7.91176756945598%
398.560420736992,4208.90085565476,7.83828126544317%
398.773234923125,4217.77538690476,7.87158761713837%
398.986037679935,4239.75041666667,7.85338007341461%
399.198829005133,4245.63426339286,7.80633943658522%
399.411608896431,4257.75953869048,7.68918268131325%
399.624377351542,4261.98550595238,7.65472226064198%
399.837134368175,4284.22059523809,7.68947736363779%
400.049879944044,4376.80178571429,7.58439713001787%
400.262614076859,4389.41467261905,7.5187507999488%
400.475336764333,4392.86046130952,7.53312935645972%
400.688048004176,4412.46244791667,7.55924146852655%
400.900747794101,4405.27830357143,7.48034620439947%
401.113436131818,4383.95342261905,7.37000487657846%
401.32611301504,4395.10347470238,7.29804461367634%
401.538778441479,4425.14034970238,7.29146738090683%
401.751432408845,4429.59386904762,7.23102305550435%
401.964074914851,4426.40813988095,7.1500258507953%
402.176705957207,4416.62340029762,7.18167539994718%
402.389325533626,4396.69633928571,7.15922147078451%
402.601933641819,4419.02895089286,7.1808426091182%
402.814530279499,4375.8265625,7.08616065803921%
403.027115444375,4376.24915922619,7.0344145340469%
403.23968913416,4416.68841517857,7.07393227931198%
403.452251346566,4411.48722470238,7.06415959200991%
403.664802079304,4409.99188244048,6.94821352708104%
403.877341330086,4423.67751488095,6.9162621567383%
404.089869096623,4444.12469494048,6.9503148817708%
404.302385376627,4453.22677827381,6.92936155167189%
404.51489016781,4370.9179389881,6.94208805220444%
404.727383467883,4367.86223958333,6.93799700452631%
404.939865274557,4372.73835565476,6.93665922156659%
405.152335585545,4372.18572916667,6.93786128342508%
405.364794398558,4387.33419642857,6.88073856618707%
405.577241711307,4409.63430059524,6.88240738334589%
405.789677521504,4404.88821428571,6.8966133500134%
406.002101826862,4435.21765625,6.94313912089168%
406.21451462509,4434.07989583333,6.87531164755229%
406.426915913901,4442.726875,6.86099821041067%
406.639305691007,4471.91855654762,6.88919715623375%
406.851683954119,4494.51122767857,6.88860719318271%
407.064050700949,4459.43569940476,6.78467923039573%
407.276405929208,4456.21746279762,6.76191964630363%
407.488749636608,4497.95701636905,6.8217225340338%
407.70108182086,4488.17227678571,6.79996507789673%
407.913402479676,4519.02183779762,6.73568636701208%
408.125711610768,4539.76158482143,6.71420725009154%
408.338009211848,4531.40717261905,6.74733873168957%
408.550295280626,4534.95048363095,6.74256166393248%
408.762569814815,4530.78953125,6.68681885455442%
408.974832812126,4499.32232886905,6.70109985326969%
409.18708427027,4556.6004389881,6.74209893659647%
409.39932418696,4588.10014880952,6.75761868516012%
409.611552559907,4588.75029761905,6.6876847705251%
409.823769386822,4588.00262648809,6.67177740415189%
410.035974665417,4636.21116071429,6.72248662851359%
410.248168393404,4687.02029017857,6.75561933409683%
410.460350568494,4662.86726190476,6.69890973543738%
410.672521188399,4654.77290922619,6.69891780402905%
410.88468025083,4660.20165178571,6.72820931300046%
411.096827753499,4695.95983630952,6.71552755564869%
411.308963694118,4709.93803571429,6.70585267406661%
411.521088070399,4732.3031547619,6.69758443110365%
411.733200880052,4766.33844494048,6.73153355705814%
411.945302120789,4777.81357142857,6.7460981717716%
412.157391790323,4767.28116071429,6.69849825960518%
412.369469886364,4752.00266369048,6.72932466772521%
412.581536406624,4736.72416666667,6.79945470821489%
412.793591348816,4757.23636160714,6.82034499393718%
413.005634710649,4748.71941220238,6.77998326251046%
413.217666489837,4760.94220982143,6.76495015938958%
413.42968668409,4797.67561755952,6.76972736961418%
413.641695291121,4788.7035639881,6.76410070395183%
413.85369230864,4782.03953869048,6.70990861967274%
414.06567773436,4782.98225446429,6.72889461831666%
414.277651565991,4813.34420386905,6.77033036848793%
414.489613801246,4796.40782738095,6.75737040383152%
414.701564437837,4762.73011904762,6.68187780386451%
414.913503473474,4770.401875,6.65747522619561%
415.12543090587,4810.58107142857,6.71121776468532%
415.337346732735,4790.26392113095,6.68485442024592%
415.549250951782,4777.48849702381,6.62806161515021%
415.761143560723,4770.17432291667,6.61763684490782%
415.973024557268,4787.69583333333,6.6558606329219%
416.184893939129,4798.55331845238,6.64635762807183%
416.396751704019,4753.40048363095,6.58260892105901%
416.608597849648,4759.6094047619,6.57469098754833%
416.820432373728,4769.97927827381,6.58690258404708%
417.032255273971,4814.57948660714,6.58414390567446%
417.244066548088,4813.99435267857,6.52310016946244%
417.455866193791,4841.07305059524,6.5158394108051%
417.667654208792,4841.2680952381,6.5583869896914%
417.879430590802,4856.18901041667,6.58463802964412%
418.091195337533,4845.88415178571,6.51613986745676%
418.302948446696,4847.86710565476,6.54128948389256%
418.514689916002,4856.44906994048,6.55948780948781%
418.726419743165,4849.75253720238,6.55765213973761%
418.938137925894,4821.30852678571,6.52442278482497%
419.149844461903,4833.36878720238,6.56299605059679%
419.361539348901,4825.07938988095,6.59243151734505%
419.573222584602,4801.54400297619,6.5455820558485%
419.784894166716,4819.45560267857,6.52857876757058%
419.996554092955,4806.90773065476,6.51472303671135%
420.208202361031,4820.75590029762,6.52747953222277%
420.419838968655,4815.29465029762,6.527674074672%
420.631463913539,4794.78245535714,6.46394007593983%
420.843077193395,4820.9184375,6.45632946775419%
421.054678805933,4854.36859375,6.49232576988888%
421.266268748867,4872.28019345238,6.50050171609711%
421.477847019906,4866.91646577381,6.44766055189314%
421.689413616764,4868.47682291667,6.44969650738917%
421.900968537151,4858.49703869048,6.47568540445089%
422.112511778779,4882.03242559524,6.48615702391887%
422.32404333936,4878.74917410714,6.41127862127646%
422.535563216605,4881.38227678571,6.43865073787772%
422.747071408226,4927.21776785714,6.45757545136082%
422.958567911934,4941.71608630952,6.46053381066809%
423.170052725441,4922.50418898809,6.44314657384474%
423.38152584646,4934.56444940476,6.42445378841796%
423.5929872727,4950.98070684524,6.43743820718444%
423.804437001874,4931.24869047619,6.41296687808316%
424.015875031694,4939.24552083333,6.38358569841934%
424.22730135987,4962.7809077381,6.35539929072721%
424.438715984116,4992.68775297619,6.4083482195201%
424.650118902141,5006.56843005952,6.42109025767995%
424.861510111659,5015.21540922619,6.37615954579121%
425.07288961038,5024.44752232143,6.38406039046602%
425.284257396016,5056.14227678571,6.47408348900763%
425.495613466278,5039.46595982143,6.46911873990528%
425.706957818879,5017.94603422619,6.41951992368777%
425.91829045153,5007.93374255952,6.42073233272933%
426.129611361942,5016.80827380952,6.45867280541552%
426.340920547827,5027.86080357143,6.46593829983464%
426.552218006896,4998.73413690476,6.42564099770079%
426.763503736862,5005.95078869048,6.46502078903014%
426.974777735436,5030.26635416667,6.47585834501913%
427.186040000329,5028.12086309524,6.50276210050131%
427.397290529253,5025.87784970238,6.47552447552448%
427.60852931992,5032.60688988095,6.47622854206347%
427.81975637004,5079.74267857143,6.51831643525116%
428.030971677327,5059.65308035714,6.51366899067056%
428.242175239491,5090.47013392857,6.5126448608253%
428.453367054244,5098.59699404762,6.5331929771389%
428.664547119298,5092.94069940476,6.59566643501681%
428.875715432364,5066.15456845238,6.57141349911334%
429.086871991153,5057.89767857143,6.52044145769634%
429.298016793378,5043.85446428572,6.51673848908641%
429.50914983675,5062.25367559524,6.56159337174626%
429.72027111898,5019.60391369048,6.50695926422541%
429.931380637781,5013.03741071429,6.45895734648265%
430.142478390864,5051.29866815476,6.48809179234983%
430.353564375939,5056.62988839286,6.53788163580434%
430.56463859072,5073.20868303571,6.5527468252013%
430.775701032917,5054.19183035714,6.52393934942542%
430.986751700243,5068.43008928572,6.5509360210625%
431.197790590408,5080.1977827381,6.58069415309714%
431.408817701124,5073.04614583333,6.59115035674931%
431.619833030104,5027.73077380952,6.54190035715341%
431.830836575058,5019.0187797619,6.54926537916976%
432.041828333698,5072.46101190476,6.57654886336312%
432.252808303736,5026.98310267857,6.57016996893041%
432.463776482883,5032.93196428571,6.53732908482232%
432.674732868851,5028.12086309524,6.54392748385122%
432.885677459352,5053.34663690476,6.58370423710256%
433.096610252096,5048.40550595238,6.58149558308279%
433.307531244797,5055.00451636905,6.57416162549561%
433.518440435165,5048.56804315476,6.58919473768469%
433.729337820911,5062.96883928571,6.6540292527411%
433.940223399749,5053.57418898809,6.66138167174529%
434.151097169388,5033.32205357143,6.66912743359971%
434.361959127541,5023.08220982143,6.68853804121193%
434.572809271919,5013.46000744048,6.71630912757222%
434.783647600234,5006.82848958333,6.7186406229307%
434.994474110198,4972.5981547619,6.67406107292022%
435.205288799522,4980.04235863095,6.69971051636999%
435.416091665917,4984.8859672619,6.70653201360293%
435.626882707096,4991.87506696429,6.70785177704114%
435.837661920769,4971.52540922619,6.68685034082042%
436.048429304649,4975.71886904762,6.69701370930603%
436.259184856448,5001.75732886905,6.73978239928394%
436.469928573875,4940.74086309524,6.73580226671858%
436.680660454645,4955.10915178571,6.69977190518047%
436.891380496466,4946.88476934524,6.73335565753936%
437.102088697053,4934.49943452381,6.73133086468734%
437.312785054115,4880.92717261905,6.709441436173%
437.523469565365,4872.89783482143,6.66006697397638%
437.734142228515,4894.77534226191,6.66127240029151%
437.944803041275,4902.90220238095,6.71264565364129%
438.155452001357,4907.12816964286,6.71949119444494%
438.366089106474,4883.10517113095,6.7285998302283%
438.576714354336,4905.60031994048,6.70474010053402%
438.787327742656,4884.79555803571,6.68586621267254%
438.997929269144,4896.36820684524,6.6899504692571%
439.208518931513,4892.95492559524,6.68229678150198%
439.419096727474,4900.04154761905,6.69730553223723%
439.629662654738,4910.96404761905,6.72569283884493%
439.840216711018,4909.82628720238,6.74909378538789%
440.050758894025,4863.99079613095,6.72422931151972%
440.261289201469,4881.15472470238,6.74263585029697%
440.471807631064,4900.39912946429,6.76142746046833%
440.682314180521,4881.41478422619,6.75942353693553%
440.892808847551,4876.37613095238,6.74856037176346%
441.103291629865,4840.26036458333,6.77267099519289%
441.313762525176,4838.43994791667,6.79381117409096%
441.524221531195,4850.63023809524,6.83694096771034%
441.734668645633,4874.165625,6.81310389576072%
441.945103866203,4862.85303571429,6.82985747407818%
442.155527190615,4835.70932291667,6.87322337200301%
442.365938616582,4856.25402529762,6.90899486914692%
442.576338141815,4829.01279017857,6.8633462719977%
442.786725764025,4828.16759672619,6.8472376255506%
442.997101480925,4833.10872767857,6.89709416255671%
443.207465290225,4875.72598214286,6.95949860430821%
443.417817189638,4843.21854166667,6.93725990384833%
443.628157176875,4863.47067708333,6.95374607616959%
443.838485249647,4865.45363095238,7.01477784717632%
444.048801405666,4873.41795386905,7.01994173640135%
444.259105642644,4852.84074404762,6.98388861672855%
444.469397958293,4853.75095238095,6.98946388174551%
444.679678350323,4818.1878125,7.01124520316764%
444.889946816447,4813.60426339286,7.02814153673563%
445.100203354376,4807.46035714286,7.00552725696326%
445.310447961822,4818.3178422619,7.00154836099375%
445.520680636496,4846.59931547619,7.03775810105019%
445.73090137611,4891.68713541667,7.06240958875801%
445.941110178376,4902.9672172619,7.02682240289524%
446.151307041005,4887.07107886905,7.0793306940746%
446.361491961708,4890.45185267857,7.12007089056269%
446.571664938198,4906.70557291667,7.13881748888755%
446.781825968186,4875.17335565476,7.0747960788442%
446.991975049383,4875.69347470238,7.10059361000991%
447.202112179501,4911.38664434524,7.15899014303523%
447.412237356252,4888.59892857143,7.16227152405426%
447.622350577348,4844.22627232143,7.13868346128385%
447.832451840499,4860.67503720238,7.12741962741963%
448.042541143418,4849.00486607143,7.14475739390013%
448.252618483815,4858.91963541667,7.14765243533022%
448.462683859404,4826.28216517857,7.07376028277318%
448.672737267895,4832.58860863095,7.12445475271141%
448.882778706999,4867.30655505952,7.17261452462287%
449.092808174429,4906.08793154762,7.1840289395139%
449.302825667897,4876.60368303571,7.15418713150815%
449.512831185113,4865.03103422619,7.16707506125919%
449.722824723789,4883.13767857143,7.24425789591528%
449.932806281637,4872.41022321429,7.2426117276507%
450.142775856368,4828.26511904762,7.21731401174379%
450.352733445695,4818.83796130952,7.21947877040852%
450.562679047328,4833.20625,7.23153016212629%
450.77261265898,4839.4801860119,7.26808782456832%
450.982534278361,4826.11962797619,7.2169198949151%
451.192443903184,4808.46808779762,7.21715548310033%
451.40234153116,4788.67105654762,7.23492495278998%
451.61222716,4773.75014136905,7.2302562224091%
451.822100787417,4772.18978422619,7.20445005066275%
452.031962411121,4799.30098958333,7.19174410602073%
452.241812028825,4771.47462053571,7.24519999861197%
452.45164963824,4762.21,7.25815703930328%
452.661475237078,4748.65439732143,7.22315878384274%
452.87128882305,4765.10316220238,7.24069354779467%
453.081090393868,4752.10018601191,7.23697031090075%
453.290879947243,4764.84310267857,7.26944822005617%
453.500657480887,4748.81693452381,7.23951177852864%
453.710422992512,4748.45935267857,7.22859329926501%
453.920176479828,4747.84171130952,7.26312871596768%
454.129917940549,4757.62645089286,7.25200900490141%
454.339647372385,4750.66985863095,7.24544805426634%
454.549364773049,4768.15886160714,7.23635646970294%
454.75907014025,4758.24409226191,7.28573611498117%
454.968763471702,4761.36480654762,7.30189355012302%
455.178444765116,4759.3493452381,7.24758597399877%
455.388114018203,4772.61238095238,7.24081650339247%
455.597771228675,4807.55787946429,7.30366259992652%
455.807416394244,4858.26948660714,7.32051668257558%
456.017049512621,4840.87800595238,7.2985030669493%
456.226670581517,4844.97394345238,7.31856993795878%
456.436279598645,4842.79594494048,7.39945059458077%
456.645876561716,4883.07266369048,7.41598394764327%
456.855461468442,4889.76919642857,7.36432475215597%
457.065034316534,4875.10834077381,7.37546926551579%
457.274595103703,4852.67820684524,7.4685585176497%
457.484143827662,4861.09763392857,7.48104961638713%
457.693680486122,4802.55173363095,7.43579217116443%
457.903205076794,4788.83359375,7.45557000433463%
458.11271759739,4836.58702380952,7.54839543080699%
458.322218045623,4844.32379464286,7.53321467870937%
458.531706419202,4790.81654761905,7.50209757125274%
458.741182715841,4797.28552827381,7.4886355016383%
458.95064693325,4770.01178571429,7.51636043292223%
459.160099069141,4768.54895089286,7.50965415675902%
459.369539121226,4765.26569940476,7.47226935105915%
459.578967087216,4759.99949404762,7.48004174907023%
459.788382964823,4733.79849702381,7.5447672846929%
459.997786751759,4724.24130952381,7.54372722782888%
460.207178445735,4683.18441220238,7.51582544081826%
460.416558044462,4691.0837202381,7.50412699004859%
460.625925545653,4716.27698660714,7.52822758419703%
460.835280947018,4729.08491815476,7.53184026357518%
461.044624246271,4676.78044642857,7.4901887497664%
461.253955441121,4671.15665922619,7.50618816508753%
461.463274529281,4676.84546130952,7.52245677071637%
461.672581508462,4726.02921875,7.50467918320851%
461.881876376376,4717.77232886905,7.41403280946224%
462.091159130735,4728.72733630952,7.40110654992871%
462.30042976925,4717.70731398809,7.4186473719727%
462.509688289632,4696.57747767857,7.40710867848508%
462.718934689594,4689.13327380952,7.36935427521723%
462.928168966846,4711.43337797619,7.3443055730529%
463.137391119102,4696.74001488095,7.36653484690776%
463.346601144071,4718.94259672619,7.35275565940574%
463.555799039465,4725.67163690476,7.32015596169798%
463.764984802997,4706.06965029762,7.32964019121127%
463.974158432378,4713.02624255952,7.3840474531843%
464.18331992532,4707.56499255953,7.376284372753%
464.392469279533,4714.32654017857,7.32480311636259%
464.60160649273,4722.29086309524,7.32567311097081%
464.810731562622,4725.4765922619,7.35775745035438%
465.019844486922,4719.36519345238,7.34459365914441%
465.228945263339,4693.09918154762,7.31247010284621%
465.438033889587,4693.45676339286,7.31125961210281%
465.647110363376,4706.55726190476,7.34905839549251%
465.856174682419,4715.69185267857,7.33437488375553%
466.065226844426,4700.25081845238,7.31315539758852%
466.27426684711,4708.70275297619,7.34809878842633%
466.483294688181,4765.4932514881,7.417970095521%
466.692310365353,4793.31962053571,7.45214355454303%
466.901313876335,4780.34915178571,7.391434439552%
467.110305218841,4774.30276785714,7.41842933982447%
467.319284390581,4765.59077380952,7.44927722927151%
467.528251389266,4783.27482142857,7.47863090954486%
467.73720621261,4782.52715029762,7.47207331866422%
467.946148858323,4757.9840327381,7.49966131979101%
468.155079324116,4759.6094047619,7.50113249455672%
468.363997607702,4743.095625,7.47769078664147%
468.572903706792,4738.38204613095,7.48478047232954%
468.781797619097,4719.46271577381,7.48778818784715%
468.99067934233,4717.44725446428,7.49311314815556%
469.199548874201,4691.14873511905,7.46455151942846%
469.408406212423,4658.73881696429,7.42448399972398%
469.617251354706,4678.63337053571,7.39259707528488%
469.826084298764,4730.87282738095,7.46350728045582%
470.034905042306,4731.97808035714,7.46334761465734%
470.243713583045,4742.38046130952,7.44714466535336%
470.452509918693,4728.82485863095,7.44642516098577%
470.661294046961,4753.72555803571,7.48947975381094%
470.87006596556,4728.10969494048,7.43224434598801%
471.078825672202,4714.65161458333,7.39516602892071%
471.287573164599,4716.63456845238,7.3439318396745%
471.496308440462,4733.4084077381,7.37196580403852%
471.705031497503,4738.54458333333,7.37126869985432%
471.913742333434,4734.83873511905,7.34431093625502%
472.122440945966,4739.94240327381,7.34551368742984%
472.331127332811,4786.03795386905,7.3622977640429%
472.53980149168,4801.18642113095,7.38641370825887%
472.748463420285,4809.8659077381,7.31959487972992%
472.957113116337,4840.97552827381,7.29971283612024%
473.165750577549,4851.41041666667,7.31375181377894%
473.374375801631,4876.57117559524,7.35408084898415%
473.582988786296,4904.00745535714,7.34640987324046%
473.791589529255,4939.60310267857,7.33974281018614%
474.000178028219,4928.16048363095,7.37762025140515%
474.2087542809,4883.88534970238,7.32204376728614%
474.41731828501,4864.41339285714,7.25375065740305%
474.62587003826,4862.75551339286,7.23673997412678%
474.834409538362,4872.63777529762,7.2599930495102%
475.042936783028,4873.28792410714,7.28907480196651%
475.251451769968,4862.10536458333,7.25022847178523%
475.459954496896,4869.5170610119,7.19314921858274%
475.668444961521,4856.38405505952,7.27319376026273%
475.876923161557,4845.85164434524,7.240733244863%
476.085389094714,4858.85462053571,7.20533473374073%
476.293842758704,4860.05739583333,7.20175471460344%
476.502284151238,4832.52359375,7.2044413526123%
476.710713270029,4813.5392485119,7.20477138526661%
476.919130112788,4817.47264880952,7.16238187176099%
477.127534677227,4815.35966517857,7.19934850888619%
477.335926961056,4831.15828125,7.24150966322171%
477.544306961988,4835.35174107143,7.24768308317988%
477.752674677734,4823.45401785714,7.20088129435904%
477.961030106007,4794.8474702381,7.2006687054574%
478.169373244516,4822.60882440476,7.26933423732909%
478.377704090975,4831.64589285714,7.25149548173603%
478.586022643094,4849.49247767857,7.23581494118808%
478.794328898586,4864.18584077381,7.25717370124716%
479.002622855161,4890.38683779762,7.27486747088533%
479.210904510532,4930.50101934524,7.27557021086287%
479.41917386241,4899.39139880952,7.18300468387978%
479.627430908506,4895.13292410714,7.18489520918219%
479.835675646533,4922.11409970238,7.25751496677558%
480.043908074201,4948.05503720238,7.25580469352711%
480.252128189223,4935.37713541667,7.24564596047648%
480.46033598931,4927.90042410714,7.24223277327352%
480.668531472173,4959.46514880952,7.27509549628276%
480.876714635525,4958.815,7.26020374412913%
481.084885477077,4953.51628720238,7.24852853647245%
481.29304399454,4944.41420386905,7.27607994501137%
481.501190185626,4952.96366071429,7.31109854908611%
481.709324048046,4956.63700148809,7.31348853799585%
481.917445579513,4946.68972470238,7.30583426235601%
482.125554777737,4941.29348958333,7.31475523437113%
482.333651640431,4957.54720982143,7.31964426231943%
482.541736165306,4933.75176339286,7.2921917262146%
482.749808350073,4909.66375,7.28365610198205%
482.957868192445,4914.79992559524,7.2917163745625%
483.165915690132,4905.60031994048,7.34564319376934%
483.373950840847,4872.54025297619,7.36711007124268%
483.581973642301,4823.48652529762,7.32582371348181%
483.789984092205,4810.15847470238,7.37170474372193%
483.997982188272,4804.72973214286,7.43469061987812%
484.205967928212,4809.47581845238,7.45081280099936%
484.413941309737,4787.56580357143,7.44739123354459%
484.62190233056,4821.99118303571,7.44892002335084%
484.829850988391,4845.00645089286,7.51755588506841%
485.037787280942,4839.64272321429,7.53170664233985%
485.245711205925,4867.17652529762,7.50181627082122%
485.453622761051,4881.54481398809,7.46879830207395%
485.661521944033,4891.32955357143,7.47018370168704%
485.86940875258,4929.59081101191,7.48020014861216%
486.077283184406,4930.07842261905,7.43600350038151%
486.285145237222,4921.85404017857,7.42757296277065%
486.492994908739,4924.97475446429,7.46164551618605%
486.700832196668,4934.69447916667,7.48373137725064%
486.908657098723,4923.73947172619,7.45750066437451%
487.116469612613,4991.5825,7.45491187038782%
487.324269736051,4980.82253720238,7.47492500627701%
487.532057466749,5019.57140625,7.48552529581618%
487.739832802417,4995.22333333333,7.48203342733565%
487.947595740768,4997.43383928571,7.47504651643581%
488.155346279513,5034.16724702381,7.5110432206528%
488.363084416364,5013.59003720238,7.47769149580299%
488.570810149032,4992.42769345238,7.42327866301867%
488.778523475229,4987.32402529762,7.41518899319525%
488.986224392666,4988.52680059524,7.45719084485345%
489.193912899055,4976.33651041667,7.45676517360191%
489.401588992108,4921.20389136905,7.41199345576424%
489.609252669537,4906.99813988095,7.45678905897647%
489.816903929052,4917.43302827381,7.51768882603955%
490.024542768366,4900.04154761905,7.52706402118248%
490.23216918519,4888.33886904762,7.49982539983437%
490.439783177235,4855.27880208333,7.50859203710297%
490.647384742214,4852.09307291667,7.52911426099687%
490.854973877837,4841.13806547619,7.50575308316934%
491.062550581817,4818.38285714286,7.48443590795261%
491.270114851865,4821.21100446429,7.51031209953011%
491.477666685693,4782.55965773809,7.54981756946393%
491.685206081012,4797.708125,7.56478623508709%
491.892733035534,4751.35251488095,7.5285093514687%
492.10024754697,4778.26867559524,7.5076903518911%
492.307749613032,4814.38444196429,7.57502225732819%
492.515239231432,4818.1878125,7.55669237357881%
492.722716399881,4859.92736607143,7.5524428601384%
492.930181116091,4853.29584821429,7.55091794188916%
493.137633377774,4885.44570684524,7.56840284193023%
493.34507318264,4896.43322172619,7.57135750682316%
493.552500528402,4882.81260416667,7.52958676962789%
493.759915412771,4913.82470238095,7.49454142039227%
493.967317833459,4953.45127232143,7.53741675340818%
494.174707788178,4951.69587053571,7.54616196032043%
494.382085274638,4968.76227678571,7.51322894031932%
494.589450290552,4960.89547619048,7.51460014178173%
494.796802833631,4978.18943452381,7.55623314019917%
495.004142901588,4992.98031994048,7.58510685083508%
495.211470492132,5010.24177083333,7.59944768209231%
495.418785602976,5015.86555803571,7.63080435320139%
495.626088231832,5022.17200148809,7.67932260612244%
495.833378376411,5010.14424851191,7.70041281298198%
496.040656034425,5001.88735863095,7.67875617740644%
496.247921203586,5008.77893601191,7.70949530676099%
496.455173881604,5010.50183035714,7.76397092385565%
496.662414066192,4970.90776785714,7.77178734730089%
496.869641755061,4962.00072916667,7.77251492122209%
497.076856945923,4956.96207589286,7.75780494720409%
497.284059636489,4949.71291666667,7.79584873277286%
497.491249824471,4949.68040922619,7.8690343872076%
497.698427507581,4926.21003720238,7.87750447955693%
497.90559268353,4911.61419642857,7.88748490006589%
498.112745350029,4931.02113839286,7.97337514360833%
498.319885504791,4885.83579613095,7.96442674151429%
498.527013145527,4869.97216517857,7.94399039992837%
498.734128269948,4871.30497023809,7.98995503204978%
498.941230875767,4871.72756696429,8.05901620116839%
499.148320960694,4922.95929315476,8.06600035565746%
499.355398522442,4929.16821428571,8.06606727113595%
499.562463558721,4913.30458333333,8.053992354605%
499.769516067244,4915.35255208333,8.06693440892459%
499.976556045722,4916.62034226191,8.0822516528725%
500.183583491867,4919.15592261905,8.06299977450522%
500.39059840339,4907.84333333333,8.10338538500287%
500.597600778004,4927.44531994048,8.14690234396062%
500.804590613418,4929.81836309524,8.17827689801261%
501.011567907346,4945.94205357143,8.13395297025394%
501.218532657498,4942.5612797619,8.12772108220829%
501.425484861587,4960.79795386905,8.22175827168338%
501.632424517324,4953.09369047619,8.24284252328778%
501.83935162242,4946.33214285714,8.16370753529988%
502.046266174587,4952.31351190476,8.14419482534534%
502.253168171537,4995.06079613095,8.21780340179898%
502.460057610981,5015.63800595238,8.27301347879086%
502.666934490631,5035.79261904762,8.29619387848205%
502.873798808198,5043.23682291667,8.29594050854241%
503.080650561395,5023.30976190476,8.33090232989712%
503.287489747932,4997.01124255952,8.31203328261195%
503.494316365522,4955.95434523809,8.31879624071665%
503.701130411875,4948.21757440476,8.354568139514%
503.907931884704,4970.03006696429,8.41637712924527%
504.11472078172,4999.93691220238,8.46240734204025%
504.321497100634,5010.40430803571,8.40035256857512%
504.528260839159,5005.13810267857,8.47603557095629%
504.735011995006,5015.24791666667,8.51705834805787%
504.941750565886,5016.25564732143,8.55816652161299%
505.148476549511,5026.52799851191,8.54976591992407%
505.355189943593,5023.14722470238,8.60781893879751%
505.561890745843,5034.97993303571,8.69570611735596%
505.768578953973,5027.79578869048,8.7350311217856%
505.975254565694,5056.17478422619,8.74153695323212%
506.181917578718,5053.5741889881,8.7930014233851%
506.388567990757,5041.05882440476,8.86496709766182%
506.595205799522,5054.80947172619,8.91984290176379%
506.801831002725,5031.11154761905,8.90750406464975%
507.008443598077,5036.0851860119,8.95482234135617%
507.215043583291,5058.77537946428,9.05269048306441%
507.421630956077,5084.81383928572,9.12474730728504%
507.628205714147,5095.41126488095,9.16040607507717%
507.834767855213,5097.23168154762,9.20269911117691%
508.041317376986,5096.97162202381,9.22271927709768%
508.247854277179,5111.11235863095,9.29577263460332%
508.454378553502,5115.56587797619,9.31043787650534%
508.660890203667,5104.61087053571,9.39941196669242%
508.867389225386,5133.7050297619,9.44228056734948%
509.07387561637,5154.99740327381,9.51512113019033%
509.280349374331,5156.29770089286,9.49214990887408%
509.486810496981,5168.61802083333,9.50636083027084%
509.693258982031,5171.34864583333,9.60378813696124%
509.899694827193,5205.35142857143,9.67878647480412%
510.106118030178,5202.94587797619,9.68862978787601%
510.312528588698,5211.52784226191,9.7681702910264%
510.518926500465,5229.24439732143,9.87283756459222%
510.72531176319,5244.58790922619,9.91601050812654%
510.931684374585,5236.13597470238,9.95464379928264%
511.13804433236,5249.6265625,9.96763719172719%
511.344391634229,5336.94154761905,9.97144187099777%
511.550726277903,5331.90289434524,10.0197707741544%
511.757048261092,5332.58555059524,10.0776351149597%
511.96335758151,5359.50171130952,10.1393989667886%
512.169654236866,5374.16256696428,10.2367734419033%
512.375938224874,5412.39131696429,10.3642732175128%
512.582209543244,5422.04602678571,10.3887809441566%
512.788468189688,5434.20380952381,10.4511871974441%
512.994714161918,5461.57507440476,10.5837296485755%
513.200947457646,5474.87061755952,10.6675300847229%
513.407168074582,5507.57310267857,10.6896204425772%
513.613376010439,5507.96319196429,10.784371903665%
513.819571262928,5523.79431547619,10.943148740432%
514.02575382976,5578.21177083333,11.0374938660618%
514.231923708648,5568.81712053571,11.0712507661034%
514.438080897303,5572.36043154762,11.1545847637423%
514.644225393436,5575.64368303571,11.2755773086957%
514.850357194759,5572.71801339286,11.3517699353545%
515.056476298984,5607.07837797619,11.4329566919298%
515.262582703823,5619.26866815476,11.4575935997123%
515.468676406986,5619.91881696429,11.6027503668115%
515.674757406185,5531.6936235119,11.7539728194434%
515.880825699133,5546.32197172619,11.817943289687%
516.086881283541,5572.65299851191,11.8562637560077%
516.29292415712,5577.36657738095,11.966243482448%
516.498954317581,5598.33387648809,12.0723403032676%
516.704971762637,5618.74854910714,12.0761536929121%
516.910976489999,5620.53645833333,12.1777525592152%
517.116968497379,5609.58145089286,12.2814539479113%
517.322947782488,5623.94973958333,12.3546005620377%
517.528914343038,5651.54855654762,12.3813606135172%
517.73486817674,5634.90474702381,12.4735994721687%
517.940809281307,5705.86848958333,12.6178786591454%
518.146737654449,5743.31706101191,12.7075268817204%
518.352653293878,5733.40229166667,12.7472669201957%
518.558556197306,5744.16225446429,12.8318584070796%
518.764446362445,5791.07049107143,12.9730233191294%
518.970323787005,5829.03918154762,13.0799521242622%
519.176188468699,5856.80053571429,13.1280136879764%
519.382040405239,5871.68894345238,13.2183302277969%
519.587879594335,5878.61302827381,13.3639195068113%
519.7937060337,5917.68697172619,13.4811753295813%
519.999519721045,5965.96052083333,13.5411218006509%
520.205320654081,6004.48183779762,13.6640819495132%
520.41110883052,6018.36251488095,13.7693800523698%
520.616884248075,6042.80811011905,13.8760286690831%
520.822646904455,6057.8915625,13.9526305848476%
521.028396797374,6065.62833333333,14.0802222855514%
521.234133924543,6085.26282738095,14.1872854099216%
521.439858283672,6180.34709077381,14.309327120715%
521.645569872474,6194.94293154762,14.3250546492833%
521.851268688661,6190.74947172619,14.4505729129599%
522.056954729944,6243.99665922619,14.5930936276255%
522.262627994034,6227.25532738095,14.667300143422%
522.468288478643,6215.06503720238,14.7129082348672%
522.673936181484,6231.8388764881,14.7931414748675%
522.879571100266,6255.82936755953,14.9349968267287%
523.085193232703,6248.22262648809,15.0306198045378%
523.290802576505,6235.44720238095,15.075871778827%
523.496399129384,6266.94691220238,15.1795154282871%
523.701982889052,6289.9946875,15.3005425661336%
523.907553853221,6369.57290178571,15.395783046997%
524.113112019601,6379.48767113095,15.4316335632045%
524.318657385905,6391.54793154762,15.5118851202512%
524.524189949844,6422.33247767857,15.6415363234812%
524.72970970913,6430.36181547619,15.7720265974872%
524.935216661474,6456.07520089286,15.8277736573139%
525.140710804588,6454.83991815476,15.9001093228704%
525.346192136184,6493.62129464286,16.0253100999958%
525.551660653973,6568.94103422619,16.1561084174549%
525.757116355666,6526.16124255952,16.164025180326%
525.962559238976,6531.94756696429,16.2616904887948%
526.167989301614,6560.16402529762,16.3600242773261%
526.373406541291,6536.92120535714,16.4197728870974%
526.578810955719,6535.88096726191,16.4849509816875%
526.78420254261,6553.59752232143,16.5953249132449%
526.989581299676,6557.66095238095,16.6978447524906%
527.194947224627,6584.64212797619,16.7723807395704%
527.400300315176,6595.62964285714,16.8012248219807%
527.605640569034,6611.03816964286,16.869330516104%
527.810967983912,6637.14164434524,16.99192197381%
528.016282557523,6663.40765625,17.0931675712062%
528.221584287578,6614.74401785714,17.1416303747776%
528.426873171788,6631.84293154762,17.1946889640539%
528.632149207866,6643.18802827381,17.30124395349%
528.837412393522,6638.44194196428,17.3482526486683%
529.042662726468,6658.46652529762,17.3627533746878%
529.247900204417,6677.02827380952,17.3792645877711%
529.453124825078,6684.47247767857,17.4271181889356%
529.658336586165,6692.63184523809,17.4829998327852%
529.863535485388,6629.07979910714,17.4774574001884%
530.06872152046,6631.1927827381,17.5946768722275%
530.273894689092,6682.74958333333,17.7192955022856%
530.479054988995,6672.05463541667,17.7416276245011%
530.684202417881,6688.89348958333,17.7456790679857%
530.889336973461,6686.84552083333,17.7687945496109%
531.094458653448,6693.21697916667,17.8068653807612%
531.299567455553,6739.37754464286,17.8674162502633%
531.504663377487,6721.36842261905,17.8353958303865%
531.709746416963,6751.11273065476,17.8985845682959%
531.914816571691,6808.16328869048,17.9639016778021%
532.119873839383,6786.51333333333,17.9594996817095%
532.324918217751,6772.27507440476,17.9625706032659%
532.529949704506,6774.42056547619,17.9850892277909%
532.734968297361,6821.06874255952,18.1244181880211%
532.939973994026,6839.20789434524,18.1610384095801%
533.144966792213,6830.43088541667,18.1658346032349%
533.349946689634,6851.17063244048,18.2022118953396%
533.554913684001,6839.98807291667,18.3145768174927%
533.759867773024,6870.77261904762,18.4050995319855%
533.964808954416,6844.47409970238,18.3958918682997%
534.169737225888,6872.56052827381,18.4212990789947%
534.374652585152,6887.70899553571,18.4375063782886%
534.57955502992,6836.73732886905,18.42482505605%
534.784444557903,6836.54228422619,18.4321537777567%
534.989321166812,6843.36884672619,18.491404589417%
535.194184854359,6882.96290922619,18.5515466535733%
535.399035618256,6895.99839285714,18.568662105824%
535.603873456214,6885.17341517857,18.5323177219679%
535.808698365946,6906.46578869048,18.5708479561257%
536.013510345162,6931.72406994047,18.5995841015668%
536.218309391574,6947.84776041667,18.6524853717543%
536.423095502894,6966.37700148809,18.6831203824716%
536.627868676833,6970.99305803571,18.6711659180033%
536.832628911103,7002.46026041667,18.7159868933788%
537.037376203416,6944.72704613095,18.6344970058577%
537.242110551483,6934.51970982143,18.6271278046528%
537.446831953016,6951.68363839286,18.6315312861828%
537.651540405726,6980.45272321429,18.6763100163283%
537.856235907325,7005.48345238095,18.6984787435518%
538.060918455524,7005.09336309524,18.6472833930816%
538.265588048036,7036.85313244048,18.6885409229032%
538.470244682572,7058.40556547619,18.7359665153178%
538.674888356842,7085.32172619048,18.7497826724091%
538.87951906856,7096.86186755952,18.7573716851197%
539.084136815436,7127.54889136905,18.7850166362563%
539.288741595183,7119.32450892857,18.8049206241933%
539.49333340551,7114.54591517857,18.8342816477278%
539.697912244132,7115.58615327381,18.8420610818952%
539.902478108758,7091.23808035714,18.8940054298881%
540.107030997101,7083.53381696429,18.9555490969756%
540.311570906872,7072.64382440476,18.9615427495885%
540.516097835782,7060.71359375,18.9307429805969%
540.720611781544,7043.32211309524,18.9440826299059%
540.925112741869,7051.31894345238,18.9978424710072%
541.129600714468,7077.61746279762,19.0497524514556%
541.334075697054,7106.06147321429,19.0890839100994%
541.538537687337,7136.19587053571,19.1168806710902%
541.742986683029,7174.35960565476,19.1673546714851%
541.947422681843,7187.75267113095,19.2053280394065%
542.151845681488,7181.80380952381,19.2215714193256%
542.356255679678,7197.99251488095,19.2249199594666%
542.560652674124,7210.70292410714,19.2629785997401%
542.765036662536,7231.28013392857,19.3041949866563%
542.969407642628,7213.56357886905,19.3383089222527%
543.17376561211,7228.71204613095,19.3578629307836%
543.378110568694,7259.85417410714,19.408682742964%
543.582442510092,7301.07360863095,19.4332822270564%
543.786761434015,7292.55665922619,19.4004553909307%
543.991067338175,7304.74694940476,19.4243913370576%
544.195360220283,7335.9540922619,19.4929807169582%
544.399640078052,7346.32396577381,19.5044245527562%
544.603906909192,7334.52376488095,19.5105379170428%
544.808160711415,7333.51603422619,19.5027014280684%
545.012401482433,7404.25222470238,19.5537006635255%
545.216629219958,7413.38681547619,19.5809146255132%
545.4208439217,7398.10831845238,19.5342332965191%
545.625045585373,7411.89147321429,19.561790993605%
545.829234208686,7390.33904017857,19.5737682037488%
546.033409789352,7350.8425,19.5632143874869%
546.237572325083,7326.98203869048,19.5572760654349%
546.44172181359,7326.42941220238,19.5313030287245%
546.645858252584,7358.31921130952,19.6073887711864%
546.849981639777,7341.54537202381,19.5899252262889%
547.054091972882,7333.38600446429,19.515382752319%
547.258189249608,7368.75409970238,19.4706804325771%
547.462273467669,7393.42724702381,19.5138821359449%
547.666344624775,7375.2880952381,19.5138298388776%
547.870402718639,7371.22466517857,19.4864431117493%
548.074447746971,7393.32972470238,19.4711613576567%
548.278479707484,7413.15926339286,19.492693126936%
548.482498597888,7410.07105654762,19.4612477549391%
548.686504415897,7434.90674107143,19.4351489519408%
548.89049715922,7449.56759672619,19.406431056264%
549.09447682557,7471.99773065476,19.4669077948732%
549.298443412659,7450.08771577381,19.4552794713162%
549.502396918197,7453.04589285714,19.382316174933%
549.706337339897,7454.50872767857,19.382304305011%
549.910264675471,7496.83341517857,19.4056552280785%
550.114178922629,7541.59616071429,19.4118936678061%
550.318080079083,7555.47683779762,19.3875835432358%
550.521968142545,7556.58209077381,19.330833244705%
550.725843110727,7585.31866815476,19.3761312435014%
550.92970498134,7577.93947916667,19.366572255403%
551.133553752096,7568.02470982143,19.3383828674689%
551.337389420706,7545.43203869048,19.3317829362105%
551.541211984882,7553.94898809524,19.3901618802805%
551.745021442336,7559.80032738095,19.3729340031445%
551.948817790778,7556.71212053571,19.3090038199696%
552.152601027922,7562.10835565476,19.2826704002081%
552.356371151477,7570.17020089286,19.320011856705%
552.560128159157,7560.15790922619,19.2967242347998%
552.763872048672,7546.79735119048,19.2432109417636%
552.967602817734,7547.67505208333,19.1920114609167%
553.171320464056,7566.75691964286,19.1998613794267%
553.375024985347,7567.89468005952,19.1692660007107%
553.57871637932,7535.0296577381,19.111518371471%
553.782394643687,7534.24947916667,19.118357872216%
553.986059776159,7545.20448660714,19.1206424910895%
554.189711774447,7532.16900297619,19.0988985093926%
554.393350636264,7511.62430059524,19.0323704600886%
554.596976359321,7523.26196428572,18.9916242453834%
554.800588941329,7498.06869791667,18.9934409839126%
555.00418838,7508.53609375,18.9658905683301%
555.207774673046,7481.74996279762,18.8756111625002%
555.411347818178,7495.565625,18.8461232687874%
555.614907813108,7530.44610863095,18.8680885635184%
555.818454655548,7529.08079613095,18.8306566874243%
556.021988343208,7510.16146577381,18.7725097439439%
556.225508873802,7509.15373511905,18.7726402932614%
556.429016245039,7506.42311011905,18.7748859688688%
556.632510454633,7516.72796875,18.7459452687718%
556.835991500294,7503.98505208333,18.6843587153749%
557.039459379734,7509.3487797619,18.6285877591604%
557.242914090664,7496.86592261905,18.6424268022624%
557.446355630797,7476.90635416667,18.6177065393925%
557.649783997844,7436.01199404762,18.5439440120076%
557.853199189516,7442.4484672619,18.471265749343%
558.056601203525,7446.80446428571,18.4339844439075%
558.259990037583,7419.79078125,18.3758467620058%
558.463365689401,7376.45836309524,18.3013589128697%
558.66672815669,7363.45538690476,18.2695110169504%
558.870077437164,7384.71525297619,18.2740681496637%
559.073413528532,7423.3340922619,18.2433630148723%
559.276736428507,7394.01238095238,18.1290931618385%
559.4800461348,7368.52654761905,18.0556476288548%
559.683342645123,7381.78958333333,18.0326349243717%
559.886625957187,7341.25280505952,17.9590733397876%
560.089896068704,7306.27479910714,17.8485076697451%
560.293152977386,7302.01632440476,17.7676039706208%
560.496396680944,7316.7096875,17.7414982334848%
560.69962717709,7294.34456845238,17.6877935989932%
560.902844463536,7265.44545386905,17.5903184422674%
561.106048537992,7250.29698660714,17.5326469019241%
561.309239398171,7243.27537946428,17.5020445119458%
561.512417041784,7221.49539434524,17.43686656792%
561.715581466543,7215.18895089286,17.333245846183%
561.918732670159,7216.58677083333,17.2399831049098%
562.121870650344,7236.54633928571,17.2364637138946%
562.32499540481,7261.05694940476,17.1918308970694%
562.528106931268,7243.24287202381,17.1019601637124%
562.73120522743,7244.80322916667,16.9868653773667%
562.934290291007,7245.74594494048,16.928789896218%
563.137362119711,7186.67992559524,16.8227248968742%
563.340420711253,7130.27951636905,16.7236506793246%
563.543466063346,7116.88645089286,16.645829870571%
563.746498173701,7152.57962053571,16.6197952100116%
563.949517040028,7159.73125744048,16.5469983785946%
564.152522660041,7151.05177083333,16.4557875354271%
564.355515031451,7131.48229166667,16.3979079938341%
564.558494151968,7110.05988839286,16.3391328903463%
564.761460019305,7053.72449404762,16.223077022704%
564.964412631174,7032.30209077381,16.139905533723%
565.167351985285,7020.11180059524,16.040184863012%
565.370278079351,6969.66025297619,15.9456991748066%
565.573190911083,6953.99166666667,15.8735006703518%
565.776090478193,6943.65430059524,15.7630829991946%
565.978976778392,6917.77837797619,15.6802836018349%
566.181849809392,6914.62515625,15.6395709232194%
566.384709568905,6905.29552083333,15.5783013604566%
566.587556054641,6842.97875744048,15.4703738117361%
566.790389264314,6830.07330357143,15.4049694463772%
566.993209195633,6832.41383928571,15.3825282537108%
567.196015846312,6811.73910714286,15.3281474898397%
567.398809214061,6816.06259672619,15.2402366055028%
567.601589296592,6823.66933779762,15.1650713446963%
567.804356091617,6803.9048139881,15.1160574055949%
568.007109596847,6748.80470238095,15.0524664785659%
568.209849809994,6710.41341517857,14.9192175423065%
568.412576728769,6691.29904017857,14.8471640471346%
568.615290350885,6672.18466517857,14.8084126835815%
568.817990674052,6682.91212053571,14.7642362402216%
569.020677695982,6677.8734672619,14.703613817888%
569.223351414388,6678.58863095238,14.6412161170507%
569.426011826979,6653.1678125,14.5972721778199%
569.628658931469,6722.60370535714,14.5911039672106%
569.831292725569,6712.94899553571,14.5232580542184%
570.03391320699,6708.5929985119,14.4599846127063%
570.236520373443,6712.16881696429,14.443977001823%
570.439114222641,6689.15354910714,14.3779870146233%
570.641694752295,6642.79793898809,14.2785814285574%
570.844261960117,6624.62627976191,14.2528423904458%
571.046815843818,6648.64927827381,14.2476742336066%
571.24935640111,6618.77494047619,14.1990380954904%
571.451883629704,6600.83083333333,14.1056885660491%
571.654397527312,6564.68255952381,14.0640577918136%
571.856898091646,6555.12537202381,14.0365199009818%
572.059385320417,6588.96561755952,14.0364331521679%
572.261859211337,6592.31388392857,13.960496549732%
572.464319762118,6568.35590029762,13.9337756798233%
572.66676697047,6563.47978422619,13.9174435491589%
572.869200834106,6569.59118303571,13.8752163977564%
573.071621350737,6550.93191220238,13.8053146349736%
573.274028518075,6551.12695684524,13.7685390957322%
573.476422333831,6543.09761904762,13.7245305660857%
573.678802795718,6554.08513392857,13.7299932429912%
573.881169901446,6512.15053571429,13.6509817898497%
574.083523648727,6510.00504464286,13.6232632583421%
574.285864035273,6532.92279017857,13.6406045131461%
574.488191058795,6533.24786458333,13.5958252830194%
574.690504717005,6535.78344494048,13.5482004477355%
574.892805007615,6519.00960565476,13.5192220633704%
575.095091928336,6572.84192708333,13.5061519031527%
575.29736547688,6584.64212797619,13.4506965809206%
575.499625650958,6579.73350446429,13.3805350566173%
575.701872448282,6580.70872767857,13.3448566783958%
575.904105866564,6607.78742559524,13.3503202164458%
576.106325903515,6596.08474702381,13.3046593412009%
576.308532556847,6541.99236607143,13.2332367377025%
576.51072582427,6534.97075892857,13.2156676285414%
576.712905703498,6547.29107886905,13.2078098638843%
576.915072192242,6524.76342261905,13.13870005833%
577.117225288213,6513.02823660714,13.0730851292839%
577.319364989122,6515.1412202381,13.0252260931806%
577.521491292682,6530.61476190476,13.0009186679858%
577.723604196603,6535.52338541667,12.9762979760604%
577.925703698598,6518.39196428571,12.8753641744565%
578.127789796379,6506.26668898809,12.8390814716498%
578.329862487656,6510.13507440476,12.8235699657319%
578.531921770141,6482.01613839286,12.785288834263%
578.733967641546,6491.31326636905,12.7251036448437%
578.936000099583,6461.60146577381,12.7027001501658%
579.138019141963,6503.95866071429,12.6545343786347%
579.340024766397,6473.88927827381,12.6016621304021%
579.542016970598,6435.82306547619,12.5164658504981%
579.743995752277,6420.70710565476,12.4708042718384%
579.945961109145,6456.6928422619,12.4896369095051%
580.147913038915,6427.63119047619,12.4479130355505%
580.349851539297,6414.10809523809,12.4100105141204%
580.551776608003,6416.25358630952,12.3392518023739%
580.753688242746,6402.0803422619,12.3106863643355%
580.955586441235,6384.68886160714,12.2891682165074%
581.157471201184,6402.76299851191,12.2351352036764%
581.359342520303,6400.84505952381,12.2268233110775%
581.561200396305,6391.90551339286,12.2558757582697%
581.763044826901,6367.10233630952,12.2186704764793%
581.964875809802,6353.41670386905,12.157780142381%
582.16669334272,6353.25416666667,12.1253545221566%
582.368497423367,6372.33603422619,12.1311006078407%
582.570288049454,6395.70888392857,12.1195347014016%
582.772065218693,6361.64108630952,12.0885140526114%
582.973828928795,6339.92611607143,12.0811364387182%
583.175579177473,6390.44267857143,12.0701141525103%
583.377315962437,6345.9725,12.0897555777415%
583.5790392814,6329.75128720238,12.0475101197504%
583.780749132072,6324.97269345238,12.0499515595712%
583.982445512165,6341.35644345238,12.073599229647%
584.184128419392,6315.64305803572,12.0371793406657%
584.385797851463,6318.17863839286,12.0089987097824%
584.587453806091,6337.32552083333,11.9894532545123%
584.789096280986,6337.16298363095,12.0169859161936%
584.990725273861,6384.81889136905,12.0209780979353%
585.192340782427,6368.56517113095,11.9623466365816%
585.393942804395,6372.92116815476,11.9918402270545%
585.595531337478,6403.05556547619,11.9927095831982%
585.797106379386,6432.27975446428,11.9710013239205%
585.998667927832,6427.3386235119,11.9142725956642%
586.200215980527,6420.47955357143,11.9111233554598%
586.401750535182,6443.85240327381,11.9569946093919%
586.60327158951,6468.20047619048,11.9393014057759%
586.804779141221,6436.37569196429,11.8620920423949%
587.006273188028,6467.45280505952,11.8179110276501%
587.207753727642,6449.6062202381,11.7993183939155%
587.409220757774,6401.52771577381,11.7791438031371%
587.610674276137,6403.96577380952,11.7435562317096%
587.812114280441,6384.65635416667,11.7153132034945%
588.013540768399,6389.36993303571,11.7215588167023%
588.214953737721,6373.21373511905,11.7109119839209%
588.416353186121,6355.04207589286,11.691131092647%
588.617739111308,6359.46308779762,11.6546819988058%
588.819111510995,6354.74950892857,11.6827278513156%
589.020470382894,6361.96616071429,11.6875579421516%
589.221815724715,6321.49439732143,11.6186545308004%
589.423147534171,6330.20639136905,11.6164796812933%
589.624465808973,6342.20163690476,11.6180727569553%
589.825770546834,6355.33464285714,11.6118423157396%
590.027061745463,6324.81015625,11.580393144839%
590.228339402573,6319.4789360119,11.5985823302149%
590.429603515876,6349.09321428571,11.5972262093867%
590.630854083083,6310.40936011905,11.574288875406%
590.832091101905,6270.45771577381,11.5175797990553%
591.033314570055,6264.28130208333,11.5004266151931%
591.234524485244,6250.27059523809,11.5044202805547%
591.435720845183,6259.24264880952,11.4972216792785%
591.636903647585,6244.19170386905,11.4708015499473%
591.83807289016,6246.4347172619,11.4487791087576%
592.039228570621,6266.49180803571,11.4626331547392%
592.240370686678,6268.57228422619,11.4647561903003%
592.441499236044,6280.40499255952,11.4427778929642%
592.64261421643,6278.5195610119,11.4271434413195%
592.843715625548,6292.14017857143,11.4485310053881%
593.044803461109,6289.66961309524,11.4171587312981%
593.245877720825,6278.77962053572,11.3841378763488%
593.446938402407,6287.19904761905,11.3947674213881%
593.647985503568,6296.65871279762,11.408923142226%
593.849019022018,6290.67734375,11.3875211334429%
594.05003895547,6253.16375744048,11.3268381052267%
594.251045301634,6247.01985119048,11.3089028867179%
594.452038058223,6278.03194940476,11.3200124781226%
594.653017222948,6307.97130208333,11.3339853019069%
594.85398279352,6317.59350446429,11.3004574095975%
595.054934767652,6316.29320684524,11.3232960279734%
595.255873143055,6327.83334821429,11.3561846498331%
595.45679791744,6315.3829985119,11.3514801937817%
595.657709088519,6324.09499255952,11.3286449814799%
595.858606654004,6312.29479166667,11.3162512111995%
596.059490611606,6337.9106547619,11.3415015323156%
596.260360959037,6308.2963764881,11.3115571003227%
596.461217694009,6297.76396577381,11.2351529171797%
596.662060814232,6268.11718005952,11.2002893251689%
596.862890317419,6275.75642857143,11.2127001003607%
597.063706201281,6263.27357142857,11.2103529481905%
597.264508463531,6250.75820684524,11.1939594265379%
597.465297101878,6245.10191220238,11.1707221466919%
597.666072114036,6219.74610863095,11.1655876024946%
597.866833497715,6237.5601860119,11.1640409002415%
598.067581250628,6230.31102678571,11.1266752620413%
598.268315370485,6221.98912202381,11.1234311539233%
598.469035854999,6229.3683110119,11.129192211717%
598.66974270188,6211.58674107143,11.1039412167558%
598.870435908842,6149.56254464286,11.0299132205266%
599.071115473594,6158.14450892857,11.0152009155363%
599.271781393849,6156.7466889881,11.0066314371568%
599.472433667319,6172.12270833333,11.00426058918%
599.673072291715,6189.02657738095,10.9672708614957%
599.873697264748,6180.67216517857,10.9554067924212%
600.07430858413,6228.91320684524,10.9580998263237%
600.274906247574,6218.83590029762,10.9231125087971%
600.475490252789,6230.89616071429,10.9145445340647%
600.676060597489,6226.18258184524,10.9270371603811%
600.876617279384,6243.60656994048,10.9036892569535%
601.077160296186,6225.69497023809,10.8515157840453%
601.277689645608,6203.13480654762,10.8045331062527%
601.478205325359,6209.05116071429,10.7554120830637%
601.678707333153,6217.56811011905,10.7476738572678%
601.8791956667,6240.81093005952,10.7531066352393%
602.079670323712,6203.58991071428,10.7075837535384%
602.280131301901,6203.1673139881,10.7050772896682%
602.480578598978,6204.30507440476,10.7002880541253%
602.681012212655,6158.95719494048,10.6462587526163%
602.881432140644,6133.69891369048,10.6181460500013%
603.081838380656,6153.26839285714,10.6117178240278%
603.282230930403,6170.75739583333,10.6310959587276%
603.482609787596,6162.2079389881,10.6120832520959%
603.682974949946,6128.10763392857,10.551865255142%
603.883326415167,6097.58314732143,10.5340255278145%
604.083664180968,6079.8665922619,10.5246703323439%
604.283988245063,6075.18552083333,10.5188651709443%
604.484298605161,6047.0990922619,10.4573534061337%
604.684595258976,6055.25845982143,10.423016903175%
604.884878204218,6069.17164434524,10.4124997115769%
605.085147438599,6072.58492559524,10.4370955431326%
605.285402959831,6089.45628720238,10.4137099493689%
605.485644765625,6102.65430803572,10.3973019859034%
605.685872853693,6112.17898809524,10.423129887226%
605.886087221747,6084.35261904762,10.3843346114575%
606.086287867497,6072.25985119048,10.3239981365194%
606.286474788657,6060.55717261905,10.3115973487062%
606.486647982936,6047.06658482143,10.294031987962%
606.686807448048,6052.91792410714,10.2747838158594%
606.886953181703,6081.29691964286,10.2552527407451%
607.087085181613,6102.00415922619,10.2181091383033%
607.287203445489,6074.53537202381,10.2055899196499%
607.487307971045,6095.40514880952,10.1764506812644%
607.687398755989,6114.55203125,10.1040349646786%
607.887475798036,6105.25490327381,10.0924889014532%
608.087539094895,6108.73319940476,10.0744244633563%
608.287588644279,6138.86759672619,10.0755349532747%
608.4876244439,6103.95460565476,10.0424678155579%
608.687646491468,6093.87729910714,10.0454527258899%
608.887654784695,6072.12982142857,10.0489740928869%
609.087649321294,6022.58848214286,10.0280701498895%
609.287630098975,6016.8021577381,9.95875159523379%
609.487597115451,5997.42772321428,9.92743278610516%
609.687550368432,5994.66459077381,9.92659913366096%
609.887489855631,5995.02217261905,9.87726546683303%
610.087415574759,6011.92604166667,9.84016366075603%
610.287327523527,6002.66142113095,9.79989800626533%
610.487225699648,6018.59006696429,9.78808278448969%
610.687110100833,6013.45389136905,9.76964486816046%
610.886980724793,5975.35517113095,9.72887671605076%
611.08683756924,5984.68480654762,9.70941580089467%
611.286680631885,5975.74526041667,9.71594890183556%
611.486509910441,6033.96608630952,9.71212328941638%
611.686325402619,5966.87072916667,9.66447330930219%
611.886127106129,5947.30125,9.65959944600623%
612.085915018686,5994.33951636905,9.659650552895%
612.285689137998,6043.6858110119,9.64889201965593%
612.485449461779,5999.63822916667,9.57996997968359%
612.68519598774,5999.93079613095,9.53607560428908%
612.884928713592,6020.8980952381,9.52117464587846%
613.084647637046,6019.04517113095,9.49614231693243%
613.284352755816,6064.75063244048,9.47038727816912%
613.484044067612,6045.66876488095,9.45028765001655%
613.683721570145,6046.18888392857,9.45718967388877%
613.883385261128,6046.31891369048,9.44177901280131%
614.083035138272,6019.5327827381,9.41286630329075%
614.282671199288,6012.38114583333,9.41399061575666%
614.482293441889,6003.31156994048,9.42242399222982%
614.681901863785,5985.10740327381,9.40362864400077%
614.881496462689,5976.23287202381,9.38457675761846%
615.081077236311,5981.95418154762,9.37482365173875%
615.280644182365,5992.12901041667,9.39303272493444%
615.48019729856,6003.99422619048,9.36979472492181%
615.679736582609,5929.32463541667,9.34150296488216%
615.879262032223,5947.23623511905,9.3283167075882%
616.078773645115,5926.26893601191,9.34963623113957%
616.278271418995,5888.82036458333,9.3451809845675%
616.477755351575,5845.55296130952,9.29775297645663%
616.677225440567,5843.86257440476,9.31190196267616%
616.876681683682,5843.21242559524,9.31166955757754%
617.076124078632,5859.23859375,9.31791426363042%
617.275552623128,5863.33453125,9.27229754057745%
617.474967314883,5821.30241071429,9.24121371605542%
617.674368151607,5842.36723214286,9.27128354370009%
617.873755131013,5836.19081845238,9.26731903434412%
618.073128250811,5824.35811011905,9.21230248948505%
618.272487508714,5832.615,9.17560924193095%
618.471832902434,5846.36564732143,9.18292726218509%
618.67116442968,5870.84375,9.20156236881222%
618.870482088167,5884.13929315476,9.1600816319778%
619.069785875604,5876.07744791667,9.15146167538983%
619.269075789703,5886.38230654762,9.161176966521%
619.468351828177,5895.22433035714,9.1425543015106%
619.667613988736,5859.92125,9.11896321401766%
619.866862269093,5885.11451636905,9.12036294696334%
620.066096666958,5871.98151041667,9.10937638082894%
620.265317180044,5883.22908482143,9.08830774883069%
620.464523806062,5878.64553571429,9.04408094847962%
620.663716542724,5898.0199702381,9.0553627841939%
620.86289538774,5905.13909970238,9.04274594330032%
621.062060338824,5903.35119047619,9.03391199173446%
621.261211393686,5863.13948660714,8.99149310372394%
621.460348550039,5851.76188244048,9.01208812519466%
621.659471805593,5858.0033110119,9.04099354365784%
621.85858115806,5853.41976190476,9.02234269446506%
622.057676605152,5840.31926339286,8.98881286743377%
622.25675814458,5831.86732886905,8.9852399607652%
622.455825774057,5844.74027529762,9.02827812968652%
622.654879491293,5826.60112351191,9.01833328444458%
622.853919294,5814.67089285714,8.96783224003388%
623.052945179891,5805.69883928571,8.97714173810973%
623.251957146675,5819.28694940476,8.98260273908332%
623.450955192066,5819.25444196428,8.95924324793075%
623.649939313774,5792.98843005952,8.93602314928713%
623.848909509512,5793.5735639881,8.94333503111626%
624.04786577699,5795.91409970238,8.94976858791785%
624.246808113921,5825.43085565476,8.96175375319109%
624.445736518015,5836.38586309524,8.94114451052509%
624.644650986986,5815.87366815476,8.94982729348399%
624.843551518543,5825.2358110119,8.98080666096293%
625.0424381104,5871.62392857143,8.99461980417773%
625.241310760266,5876.63007440476,8.99520152876624%
625.440169465855,5903.12363839286,8.9955634822276%
625.639014224877,5916.48419642857,9.00767377114381%
625.837845035045,5924.57854910714,8.98622497377049%
626.036661894069,5898.50758184524,8.96668464292942%
626.235464799662,5904.65148809524,8.98282880269499%
626.434253749534,5933.58311011905,8.99902150239714%
626.633028741398,5948.01641369048,8.99928334017258%
626.831789772966,5951.00709821429,8.97517110479467%
627.030536841948,5956.8584375,8.96159599599693%
627.229269946056,5936.99639136905,8.96400427079853%
627.427989083003,5963.48995535714,8.95495049851484%
627.626694250499,5956.66339285714,8.93881074019642%
627.825385446256,5934.07072172619,8.94015550328555%
628.024062667986,5938.49173363095,8.92460253602655%
628.2227259134,5923.99341517857,8.90626001153328%
628.42137518021,5905.7892485119,8.87399366992024%
628.620010466128,5866.71530505952,8.87354250064623%
628.818631768865,5933.22552827381,8.89608046284763%
629.017239086133,5881.24613095238,8.86008493804177%
629.215832415643,5856.21540178571,8.81019042489959%
629.414411755106,5836.87347470238,8.7963000640606%
629.612977102236,5829.03918154762,8.81418324599416%
629.811528454742,5814.63838541667,8.79409456828155%
630.010065810338,5827.21876488095,8.77156893167325%
630.208589166733,5840.87188988095,8.76166582457853%
630.407098521641,5897.85743303571,8.7686736079674%
630.605593872772,5869.41342261905,8.76907525419165%
630.804075217838,5828.29151041667,8.74253316371202%
631.00254255455,5828.5190625,8.74096188507763%
631.200995880621,5815.80865327381,8.7785454292537%
631.399435193763,5832.09488095238,8.77815505131422%
631.597860491685,5802.77316964286,8.7316938060543%
631.796271772101,5786.48694196429,8.73553711349283%
631.994669032721,5802.35057291667,8.74477060079504%
632.193052271257,5822.27763392857,8.74253049733402%
632.391421485422,5809.37218005952,8.72321284880173%
632.589776672926,5796.75929315476,8.7250715136585%
632.788117831481,5828.55156994048,8.73338387374926%
632.986444958798,5789.77019345238,8.70656089283112%
633.18475805259,5813.14304315476,8.68733929631013%
633.383057110568,5791.16801339286,8.68677757154174%
633.581342130443,5835.15058035714,8.68560911290668%
633.779613109928,5794.48377232143,8.64528133975163%
633.977870046733,5819.48199404762,8.62030107775434%
634.17611293857,5808.29943452381,8.62768240095528%
634.374341783151,5814.44334077381,8.62403894876201%
634.572556578188,5797.40944196429,8.60359762466745%
634.770757321391,5803.52084077381,8.57185716840812%
634.968944010473,5789.80270089286,8.55981694377807%
635.167116643146,5807.81182291667,8.57404706872403%
635.36527521712,5796.23917410714,8.54994327248577%
635.563419730108,5796.07663690476,8.50794302141423%
635.76155017982,5785.57673363095,8.50101183314664%
635.95966656397,5826.17852678571,8.49923439143624%
636.157768880267,5824.19557291667,8.45619107407173%
636.355857126425,5807.84433035714,8.42513403151368%
636.553931300154,5814.89844494048,8.41005580164529%
636.751991399166,5813.04552083333,8.39343319628533%
636.950037421172,5815.58110119048,8.38551192108781%
637.148069363885,5790.06276041667,8.31071375216907%
637.346087225015,5777.83996279762,8.2988824121157%
637.544091002275,5766.13728422619,8.30321552563419%
637.742080693376,5725.21041666667,8.29142901753323%
637.940056296029,5733.95491815476,8.27793847295059%
638.138017807947,5708.98920386905,8.27609157151873%
638.33596522684,5691.79276785714,8.2609279596665%
638.533898550421,5670.82546875,8.24741439488573%
638.731817776401,5622.74696428571,8.18919058523735%
638.929722902491,5621.51168154762,8.16239404518443%
639.127613926404,5619.91881696428,8.14778274261918%
639.32549084585,5569.69482142857,8.10964926874099%
639.523353658542,5579.31702380952,8.05392449194917%
639.721202362191,5572.36043154762,8.0237232093517%
639.919036954508,5565.98897321429,8.02636147676526%
640.116857433205,5560.56023065476,8.00756446991404%
640.314663795995,5539.46290178571,7.97673376229599%
640.512456040587,5545.99689732143,7.95850803033427%
640.710234164694,5546.87459821429,7.94824780309702%
640.907998166028,5530.45834077381,7.94524123530059%
641.105748042301,5517.87796130952,7.8900886813641%
641.303483791222,5494.24505208333,7.90604480218%
641.501205410505,5517.68291666667,7.91544195075497%
641.698912897862,5556.62683035714,7.88681586061193%
641.896606251002,5565.1437797619,7.84147317854283%
642.094285467639,5557.01691964286,7.80358349038867%
642.291950545484,5595.050625,7.76968764678521%
642.489601482248,5613.96995535714,7.7603599033982%
642.687238275643,5621.57669642857,7.72196186978724%
642.88486092338,5617.83834077381,7.71552836744157%
643.082469423171,5621.08908482143,7.73003264169463%
643.280063772728,5663.83636904762,7.71493713526701%
643.477643969763,5684.05599702381,7.66424898369462%
643.675210011986,5657.855,7.66110305369208%
643.87276189711,5666.63200892857,7.68974635867389%
644.070299622846,5686.29901041667,7.68229448662549%
644.267823186906,5657.13983630952,7.64268080534894%
644.465332587,5638.51307291667,7.63827689308803%
644.662827820842,5614.91267113095,7.63100012643535%
644.860308886143,5607.85855654762,7.6157393693862%
645.057775780613,5614.23001488095,7.56778922548567%
645.255228501965,5591.14973214286,7.55569626884539%
645.45266704791,5590.27203125,7.54495406162593%
645.650091416161,5583.18540922619,7.5228499640409%
645.847501604427,5540.82821428571,7.52086380354702%
646.044897610422,5529.25556547619,7.51888766150216%
646.242279431856,5566.73664434524,7.54875095227807%
646.439647066442,5537.54496279762,7.56219210912567%
646.637000511891,5520.67360119048,7.53536644434489%
646.834339765914,5545.96438988095,7.53863028022937%
647.031664826223,5590.04447916667,7.55307562047908%
647.228975690529,5597.74874255952,7.53214211477453%
647.426272356545,5563.19333333333,7.51895082503862%
647.623554821982,5572.3929389881,7.54635334737894%
647.820823084551,5579.86965029762,7.55977220982586%
648.018077141964,5560.20264880952,7.52529503777642%
648.215316991933,5526.58995535714,7.49900623516451%
648.412542632169,5516.05754464286,7.4900817306273%
648.609754060384,5533.93663690476,7.49719194596725%
648.80695127429,5545.18421130952,7.52030535807139%
649.004134271597,5530.06825148809,7.49526586106835%
649.201303050018,5512.51423363095,7.50205183450465%
649.398457607264,5550.77549107143,7.51467781431629%
649.595597941047,5573.56320684524,7.52180310887883%
649.792724049079,5558.7398139881,7.49568366052812%
649.98983592907,5558.67479910714,7.47043592759227%
650.186933578733,5600.25181547619,7.47895446459931%
650.384016995779,5612.7996875,7.46989672076532%
650.58108617792,5595.24566964286,7.44630601465519%
650.778141122868,5591.14973214286,7.43825521066336%
650.975181828333,5535.43197916667,7.41704486778814%
651.172208292028,5498.82860119048,7.3998224902981%
651.369220511664,5473.5378125,7.37087639716967%
651.566218484953,5471.22978422619,7.34508190603705%
651.763202209607,5478.25139136905,7.33775098085121%
651.960171683336,5459.81967261905,7.3295570178414%
652.157126903853,5468.27160714286,7.30577499488383%
652.354067868869,5479.16159970238,7.3015862249835%
652.550994576095,5490.24663690476,7.29577216517211%
652.747907023245,5511.99411458333,7.29401297732074%
652.944805208028,5518.95070684524,7.23278709987619%
653.141689128157,5534.65180059524,7.21227927291761%
653.338558781342,5563.48590029762,7.2340070490979%
653.535414165297,5526.52494047619,7.22269807280514%
653.732255277732,5505.39510416667,7.20685800822095%
653.929082116359,5487.80857886905,7.19871420156265%
654.125894678889,5519.63336309524,7.20556789788434%
654.322692963035,5482.57488095238,7.17548328682338%
654.519476966507,5428.31996279762,7.15311303830782%
654.716246687017,5403.45177083333,7.12584153288452%
654.913002122278,5421.36337053571,7.12061591488423%
655.10974327,5454.84603422619,7.12700514157613%
655.306470127895,5444.34613095238,7.11744452515511%
655.503182693675,5441.58299851191,7.10960914524772%
655.699880965051,5464.69578869048,7.13692143516577%
655.896564939735,5447.79191964286,7.1259716774031%
656.093234615439,5477.66625744048,7.102206625384%
656.289889989874,5471.6198735119,7.08986624271806%
656.486531060751,5494.66764880952,7.09278744333152%
656.683157825783,5496.6180952381,7.09613685864369%
656.87977028268,5472.0424702381,7.06346860399642%
657.076368429156,5434.33383928571,7.07912973589699%
657.27295226292,5423.96396577381,7.09909188904838%
657.469521781685,5404.68705357143,7.06724302798693%
657.666076983162,5398.73819196428,7.03587682354276%
657.862617865063,5411.31857142857,6.9925252277777%
658.059144425099,5388.66088541667,6.98409630104979%
658.255656660983,5348.87177827381,6.9635121495033%
658.452154570425,5328.97722470238,6.94896887863726%
658.648638151138,5344.90587053571,6.90504427044729%
658.845107400832,5379.52629464286,6.92454358639023%
659.04156231722,5369.28645089286,6.91661294416529%
659.238002898013,5342.53282738095,6.89617616412762%
659.434429140922,5331.48029761905,6.872469021838%
659.63084104366,5343.15046875,6.88865643364775%
659.827238603938,5297.67255952381,6.8531336796698%
660.023621819467,5278.298125,6.81741527394152%
660.219990687959,5261.914375,6.78364984837312%
660.416345207126,5275.73003720238,6.81047676026199%
660.612685374679,5230.47968005952,6.7803538968639%
660.80901118833,5202.06817708333,6.76332234006587%
661.00532264579,5195.53418154762,6.72551967482331%
661.201619744771,5220.92249255952,6.71736715454139%
661.397902482985,5279.59842261905,6.69898091565489%
661.594170858143,5274.29970982143,6.67881505146843%
661.790424867957,5263.83231398809,6.6690218551805%
661.986664510139,5251.31694940476,6.66040049130987%
662.182889782399,5285.51477678571,6.65933280469963%
662.37910068245,5286.09991071429,6.62954262661883%
662.575297208003,5297.70506696428,6.62379959177755%
662.77147935677,5282.91418154762,6.64722902044298%
662.967647126463,5252.77978422619,6.62493816486695%
663.163800514792,5229.17938244048,6.61627182912986%
663.35993951947,5238.08642113095,6.57856336063912%
663.556064138208,5255.02279761905,6.58348227459758%
663.752174368718,5257.07076636905,6.58039439178269%
663.948270208712,5256.03052827381,6.570733314632%
664.1443516559,5262.98712053571,6.56843145723228%
664.340418707995,5231.55242559524,6.5822641118868%
664.536471362708,5227.7815625,6.56881440259535%
664.732509617751,5253.59247023809,6.54705546611541%
664.928533470835,5282.19901785714,6.54263821116056%
665.124542919672,5313.60120535714,6.58027263368767%
665.320537961974,5321.01290178572,6.57378933722898%
665.516518595452,5255.93300595238,6.55971622126207%
665.712484817818,5250.92686011905,6.55064619978538%
665.908436626782,5284.05194196429,6.57879834330827%
666.104374020059,5288.63549107143,6.60352430732883%
666.300296995357,5282.78415178571,6.55975316375559%
666.49620555039,5295.03945684524,6.58116136312395%
666.692099682868,5281.12627232143,6.57158023084593%
666.887979390504,5301.21587053571,6.57756961817295%
667.083844671008,5319.48505208333,6.5928444451349%
667.279695522094,5328.35958333333,6.59205939587859%
667.475531941471,5375.49537202381,6.61324955685896%
667.671353926852,5380.50151785714,6.60923265097203%
667.867161475948,5359.30666666667,6.57043680260317%
668.062954586471,5378.06345982143,6.56048162028546%
668.258733256133,5375.17029761905,6.55495716007184%
668.454497482645,5417.0073735119,6.57566907338824%
668.650247263719,5375.59289434524,6.56670371046128%
668.845982597066,5363.07752976191,6.57378839047333%
669.041703480397,5347.86404761905,6.58361829421221%
669.237409911426,5310.70804315476,6.58619596423999%
669.433101887862,5296.14470982143,6.57793437860705%
669.628779407418,5307.94491071429,6.55606828036956%
669.824442467806,5318.99744047619,6.58118639466592%
670.020091066736,5318.37979910714,6.57415081907869%
670.215725201921,5319.51755952381,6.56797821043609%
670.411344871071,5328.13203125,6.59411053875736%
670.6069500719,5348.57921130952,6.61365311904575%
670.802540802118,5372.11459821429,6.6362652787357%
670.998117059436,5355.3082514881,6.61439401120254%
671.193678841567,5361.97227678571,6.57751428672217%
671.389226146223,5363.40260416667,6.58807862038402%
671.584758971114,5318.44481398809,6.59585307116204%
671.780277313952,5313.79625,6.5779842404413%
671.975781172449,5318.54233630952,6.56350247283515%
672.171270544316,5304.72667410714,6.57625206193121%
672.366745427266,5328.78218005952,6.60744844852456%
672.562205819009,5305.86443452381,6.57948535400234%
672.757651717257,5314.64144345238,6.59270597044509%
672.953083119722,5326.70170386905,6.61694588267422%
673.148500024116,5311.71577380952,6.62163620704466%
673.343902428149,5320.94788690476,6.61604979185498%
673.539290329535,5335.25116071429,6.63565151083348%
673.734663725983,5321.69555803572,6.66415745521938%
673.930022615206,5297.70506696429,6.64441737557397%
674.125366994916,5281.54886904762,6.60966454412237%
674.320696862824,5272.15421875,6.60813115475601%
674.516012216641,5294.61686011905,6.6448062426507%
674.71131305408,5281.80892857143,6.64158719825462%
674.906599372851,5282.23152529762,6.61468207520731%
675.101871170667,5272.80436755952,6.61312608324125%
675.297128445239,5278.39564732143,6.65231032108505%
675.492371194278,5309.47276041667,6.66193200528643%
675.687599415497,5318.86741071429,6.65875146901167%
675.882813106606,5305.4743452381,6.66876566017369%
676.078012265318,5299.75303571429,6.71329239135325%
676.273196889344,5320.78534970238,6.72363484785327%
676.468366976395,5281.09376488095,6.7058286356532%
676.663522524184,5294.32429315476,6.68803543074227%
676.858663530421,5307.71735863095,6.68588978477208%
677.053789992819,5283.40179315476,6.68109931079002%
677.248901909089,5295.13697916667,6.67584648131487%
677.443999276942,5299.16790178571,6.65875890583217%
677.63908209409,5295.03945684524,6.66973255434908%
677.834150358245,5334.8285639881,6.68270903079761%
678.029204067119,5365.28803571429,6.6933361706702%
678.224243218422,5361.80973958333,6.72628129960192%
678.419267809867,5387.19805059524,6.75430847649198%
678.614277839165,5393.24443452381,6.76314024346734%
678.809273304028,5374.74770089286,6.7500200351081%
679.004254202168,5351.56989583333,6.77282655366177%
679.199220531295,5342.37029017857,6.80033169135131%
679.394172289121,5335.60874255952,6.80664036760119%
679.589109473359,5294.09674107143,6.79226345456322%
679.78403208172,5284.24698660714,6.81291717145534%
679.978940111915,5295.72211309524,6.8423457964665%
680.173833561656,5295.59208333333,6.85286438875166%
680.368712428654,5290.06581845238,6.86883513257555%
680.563576710622,5323.12588541667,6.88230081985482%
680.75842640527,5325.49892857143,6.94750575746493%
680.95326151031,5368.40875,6.9686376732062%
681.148082023455,5402.96415922619,6.98380922277245%
681.342887942415,5422.04602678571,7.00438473738222%
681.537679264902,5447.75941220238,7.06337936982747%
681.732455988627,5449.64484375,7.08483150627532%
681.927218111303,5408.45791666667,7.09809155240801%
682.121965630641,5409.33561755952,7.12077529993067%
682.316698544353,5440.08765625,7.16084685903628%
682.511416850149,5447.20678571429,7.17832521814588%
682.706120545742,5411.18854166667,7.19252027820116%
682.900809628844,5418.21014880952,7.23937854016725%
683.095484097165,5492.84723214286,7.28271875906536%
683.290143948418,5523.66428571429,7.32627101491927%
683.484789180314,5523.43673363095,7.35191946423277%
683.679419790564,5550.38540178571,7.38564815878465%
683.874035776881,5559.35745535714,7.44247874749729%
684.068637136976,5579.34953125,7.48247175579864%
684.26322386856,5593.45776041667,7.5119803417458%
684.457795969345,5621.25162202381,7.55770674904164%
684.652353437043,5628.46827380952,7.63029565988897%
684.846896269365,5647.42011160714,7.69323180827316%
685.041424464023,5637.53784970238,7.73478491130559%
685.235938018728,5642.7065327381,7.79974340075888%
685.430436931193,5670.50039434524,7.86777494331684%
685.624921199128,5677.48949404762,7.93953037175902%
685.819390820245,5703.52795386905,7.97262141746884%
686.013845792256,5734.73509672619,8.04262710118049%
686.208286112873,5755.18227678571,8.12758389978446%
686.402711779806,5751.54144345238,8.19572798605057%
686.597122790768,5764.12182291667,8.2591615336513%
686.791519143471,5781.05819940476,8.33419598501928%
686.985900835625,5823.02530505952,8.43053089150116%
687.180267864943,5804.98367559524,8.52891960554468%
687.374620229135,5857.87328125,8.62454406400753%
687.568957925914,5891.45346726191,8.71249032350786%
687.763280952992,5924.57854910714,8.84466610272271%
687.957589308079,5967.52087797619,8.95409624047709%
688.151882988888,5969.9589360119,9.05211583521701%
688.346161993129,6026.39185267857,9.1511268223208%
688.540426318516,6073.07253720238,9.30126814707809%
688.734675962758,6086.563125,9.4142823588771%
688.928910923568,6124.791875,9.5170805039746%
689.123131198658,6168.57939732143,9.64020595692126%
689.317336785738,6236.64997767857,9.81701909365979%
689.511527682521,6258.29993303571,9.9608090405553%
689.705703886719,6299.38933779762,10.0569482641156%
689.899865396042,6332.05931547619,10.2483716098297%
690.094012208202,6404.16081845238,10.4547613587081%
690.288144320911,6468.59056547619,10.6528768865387%
690.482261731881,6528.63180803571,10.83773184581%
690.676364438824,6598.42528273809,11.0492666906555%
690.870452439449,6700.46613839286,11.2408889236702%
691.064525731471,6752.31550595238,11.4277887926537%
691.258584312599,6805.10758928571,11.6062354139424%
691.452628180545,6842.91374255952,11.7885900458864%
691.646657333022,6915.66539434524,12.0157233969234%
691.840671767741,6982.14311011905,12.2070666999967%
692.034671482413,7008.79921130952,12.3886236661737%
692.228656474749,7106.19150297619,12.6168945839205%
692.422626742463,7186.54989583333,12.8934863683477%
692.616582283264,7249.38677827381,13.1031296037575%
692.810523094865,7345.18620535714,13.3517241979469%
693.004449174978,7428.21020833333,13.6153196821888%
693.198360521313,7516.85799851191,13.8967842188194%
693.392257131583,7554.95671875,14.129640976971%
693.586139003499,7620.75177827381,14.3887461347502%
693.780006134773,7694.38113095238,14.6710382989848%
693.973858523116,7771.32624255952,14.9353797413882%
694.16769616624,7857.08087053571,15.19089958159%
694.361519061856,7929.47494047619,15.3975750786258%
694.555327207677,8008.50052827381,15.6464705132382%
694.749120601413,8065.97368303571,15.9152697202183%
694.942899240777,8121.59391369048,16.2055568636685%
695.136663123479,8199.15666666667,16.4691751830551%
695.330412247232,8279.32001488095,16.7541356925976%
695.524146609747,8407.56186755952,17.079243282975%
695.717866208735,8483.53175595238,17.3748620735193%
695.91157104191,8547.66893601191,17.6695251134972%
696.10526110698,8662.68026041667,17.9981518174887%
696.29893640166,8744.59901041666,18.3151820013373%
696.492596923659,8835.26226190476,18.6238645417891%
696.68624267069,8904.66564732143,18.8978237458249%
696.879873640464,8966.49479910714,19.1947038233033%
697.073489830693,9037.52355654762,19.5170416310596%
697.267091239089,9106.34180803572,19.8355308866474%
697.460677863362,9216.83459821429,20.1175747178251%
697.654249701225,9324.14165922619,20.4221892795212%
697.84780675039,9421.40392113095,20.7619562339586%
698.041349008567,9520.64913690476,21.0733602898703%
698.234876473469,9587.15936011905,21.3683649585995%
698.428389142807,9676.16473214286,21.7334075060448%
698.621887014292,9782.65910714286,22.0923675297812%
698.815370085636,9864.61036458333,22.4151306432561%
699.008838354552,9957.97173363095,22.7056588175831%
699.20229181875,10052.3408333333,23.018129915347%
699.395730475942,10163.2562202381,23.3783647368121%
699.589154323839,10253.7244270833,23.6994543257119%
699.782563360154,10362.3968005952,24.0088855134084%
699.975957582597,10483.0644196429,24.320080638343%
700.169336988881,10591.0866443452,24.6596616151861%
700.362701576717,10686.7885491071,25.0024424594963%
700.556051343816,10752.9736979167,25.3129367692607%
700.749386287891,10853.9743154762,25.6382759196003%
700.942706406653,10982.2486755952,26.0023303239721%
701.136011697812,11089.2956770833,26.3179568497957%
701.329302159082,11184.1848958333,26.62276121165%
701.522577788174,11278.5214880952,26.9744412632643%
701.715838582798,11404.0977306548,27.3398402800376%
701.909084540668,11524.8628720238,27.6785959742024%
702.102315659493,11619.6545684524,28.0050337822229%
702.295531936987,11734.0807589286,28.3515228970734%
702.48873337086,11842.8506547619,28.6902065025927%
702.681919958825,11940.7305580357,28.9887796230825%
702.875091698592,12029.8984672619,29.2919273782949%
703.068248587873,12135.6776785714,29.6488042939193%
703.261390624381,12253.0295386905,30.0223831757712%
703.454517805826,12379.7435416667,30.3402982186269%
703.64763012992,12438.7770535714,30.659964818598%
703.840727594375,12546.7017559524,31.0120532026186%
704.033810196902,12636.1947395833,31.3640142700667%
704.226877935214,12739.5358928571,31.6787222974363%
704.41993080702,12860.2685267857,32.0005808127198%
704.612968810034,12937.3761755952,32.3211573841412%
704.805991941967,13124.3264657738,32.7050420676715%
704.99900020053,13256.1766443452,33.0465486811354%
705.191993583434,13360.2329613095,33.4009023880269%
705.384972088393,13474.3990922619,33.7593936951874%
705.577935713116,13569.7109077381,34.102946600098%
705.770884455316,13674.7749553571,34.4405677224889%
705.963818312705,13766.8035193452,34.7638127953235%
706.156737282993,13888.1863020833,35.1424421039638%
706.349641363893,13984.8634300595,35.5093623872433%
706.542530553116,14076.2743526786,35.8495600885226%
706.735404848374,14169.9282886905,36.2239607464182%
706.928264247378,14300.7382291667,36.5966326248965%
707.12110874784,14391.5965252976,36.9812537474286%
707.313938347471,14483.4300446429,37.3312200752158%
707.506753043984,14546.2019122024,37.6860724135493%
707.699552835089,14663.1311755952,38.0270955413309%
707.892337718498,14745.375,38.3875488856663%
708.085107691924,14874.1044642857,38.7696628965176%
708.277862753076,14967.0757440476,39.1070958668439%
708.470602899668,15057.1863690476,39.4446637540872%
708.663328129411,15165.8587425595,39.8313035474049%
708.856038440015,15182.6975967262,40.1988980600412%
709.048733829194,15251.3208035714,40.5323327782895%
709.241414294658,15341.1388616071,40.8715458106599%
709.434079834119,15462.7166889881,41.2652178153735%
709.626730445289,15578.89828125,41.6391076304624%
709.819366125879,15662.4098958333,42.0008292627765%
710.011986873601,15747.1567931548,42.352011734982%
710.204592686166,15808.205766369,42.6866039354429%
710.397183561287,15928.1257142857,43.0627449674117%
710.589759496673,16037.3832217262,43.3983568335739%
710.782320490039,16142.1872098214,43.7855345248082%
710.974866539094,16276.8005208333,44.1570383400632%
711.16739764155,16381.8320610119,44.4869458949006%
711.35991379512,16467.2291071429,44.8516080839385%
711.552414997514,16574.4386458333,45.2461886530534%
711.744901246444,16727.873764881,45.5771223058408%
711.937372539622,16817.4642708333,45.9649685679624%
712.12982887476,16893.6617113095,46.3063175529194%
712.322270249568,16984.0649032738,46.6745135017951%
712.514696661759,17076.1584821429,47.0443552972815%
712.707108109045,17212.559702381,47.4413464144277%
712.899504589136,17309.4643824405,47.7920743994954%
713.091886099744,17411.5702529762,48.1435651857328%
713.284252638582,17517.2844494048,48.5234141926545%
713.47660420336,17569.1013095238,48.8400679420704%
713.66894079179,17667.1762574405,49.1799047040103%
713.861262401584,17758.2295982143,49.5101244669495%
714.053569030454,17866.7069270833,49.9053588258904%
714.24586067611,17975.5418377976,50.2598194749889%
714.438137336265,18008.0817857143,50.550878764133%
714.630399008631,18096.0469196429,50.9443667464565%
714.822645690917,18213.333764881,51.2777306910979%
715.014877380838,18283.6148511905,51.6426022564384%
715.207094076103,18383.7702752976,51.9646805562262%
715.399295774425,18488.8018154762,52.3047906619891%
715.591482473515,18569.7453422619,52.6240208730593%
715.783654171084,18611.2898511905,53.0313521485192%
715.975810864845,18724.3507291667,53.3035174093658%
716.167952552509,18818.9148735119,53.6364618306525%
716.360079231788,18942.963266369,53.9878951665118%
716.552190900393,19029.9206696429,54.3727697138696%
716.744287556035,19072.0828199405,54.6522370331265%
716.936369196427,19173.8961235119,54.974877999806%
717.128435819279,19252.4015922619,55.33779250615%
717.320487422305,19352.2969568452,55.6615174027652%
717.512524003214,19449.2991592262,55.9857634185885%
717.704545559719,19516.7846056548,56.2819440309448%
717.896552089531,19594.1198065476,56.6143337751045%
718.088543590363,19664.4659077381,56.9492236200839%
718.280520059924,19768.3271800595,57.2534798543103%
718.472481495928,19898.5519866071,57.5853218999965%
718.664427896086,20005.8915550595,57.9023775579759%
718.856359258109,20043.3401264881,58.2156224138694%
719.048275579709,20113.10109375,58.550601521606%
719.240176858597,20192.7443229167,58.8959655953866%
719.432063092485,20277.4912202381,59.1844230511188%
719.623934279085,20364.5786532738,59.5106806808059%
719.815790416109,20434.0470535714,59.7944353175972%
720.007631501267,20494.8034598214,60.1299797376487%
720.199457532271,20581.1757291667,60.47118479902%
720.391268506834,20599.8024925595,60.7831532083235%
720.583064422667,20690.2706994048,61.0808911041352%
720.77484527748,20813.4738988095,61.3870176643847%
720.966611068987,20897.8632142857,61.7370929563048%
721.158361794898,20947.3720461309,61.9925478718727%
721.350097452925,21020.1236979167,62.2740034202416%
721.54181804078,21101.1972544643,62.5910675777139%
721.733523556174,21157.2075744048,62.9193123175101%
721.925213996819,21245.1727083333,63.2189007058953%
722.116889360426,21313.3733184524,63.4993413168855%
722.308549644707,21379.6884970238,63.798681598476%
722.500194847374,21468.5963467262,64.0805581934547%
722.691824966138,21529.7428422619,64.3600281472551%
722.883439998712,21612.5718005952,64.60394393839%
723.075039942805,21683.145453869,64.8323032644965%
723.266624796131,21733.0768824405,65.1265784288185%
723.4581945564,21792.0778869048,65.4329832634686%
723.649749221324,21844.8374627976,65.6424035510136%
723.841288788615,21929.031733631,65.903687591684%
724.032813255985,21985.4646502976,66.1497260379555%
724.224322621144,22045.6034151786,66.3798211731785%
724.415816881806,22156.8438764881,66.6535047831743%
724.60729603568,22183.9225744048,66.890406602978%
724.798760080479,22232.6187202381,67.1630101275751%
724.990209013915,22254.8863169643,67.3341332010475%
725.181642833698,22343.3715699405,67.5936384740654%
725.373061537542,22404.3555282738,67.8206447722713%
725.564465123156,22447.2328422619,68.0564200939024%
725.755853588253,22510.0047098214,68.308861158131%
725.947226930545,22555.3525892857,68.5521919869424%
726.138585147742,22596.4745014881,68.7982239213849%
726.329928237558,22629.6645982143,69.0609280873931%
726.521256197702,22641.6273363095,69.3048291117622%
726.712569025887,22677.4180282738,69.501994325855%
726.903866719824,22731.1853348214,69.7384802626833%
727.095149277226,22771.7546205357,69.9604222865156%
727.286416695803,22839.4026041667,70.1680143546244%
727.477668973267,22866.7088541667,70.3499848339905%
727.66890610733,22896.6482068452,70.5843744051088%
727.860128095703,22906.0753645833,70.8066771420822%
728.051334936098,22950.2854836309,71.0601675605649%
728.242526626227,22969.7899479167,71.2685359745632%
728.433703163801,22980.0622991071,71.4705292196706%
728.624864546532,23052.4563690476,71.6895170092457%
728.816010772131,23069.7503273809,71.9452449059492%
729.007141838309,23113.2777901786,72.1513119735899%
729.19825774278,23132.554702381,72.3126353450711%
729.389358483254,23151.3440029762,72.5501449548637%
729.580444057442,23207.0617559524,72.7426690442209%
729.771514463056,23263.2021056548,72.9027891274381%
729.962569697809,23285.9898214286,73.0485631675223%
730.153609759411,23348.6966741071,73.2084347293214%
730.344634645574,23383.02453125,73.3603612971532%
730.53564435401,23429.0225595238,73.5304068441425%
730.72663888243,23448.5920386905,73.7064880017703%
730.917618228546,23475.3456622024,73.9254681639065%
731.10858239007,23504.0497321429,74.0903171373622%
731.299531364712,23504.4398214286,74.2212400612546%
731.490465150186,23541.7908705357,74.347792560606%
731.681383744201,23594.0628348214,74.56885701394%
731.872287144471,23665.8717708333,74.7985347114589%
732.063175348706,23697.7615699405,74.9499152961779%
732.254048354618,23729.3262946429,75.1216557318325%
732.444906159919,23781.9233333333,75.2722339800888%
732.63574876232,23800.192514881,75.4282157320092%
732.826576159533,23821.6474255952,75.5372533403596%
733.017388349269,23852.2044196429,75.7066939655995%
733.208185329241,23875.0896577381,75.8814353319462%
733.398967097159,23927.4266369048,76.0502272732707%
733.589733650735,23936.2036458333,76.1690224462364%
733.780484987682,23925.0210863095,76.2916796957836%
733.971221105709,23979.3085119048,76.4928638387345%
734.16194200253,24004.24171875,76.6225024925583%
734.352647675855,24024.8839434524,76.7240903185836%
734.543338123397,24037.756889881,76.886903023156%
734.734013342867,24087.5582886905,77.0579442581676%
734.924673331976,24127.9000223214,77.1666056671739%
735.115318088435,24132.7111235119,77.2915714821302%
735.305947609958,24155.5638541667,77.4339454190092%
735.496561894255,24190.4768452381,77.6141322135387%
735.687160939038,24220.5462276786,77.7357076819888%
735.877744742018,24200.911733631,77.7767836632047%
736.068313300907,24217.7505877976,77.9038691639214%
736.258866613416,24237.4175892857,78.0541179090676%
736.449404677258,24262.9359300595,78.2160790323264%
736.639927490144,24275.191235119,78.2900579495573%
736.830435049785,24290.4372247024,78.3645918208979%
737.020927353893,24299.14921875,78.5142138773846%
737.21140440018,24349.6332738095,78.635673969776%
737.401866186357,24328.2108705357,78.7014813699149%
737.592312710136,24342.0265327381,78.7974422041181%
737.782743969228,24385.0663839286,78.9227470994745%
737.973159961345,24385.911577381,79.0129255690682%
738.163560684199,24360.2632068452,79.096474438584%
738.3539461355,24385.8790699405,79.2310494871917%
738.544316312962,24411.3323958333,79.3212236510753%
738.734671214295,24412.7302157738,79.3738631414444%
738.925010837211,24391.3403199405,79.4503974479338%
739.115335179422,24412.3401264881,79.5809170509503%
739.305644238638,24428.0737276786,79.693297752383%
739.495938012573,24440.1990029762,79.8086739377915%
739.686216498937,24427.553608631,79.8179547763917%
739.876479695442,24408.1141592262,79.8997635006801%
740.066727599799,24453.5270535714,80.0173630909245%
740.25696020972,24498.1597693452,80.112564831527%
740.447177522918,24476.8348883929,80.1333901299161%
740.637379537102,24479.2079315476,80.1969150306236%
740.827566249986,24513.6658184524,80.3036078329149%
741.01773765928,24532.1300446429,80.4113028281684%
741.207893762696,24499.1024851191,80.4849242483083%
741.398034557946,24494.5189360119,80.5411965824617%
741.588160042741,24487.4648214286,80.6412788544624%
741.778270214794,24510.6751339286,80.7698391122754%
741.968365071814,24488.92765625,80.8171771704916%
742.158444611515,24524.360766369,80.8953162247598%
742.348508831608,24505.2138839286,80.9779915969717%
742.538557729804,24488.2775074405,81.035106633456%
742.728591303814,24457.3954389881,81.1221273638755%
742.918609551352,24454.3722470238,81.1912576180314%
743.108612470127,24478.4602604167,81.2684609544213%
743.298600057852,24487.8874181548,81.3591479774909%
743.488572312238,24472.1213095238,81.3577071559341%
743.678529230998,24465.0346875,81.448194334929%
743.868470811841,24522.1827678571,81.587025695248%
744.058397052481,24505.4414360119,81.5914588580789%
744.248307950629,24463.3768080357,81.6080204835733%
744.438203503996,24453.0069345238,81.6214451701341%
744.628083710293,24467.700297619,81.7300829215638%
744.817948567234,24473.291577381,81.8139530218341%
745.007798072528,24440.3615401786,81.7263696568332%
745.197632223888,24449.3010863095,81.7656564845461%
745.387451019025,24437.793452381,81.8661746271394%
745.577254455651,24433.6325,81.9272259907894%
745.767042531478,24402.0027604167,81.9125021397428%
745.956815244216,24400.4424032738,81.9621242293014%
746.146572591578,24394.8186160714,82.0448047081031%
746.336314571276,24425.7006845238,82.1088754886216%
746.52604118102,24426.2858184524,82.1514480049247%
746.715752418523,24428.9514285714,82.1725377808188%
746.905448281496,24453.7871130952,82.2394306129087%
747.09512876765,24413.83546875,82.276112307072%
747.284793874698,24398.882046131,82.2555864415639%
747.47444360035,24389.4548883929,82.3249829482452%
747.664077942319,24373.8838244048,82.3370618580941%
747.853696898316,24332.9569568452,82.3920819383528%
748.043300466053,24287.8691369048,82.4269791733011%
748.23288864324,24250.680625,82.4394533116697%
748.422461427591,24266.0241369048,82.5719459115276%
748.612018816816,24251.4933110119,82.6422299562566%
748.801560808627,24196.8483035714,82.6206917713904%
748.991087400736,24197.0433482143,82.737166729421%
749.180598590854,24187.9737723214,82.7968640203526%
749.370094376692,24204.6500892857,82.8192103440314%
749.559574755963,24191.5495907738,82.8075578117636%
749.749039726378,24179.5868526786,82.8486993839017%
749.938489285649,24186.2833854167,82.9230314251916%
750.127923431487,24178.5791220238,82.9592015318728%
750.317342161604,24121.7236086309,82.97214420411%
750.50674547371,24085.1527380952,82.9491459877538%
750.69613336552,24068.5089285714,83.005433933618%
750.885505834742,24059.8944568452,83.0917643224535%
751.07486287909,24067.663735119,83.0946311417073%
751.264204496274,24024.786421131,83.1497677456815%
751.453530684007,24027.7771056548,83.2208887447291%
751.64284144,24025.1440029762,83.3076059500421%
751.832136761964,23994.4244717262,83.2901202204844%
752.021416647612,23988.6706547619,83.2997123781512%
752.210681094654,23989.7434002976,83.3620250393235%
752.399930100803,23963.5424032738,83.3663906026073%
752.589163663769,23936.4311979167,83.3256321497006%
752.778381781266,23928.3368452381,83.3356622808449%
752.967584451003,23922.4204910714,83.3593360041604%
753.156771670693,23904.5413988095,83.4261204435991%
753.345943438047,23880.4533854167,83.4297948952463%
753.535099750777,23872.8791517857,83.4516395484522%
753.724240606595,23844.9552604167,83.5220145612258%
753.913366003212,23817.1613988095,83.5427429638101%
754.10247593834,23762.5488988095,83.4864933895418%
754.29157040969,23734.8850669643,83.4758529429596%
754.480649414974,23731.17921875,83.5820797000522%
754.669712951903,23709.7243080357,83.593083201873%
754.85876101819,23641.6212202381,83.4993752768284%
755.047793611545,23614.8025818452,83.5002720171761%
755.23681072968,23647.9601711309,83.5623663238018%
755.425812370308,23647.3100223214,83.5678428615954%
755.614798531139,23627.3829613095,83.5183602624259%
755.803769209885,23638.7280580357,83.4869654895059%
755.992724404257,23622.9619494048,83.5560123329908%
756.181664111968,23610.0564955357,83.5926152256718%
756.370588330729,23582.2301264881,83.5805016957829%
756.559497058252,23566.3339880952,83.6465831719366%
756.748390292247,23582.3276488095,83.7207686809921%
756.937268030427,23564.5785863095,83.7330618230081%
757.126130270504,23536.7847247024,83.6702296539316%
757.314977010188,23507.8205952381,83.6841724149029%
757.503808247192,23533.4689657738,83.7667271672824%
757.692623979226,23506.9103869048,83.7641340750602%
757.881424204004,23471.9648883929,83.6785582192932%
758.070208919236,23456.6863913691,83.7225357912841%
758.258978122633,23483.2774776786,83.7686851096898%
758.447731811908,23487.9910565476,83.7793767575478%
758.636469984772,23474.9230654762,83.7770828468892%
758.825192638937,23462.0176116071,83.8150031339832%
759.013899772114,23450.2499181548,83.8800050322565%
759.202591382015,23388.9408854167,83.8584228492815%
759.391267466351,23347.8839880952,83.8280986176228%
759.579928022834,23360.3343377976,83.9106702178374%
759.768573049176,23344.4381994048,83.9807740446882%
759.957202543088,23349.3793303571,84.0374129093058%
760.145816502282,23331.9878497024,84.0056097235208%
760.334414924469,23301.6584077381,84.0174410273557%
760.522997807362,23290.8984449405,84.007118691756%
760.711565148671,23241.6171651786,84.0035736420639%
760.900116946108,23219.1545238095,83.978909887702%
761.088653197385,23205.0788020833,84.0276254906691%
761.277173900213,23200.3327157738,84.0368674470651%
761.465679052305,23124.7854241071,83.9944185101103%
761.654168651371,23107.5889880952,83.9614791627412%
761.842642695123,23081.2579613095,84.046250897203%
762.031101181273,23080.7378422619,84.0677105397883%
762.219544107532,23091.0101934524,84.1014375287375%
762.407971471613,23044.4595386905,84.1018129560027%
762.596383271226,23039.3233630952,84.1303911596399%
762.784779504083,23039.8434821429,84.2024573893565%
762.973160167896,23051.25359375,84.2392073405899%
763.161525260376,23030.3838169643,84.2565156206805%
763.349874779235,22995.7633928571,84.2765869543747%
763.538208722185,22949.9279017857,84.2871171968045%
763.726527086937,22937.5425669643,84.324607037755%
763.914829871203,22874.0880431548,84.2941904413387%
764.103117072694,22856.2739657738,84.3504404978325%
764.291388689122,22868.6593005952,84.4169262538938%
764.479644718198,22818.8904092262,84.4196578799776%
764.667885157635,22801.2063616071,84.4507130851869%
764.856110005144,22774.8753348214,84.5542270361513%
765.044319258436,22739.8973288691,84.5671882307203%
765.232512915222,22736.5490625,84.6396585117443%
765.420690973216,22721.1730431548,84.6502091920144%
765.608853430127,22715.4842410714,84.6805247864554%
765.797000283668,22729.9175446429,84.658364787351%
765.985131531551,22690.6160491071,84.6859395457714%
766.173247171486,22618.0269345238,84.639576322926%
766.361347201186,22583.2764806548,84.6453462493974%
766.549431618362,22565.137328869,84.6987289415062%
766.737500420726,22549.9888616071,84.7103743952915%
766.925553605989,22488.1922172619,84.696947188591%
767.113591171863,22473.2062872024,84.714620182468%
767.301613116059,22454.547016369,84.7593468046055%
767.48961943629,22434.067328869,84.736653529201%
767.677610130266,22377.7969494048,84.6452592193006%
767.8655851957,22371.0354017857,84.6277387362022%
768.053544630302,22354.0990252976,84.6346965611899%
768.241488431785,22315.6102157738,84.6398250134007%
768.42941659786,22294.7404389881,84.6125430904492%
768.617329126239,22257.0643154762,84.5623504663716%
768.805226014633,22269.7747247024,84.5557014600736%
768.993107260754,22295.0655133929,84.5927277466441%
769.180972862313,22228.6853199405,84.5518367062937%
769.368822817023,22225.2070238095,84.583073283307%
769.556657122594,22244.5489508929,84.6633429149274%
769.744475776738,22218.0878943452,84.7316916893594%
769.932278777167,22214.1870014881,84.7478754532294%
770.120066121593,22191.8218824405,84.765112330599%
770.307837807727,22199.3961160714,84.7860629174262%
770.49559383328,22149.1396130952,84.7490672447383%
770.683334195965,22107.5951041667,84.7124113355623%
770.871058893492,22080.0613020833,84.6869526181904%
771.058767923574,22090.9512946429,84.7365993796118%
771.246461283922,22081.7841964286,84.7522204576201%
771.434138972248,22056.688452381,84.8116683997043%
771.621800986262,22035.9487053571,84.9061168255111%
771.809447323678,22023.3358184524,84.9380462219938%
771.997077982206,22003.5062797619,84.9521669057089%
772.184692959558,21960.4989360119,84.9192544377121%
772.372292253446,21945.5455133929,84.9457137987001%
772.559875861581,21959.1986383929,85.0353312050012%
772.747443781675,21896.4917857143,84.9758153501614%
772.934996011439,21850.7538169643,84.9710475522021%
773.122532548585,21842.5619419643,84.9800280992203%
773.310053390825,21831.4443973214,85.0793655532303%
773.49755853587,21750.5008705357,85.0707450577111%
773.685047981431,21694.7831175595,85.0410835890144%
773.872521725221,21650.9305803571,84.9967251248125%
774.059979764952,21654.0512946429,85.05803361057%
774.247422098333,21673.1006547619,85.1062742463254%
774.434848723079,21653.2711160714,85.1859435078602%
774.622259636898,21637.9601116071,85.1323700031642%
774.809654837504,21618.358125,85.1611014004486%
774.997034322608,21589.2314583333,85.1174946559004%
775.184398089922,21542.8433407738,85.0494619621702%
775.371746137157,21505.1347098214,85.0682195633463%
775.559078462024,21482.6720684524,85.079226287522%
775.746395062236,21446.9138839286,85.1269675062272%
775.933695935504,21420.1277529762,85.1003432294006%
776.12098107954,21399.6480654762,85.1268987554043%
776.308250492054,21385.6698660714,85.2220089160943%
776.49550417076,21336.5836309524,85.192506738462%
776.682742113367,21310.1225744048,85.2345157692166%
776.869964317589,21281.5485342262,85.2325388690085%
777.057170781136,21286.4896651786,85.2856247619282%
777.24436150172,21257.8506101191,85.2088747366302%
777.431536477054,21231.9746875,85.1395084135725%
777.618695704847,21217.4113541667,85.0868113316821%
777.805839182812,21215.2658630952,85.1496267045104%
777.992966908661,21166.6997470238,85.1250698951804%
778.180078880105,21088.2918005952,85.0601709184975%
778.367175094856,21074.5086458333,85.0248438266456%
778.554255550625,21077.076733631,85.1292458578226%
778.741320245124,21070.3476934524,85.184943641917%
778.928369176064,21028.3480803571,85.2027454940691%
779.115402341158,21014.5649255952,85.1976665597329%
779.302419738116,21015.4101190476,85.2155730918378%
779.489421364651,21014.4999107143,85.2526778829193%
779.676407218473,20986.966108631,85.2039835068182%
779.863377297295,20948.6398363095,85.1911586015107%
780.050331598828,20944.641421131,85.2331581836719%
780.237270120784,20919.383139881,85.2390676049259%
780.424192860874,20896.9530059524,85.2649342839557%
780.61109981681,20879.6265401786,85.2437330406992%
780.797990986303,20862.2350595238,85.2736461318956%
780.984866367065,20832.3282142857,85.2713901039165%
781.171725956809,20780.1537723214,85.2437755640116%
781.358569753244,20781.6816220238,85.2730770267677%
781.545397754083,20766.4356324405,85.3639001630471%
781.732209957038,20738.8368154762,85.382603632754%
781.91900635982,20705.1591071429,85.3543239341922%
782.10578696014,20679.770796131,85.3617969493235%
782.292551755711,20625.5483854167,85.3560901808319%
782.479300744244,20570.5132886905,85.3610394604034%
782.66603392345,20502.9303199405,85.2592268192559%
782.852751291041,20460.6056324405,85.233690798224%
783.039452844728,20448.4803571429,85.35509583383%
783.226138582224,20420.0363467262,85.3642594657754%
783.41280850124,20373.4206770833,85.3188761694444%
783.599462599487,20350.7954985119,85.3225673239957%
783.786100874678,20332.1362276786,85.3684726155603%
783.972723324522,20304.7324553571,85.3809499061268%
784.159329946733,20265.2034077381,85.2438780439015%
784.345920739022,20249.7623735119,85.2486998613946%
784.532495699101,20224.1140029762,85.3440793552387%
784.71905482468,20201.8789136905,85.4173038268865%
784.905598113472,20148.3391592262,85.3906507376382%
785.092125563188,20127.0142782738,85.4591442884126%
785.27863717154,20108.4200223214,85.4888344652106%
785.465132936239,20088.3629315476,85.5359314893743%
785.651612854998,20052.8973139881,85.4788809400712%
785.838076925527,20003.4209895833,85.4920985272535%
786.024525145538,19982.8762872024,85.5370283777555%
786.210957512743,19971.173608631,85.5610789910328%
786.397374024853,19936.4556622024,85.5153736550549%
786.58377467958,19937.1708258929,85.5532728794736%
786.770159474636,19988.1424925595,85.6422420133457%
786.956528407732,19965.6798511905,85.6382408691167%
787.14288147658,19920.657046131,85.5615349796308%
787.329218678891,19904.143266369,85.5506974807412%
787.515540012378,19889.6124404762,85.6159104448476%
787.70184547475,19834.3822991071,85.5861065544059%
787.888135063721,19785.491108631,85.5493643348529%
788.074408777002,19747.88,85.6106854729547%
788.260666612304,19715.177514881,85.5984501668647%
788.446908567339,19701.7194345238,85.622362797524%
788.633134639818,19626.8547991071,85.4876927790828%
788.819344827454,19591.0641071429,85.4248305827544%
789.005539127957,19589.1461681548,85.4821216598205%
789.19171753904,19538.4345610119,85.4183717147504%
789.377880058414,19489.6408928571,85.3209057882766%
789.56402668379,19457.8486160714,85.3463723719906%
789.75015741288,19434.7358258929,85.3999707075841%
789.936272243396,19422.0254166667,85.4520512488676%
790.12237117305,19411.8505877976,85.3976200841678%
790.308454199552,19387.7625744048,85.4268184043328%
790.494521320615,19368.6156919643,85.4733693457626%
790.68057253395,19287.9647321429,85.4412491867274%
790.866607837268,19230.1665029762,85.3978742289781%
791.052627228282,19232.3770089286,85.4438417457926%
791.238630704703,19191.7752157738,85.5016501535148%
791.424618264243,19174.6112872024,85.5253132666031%
791.610589904612,19186.8340848214,85.4938142314567%
791.796545623523,19184.5910714286,85.4696809058786%
791.982485418688,19165.1191145833,85.4923602586566%
792.168409287817,19121.6241592262,85.5064422230351%
792.354317228623,19086.0285119048,85.4194940259904%
792.540209238817,19097.5036383929,85.4558543536101%
792.72608531611,19089.0191964286,85.545798188997%
792.911945458215,19062.2005580357,85.5059861395755%
793.097789662843,19044.8740922619,85.5228526087833%
793.283617927705,19041.3632886905,85.5582375250411%
793.469430250513,19066.1989732143,85.6488434438425%
793.655226628979,19085.0532886905,85.6261789723919%
793.841007060814,19078.3892633929,85.5335163313456%
794.02677154373,19068.2794494048,85.5753834281856%
794.212520075439,19072.7654761905,85.5994204617012%
794.398252653652,19083.1678571429,85.6528352066298%
794.58396927608,19067.3042261905,85.5332894008118%
794.769669940435,19067.9868824405,85.5324858682838%
794.955354644429,19057.3569494048,85.5281662390431%
795.141023385774,19104.0701413691,85.5306703609636%
795.326676162181,19090.417016369,85.4810999569618%
795.512312971361,19104.4927380952,85.4560457619178%
795.697933811027,19130.9212872024,85.4963685462656%
795.88353867889,19166.6794717262,85.5700520792415%
796.06912757266,19190.8325,85.5795204690608%
796.254700490051,19209.6868154762,85.6204957271513%
796.440257428774,19244.9898958333,85.6664252082579%
796.625798386539,19288.6473883929,85.6542308943769%
796.81132336106,19301.8454092262,85.58148833894%
796.996832350047,19321.7399627976,85.587886305556%
797.182325351212,19377.6527604167,85.6405112845625%
797.367802362267,19386.2672321429,85.6158228550809%
797.553263380922,19398.8801190476,85.5835807848143%
797.738708404891,19387.4375,85.6379788004979%
797.924137431884,19406.0317559524,85.6934630429772%
798.109550459613,19401.8382961309,85.7084220206684%
798.294947485789,19391.6634672619,85.6195184070787%
798.480328508125,19414.808764881,85.7043217600645%
798.665693524332,19459.5390029762,85.7294600411042%
798.85104253212,19457.2634821429,85.6849277185899%
799.036375529203,19438.019077381,85.6632473870972%
799.221692513292,19451.9972767857,85.6540478140801%
799.406993482097,19458.5637797619,85.8148721184514%
799.592278433332,19463.4724032738,85.8500860332201%
799.777547364706,19451.6396949405,85.7683694698064%
799.962800273933,19486.7802380952,85.7162093342425%
800.148037158723,19511.3883705357,85.7305874980363%
800.333258016788,19505.6995684524,85.7284920850044%
800.518462845841,19482.3592261905,85.6886109691587%
800.703651643591,19480.1487202381,85.7460274710477%
800.888824407752,19504.106703869,85.8558703223122%
801.073981136033,19474.5249330357,85.8288613085248%
801.259121826149,19438.8317633929,85.762157349282%
801.444246475808,19455.085483631,85.7844759816294%
801.629355082724,19468.8036235119,85.7710772369632%
801.814447644609,19484.3746875,85.7593252050589%
801.999524159172,19502.5138392857,85.7223590059907%
802.184584624127,19512.8186979167,85.7029429443912%
802.369629037184,19502.7413913691,85.685239161836%
802.554657396056,19514.346547619,85.7254511743531%
802.739669698454,19508.885297619,85.726537528932%
802.924665942089,19530.6327752976,85.7850303308934%
803.109646124673,19556.1511160714,85.8278515384059%
803.294610243918,19596.2002827381,85.8148487689211%
803.479558297535,19566.3909598214,85.77438814202%
803.664490283237,19579.9465625,85.7996294221571%
803.849406198733,19540.5800520833,85.8440913433515%
804.034306041737,19527.6095833333,85.833139269111%
804.21918980996,19522.668452381,85.8324431874069%
804.404057501112,19510.7057142857,85.8674376456374%
804.588909112907,19522.4409002976,85.8801518831647%
804.773744643055,19543.083125,85.8893501172073%
804.958564089268,19537.6868898809,85.8222840311309%
805.143367449258,19540.5150372024,85.8355921889694%
805.328154720736,19558.1015625,85.9439084849963%
805.512925901414,19581.3443824405,86.0000554028131%
805.697680989003,19566.8460639881,85.9643955983036%
805.882419981216,19547.6991815476,85.979427549195%
806.067142875763,19553.6480431548,86.0306440028729%
806.251849670356,19534.9237574405,86.018188540768%
806.436540362708,19491.1687425595,85.9842256928634%
806.621214950528,19504.2692410714,86.0476843809395%
806.80587343153,19502.7088839286,85.98304536651%
806.990515803424,19523.3836160714,86.0569681241499%
807.175142063923,19453.0050074405,86.0216288839927%
807.359752210737,19457.003422619,86.0301827898178%
807.544346241579,19472.086875,86.0667353437953%
807.72892415416,19526.9594345238,86.1286844373414%
807.913485946191,19502.4813318452,86.0952121615182%
808.098031615385,19491.266264881,86.1359967574896%
808.282561159453,19477.9707217262,86.1901346860241%
808.467074576106,19481.1239434524,86.2260706566974%
808.651571863056,19432.2327529762,86.163470273279%
808.836053018014,19404.50390625,86.1961196513818%
809.020518038693,19428.2343377976,86.2921387729329%
809.204966922804,19412.7282886905,86.2011566128118%
809.389399668058,19360.0987425595,86.1158106817927%
809.573816272167,19331.524702381,86.0837243911256%
809.758216732842,19335.6856547619,86.1324958591751%
809.942601047796,19328.7290625,86.1777958988562%
810.12696921474,19302.170483631,86.2053192069572%
810.311321231384,19307.0791071429,86.1747698521741%
810.495657095443,19318.2616666667,86.2052386596386%
810.679976804625,19297.391889881,86.25056415898%
810.864280356644,19219.9591666667,86.1313121328513%
811.04856774921,19218.5613467262,86.1435590580107%
811.232838980036,19197.6915699405,86.2065307709987%
811.417094046833,19163.5587574405,86.1664828970353%
811.601332947312,19108.9462574405,86.0130147698884%
811.785555679186,19114.1799553571,86.0151824838204%
811.969762240165,19066.9141369048,85.9818602548076%
812.153952627961,19063.8909449405,85.9739504057166%
812.338126840287,19012.4641741071,85.9667526002311%
812.522284874853,18976.543452381,85.9974553122581%
812.706426729371,18987.2709077381,86.0952363970294%
812.890552401553,18962.7277901786,86.0540407481796%
813.074661889111,18920.6306547619,86.1454034374978%
813.258755189755,18916.1771354167,86.1886032783127%
813.442832301198,18904.4419494048,86.3084278192331%
813.62689322115,18921.6708928571,86.3319476570208%
813.810937947325,18862.6373809524,86.2667209031087%
813.994966477433,18879.2486830357,86.2563435310401%
814.178978809186,18845.2459002976,86.3300323596545%
814.362974940295,18819.5000074405,86.3333773394846%
814.546954868473,18798.2076339286,86.3377175896314%
814.73091859143,18782.7665997024,86.3848904872415%
814.914866106879,18793.7216071429,86.4521209938652%
815.09879741253,18779.6133779762,86.4573450437867%
815.282712506096,18734.6230803571,86.4915431821584%
815.466611385288,18687.097202381,86.5480190011931%
815.650494047817,18641.29421875,86.5863876457334%
815.834360491397,18658.6531919643,86.6173862922974%
816.018210713736,18642.3669642857,86.5985921708813%
816.202044712549,18630.7618080357,86.5489305472227%
816.385862485545,18646.5604241071,86.6335994451495%
816.569664030437,18646.3978869048,86.663677742292%
816.753449344937,18568.0874627976,86.5931526601841%
816.937218426755,18537.7905282738,86.5326203446112%
817.120971273604,18500.9595982143,86.5666716719778%
817.304707883195,18476.5140029762,86.5105796827024%
817.488428253239,18433.6691964286,86.4451586534889%
817.672132381449,18418.065625,86.4748056821228%
817.855820265535,18419.6909970238,86.5449099786276%
818.03949190321,18395.7330133929,86.5042368530608%
818.223147292185,18351.3278497024,86.4693446088795%
818.406786430172,18314.3993973214,86.4069987991157%
818.590409314882,18292.8144568452,86.3899429496136%
818.774015944027,18252.7002752976,86.3199289230112%
818.957606315318,18219.477671131,86.2084758297326%
819.141180426467,18185.5399032738,86.2130660141552%
819.324738275186,18204.5892633929,86.294080888996%
819.508279859186,18188.8231547619,86.3148191088062%
819.691805176179,18145.8158110119,86.2930578637256%
819.875314223877,18110.6102529762,86.3272999795608%
820.05880699999,18098.4849776786,86.3976180090652%
820.242283502231,18067.5053869048,86.3620229858877%
820.425743728311,18009.9997247024,86.3388446108992%
820.609187675942,18006.8465029762,86.3576563006463%
820.792615342836,18013.933125,86.4284390718217%
820.976026726703,17981.1331175595,86.4315309022362%
821.159421825256,17960.3283556548,86.4096223883458%
821.342800636207,17926.5206175595,86.4053803873971%
821.526163157266,17902.5301264881,86.4252149041227%
821.709509386145,17870.1852232143,86.4092655175864%
821.892839320557,17858.5800669643,86.413044526619%
822.076152958212,17833.2892782738,86.4301465543399%
822.259450296822,17822.0417038691,86.4994526307631%
822.442731334099,17802.7647916667,86.5477799002935%
822.625996067754,17775.3285119048,86.5660841282933%
822.809244495499,17747.2745907738,86.6571695278259%
822.992476615046,17742.8535788691,86.6215891767177%
823.175692424106,17683.0398883929,86.6302154781871%
823.358891920391,17669.5818080357,86.6278261108053%
823.542075101612,17652.3203571429,86.6353321828316%
823.725241965481,17651.2151041667,86.6145415664261%
823.90839250971,17643.5433482143,86.6303265102032%
824.091526732009,17599.3007217262,86.568633058337%
824.274644630092,17571.3118154762,86.5116793234619%
824.457746201669,17586.9804017857,86.592038522513%
824.640831444452,17533.1480803571,86.5492365392417%
824.823900356152,17500.9332068452,86.5097972377081%
825.006952934482,17471.0263616071,86.5539978437792%
825.189989177152,17453.8299255952,86.648957866985%
825.373009081875,17447.2309151786,86.6830316047868%
825.556012646361,17396.811875,86.6361996680322%
825.738999868323,17368.4003720238,86.6061893276695%
825.921970745472,17380.4606324405,86.6086785886631%
826.10492527552,17368.5304017857,86.6476446167398%
826.287863456178,17358.9732142857,86.5702641194111%
826.470785285158,17305.7585342262,86.5668368281154%
826.653690760172,17301.1099702381,86.595196425547%
826.836579878931,17252.4138244048,86.6385662318367%
827.019452639146,17233.0718973214,86.6871781178822%
827.202309038529,17199.6867559524,86.6897477165571%
827.385149074793,17170.4625669643,86.6980008239423%
827.567972745648,17159.9951711309,86.7420522860668%
827.750780048806,17090.4617559524,86.6548839785305%
827.933570981979,17076.3535267857,86.6337340452871%
828.116345542878,17080.5144791667,86.6962414776502%
828.299103729215,17034.4839434524,86.64790001126%
828.481845538702,17016.9949404762,86.6897889238915%
828.664570969049,17026.8121875,86.6840081429541%
828.847280017969,17021.6435044643,86.6901755130373%
829.029972683174,17006.6900818452,86.6459793814433%
829.212648962374,16978.34359375,86.5769136218183%
829.395308853282,16951.654985119,86.6534998643985%
829.577952353609,16926.9168229167,86.7293237763602%
829.760579461066,16877.5705282738,86.757623396716%
829.943190173366,16821.6902380952,86.6872085276482%
830.12578448822,16791.1982589286,86.7270287137165%
830.308362403339,16795.1316592262,86.7799813116543%
830.490923916435,16755.2775372024,86.7845836892619%
830.673469025219,16762.2341294643,86.8291597293229%
830.855997727404,16739.8365029762,86.7858283466684%
831.038510020701,16763.7944866071,86.8378011430015%
831.221005902821,16739.2513690476,86.83739379638%
831.403485371477,16677.8123065476,86.8549999788611%
831.585948424378,16669.3603720238,86.8209768746362%
831.768395059239,16646.9952529762,86.8817632891211%
831.950825273768,16615.8206175595,86.8859073514859%
832.13323906568,16566.4093080357,86.9332794004939%
832.315636432684,16551.748452381,86.8571745194859%
832.498017372493,16496.8758928571,86.8881021826117%
832.680381882818,16456.0465476191,86.8387576779259%
832.862729961371,16406.1476264881,86.8390648143583%
833.045061605863,16380.1091666667,86.8585767089238%
833.227376814007,16360.2796279762,86.8580901657145%
833.409675583512,16316.8171800595,86.7995016000017%
833.591957912092,16293.5093452381,86.8015742329278%
833.774223797458,16264.0576041667,86.7779029563731%
833.956473237321,16244.9757366071,86.7766451939139%
834.138706229394,16196.6696800595,86.727625380992%
834.320922771387,16186.8524330357,86.6406422722287%
834.503122861012,16159.4486607143,86.6460779866789%
834.68530649598,16143.8450892857,86.6143837447643%
834.867473674004,16092.0607366071,86.5858145990964%
835.049624392795,16081.8859077381,86.580044096384%
835.231758650065,16058.9031473214,86.5509699837609%
835.413876443525,16037.8708333333,86.6765716936502%
835.595977770886,16016.9035342262,86.6811949434581%
835.778062629861,15968.0773586309,86.6164228038623%
835.960131018161,15970.74296875,86.586138195828%
836.142182933497,15966.1919270833,86.6525330347934%
836.324218373582,15983.648422619,86.6626206896552%
836.506237336126,15965.28171875,86.6452046556055%
836.688239818842,15964.8916294643,86.6416835077949%
836.87022581944,15937.227797619,86.6811975069695%
837.052195335633,15939.7633779762,86.7074764610173%
837.234148365132,15916.3255133929,86.6886624947368%
837.416084905649,15887.5564285714,86.6206865764921%
837.598004954895,15856.05671875,86.6771780334798%
837.779908510583,15806.3528422619,86.684154405835%
837.961795570422,15795.8529389881,86.715666686123%
838.143666132126,15773.4228050595,86.7022221822329%
838.325520193406,15716.859858631,86.6047852926598%
838.507357751972,15692.4142633929,86.5975960724564%
838.689178805538,15649.959546131,86.5532996186183%
838.870983351814,15621.8731175595,86.5574446301808%
839.052771388512,15617.12703125,86.5939017355481%
839.234542913344,15595.6071056548,86.5382516891123%
839.416297924021,15558.7436681548,86.5710468477835%
839.598036418256,15551.0394047619,86.6495920600794%
839.779758393758,15531.6974776786,86.6923224849362%
839.961463848241,15478.6778422619,86.6643585763515%
840.143152779415,15466.5525669643,86.725688117663%
840.324825184993,15445.09765625,86.7652951715943%
840.506481062685,15405.6986383929,86.7606192933704%
840.688120410204,15427.7386830357,86.8512326608328%
840.869743225261,15365.4869345238,86.822008780542%
841.051349505568,15363.0813839286,86.8886137351197%
841.232939248836,15372.2809895833,86.9391062853534%
841.414512452777,15370.3305431548,86.8663406967201%
841.596069115102,15366.0720684524,86.9031476433448%
841.777609233523,15348.908139881,86.827398563345%
841.959132805752,15331.0615550595,86.9268112623936%
842.1406398295,15381.6431324405,87.0484373281669%
842.322130302479,15338.3107142857,87.0862270758131%
842.503604222401,15304.9255729167,87.108683332432%
842.685061586976,15329.9563020833,87.1637796166098%
842.866502393917,15279.3747247024,87.1076431573061%
843.047926640935,15255.4817559524,87.1945548221584%
843.229334325743,15242.6413169643,87.1503005632154%
843.41072544605,15223.4294196429,87.0625106762579%
843.59209999957,15194.9203943452,87.0400859068566%
843.773457984013,15165.7287127976,87.0223974215234%
843.954799397091,15113.8468377976,86.9538376463802%
844.136124236516,15132.3435714286,87.0640111215681%
844.3174325,15115.1146279762,87.0541393658233%
844.498724185254,15067.9463318452,86.9599394154356%
844.679999289989,15079.1613988095,86.918253783525%
844.861257811917,15066.6460342262,86.9570760219852%
845.04249974875,14998.9005282738,86.9479581775357%
845.2237250982,14977.6406622024,86.9859670825642%
845.404933857977,14957.4210342262,86.9429148866648%
845.586126025795,14939.2168675595,87.0360621535401%
845.767301599363,14923.1581919643,87.0521635608251%
845.948460576394,14867.8305282738,86.9882962609403%
846.1296029546,14873.5518377976,86.9629221616431%
846.310728731691,14891.2683928571,87.054265647543%
846.49183790538,14842.8323065476,87.0692522130386%
846.672930473378,14851.869375,87.0854383339904%
846.854006433397,14829.6342857143,86.9730927415599%
847.035065783148,14811.2675818452,87.0242621985624%
847.216108520343,14820.1096056548,87.1482517688824%
847.397134642694,14813.3805654762,87.1242953998975%
847.578144147912,14836.8834449405,87.1628724134017%
847.759137033709,14822.7102008929,87.1766919058955%
847.940113297796,14774.1440848214,87.1230530905563%
848.121072937885,14764.0667782738,87.1449728729382%
848.302015951687,14733.3472470238,87.0815808682957%
848.482942336915,14740.3038392857,87.1746587695055%
848.663852091279,14720.3117633929,87.199342047876%
848.844745212492,14710.6570535714,87.1527127544026%
849.025621698264,14689.5272172619,87.2626487201058%
849.206481546309,14658.1575372024,87.3236397395526%
849.387324754336,14634.3945982143,87.2926135221011%
849.568151320058,14584.7882440476,87.182772099298%
849.748961241186,14578.2542485119,87.2083583353923%
849.929754515432,14537.1323363095,87.2704845102321%
850.110531140508,14499.8788095238,87.2426733878416%
850.291291114125,14473.3852455357,87.1425455172659%
850.472034433994,14464.3156696429,87.1434960258573%
850.652761097828,14457.8466889881,87.2671289917561%
850.833471103337,14399.1707589286,87.1601848778121%
851.014164448235,14377.2607440476,87.1306354477402%
851.194841130231,14361.2345758929,87.1678466878233%
851.375501147038,14309.6127604167,87.1593152798782%
851.556144496367,14291.9612202381,87.2143334876781%
851.73677117593,14273.1394122024,87.2122162123142%
851.917381183438,14260.7865848214,87.2253474221188%
852.097974516604,14253.8625,87.3754393781229%
852.278551173138,14194.6989583333,87.3567125221191%
852.459111150753,14174.9669419643,87.3100481600972%
852.639654447159,14170.8710044643,87.3690183075057%
852.820181060069,14161.2488020833,87.3325603512292%
853.000690987194,14182.248608631,87.3536849852413%
853.181184226245,14172.4638690476,87.3280994370599%
853.361660774935,14189.2377083333,87.4046630971239%
853.542120630975,14177.1124330357,87.4256254802057%
853.722563792076,14160.6636681548,87.3326502732241%
853.90299025595,14135.5029092262,87.2958252935772%
854.083400020309,14121.1021130952,87.4047934049832%
854.263793082864,14097.8592931548,87.4155677491246%
854.444169441326,14066.5871354167,87.3747701749977%
854.624529093409,14089.8299553571,87.4964555358568%
854.804872036822,14046.8551190476,87.4226070894958%
854.985198269278,14024.3924776786,87.4717496849259%
855.165507788488,14008.4638318452,87.4832498155149%
855.345800592164,13990.7472767857,87.3913971039228%
855.526076678017,13984.9934598214,87.3999866426234%
855.706336043759,13964.4487574405,87.4333210274848%
855.886578687102,13930.6735267857,87.3749544802177%
856.066804605757,13923.2618303571,87.283095832327%
856.247013797436,13885.975796131,87.2614290861571%
856.42720625985,13844.7563616071,87.3188054361063%
856.607381990712,13810.9161160714,87.3206729977345%
856.787540987732,13776.9133333333,87.3111087661767%
856.967683248622,13757.7664508929,87.3220710576156%
857.147808771093,13715.6368080357,87.3500907139885%
857.327917552859,13677.700625,87.3129795527034%
857.508009591629,13682.3816964286,87.3583669905032%
857.688084885116,13640.8371875,87.3954612830709%
857.868143431031,13599.3251860119,87.4190434930437%
858.048185227085,13574.8145758929,87.4772287021391%
858.228210270991,13547.6708630952,87.4476745466963%
858.40821856046,13525.2407291667,87.3505791995763%
858.588210093204,13533.6276488095,87.474422360111%
858.768184866934,13505.4762053571,87.4461356108693%
858.948142879361,13491.0429017857,87.470919741262%
859.128084128198,13469.8155431548,87.5541417950982%
859.308008611156,13423.06984375,87.552308555572%
859.487916325946,13387.0841071429,87.6305342314648%
859.667807270281,13380.6151264881,87.6547990874115%
859.847681441871,13334.8121428571,87.7190762950593%
860.027538838428,13310.8216517857,87.7147231048123%
860.207379457665,13334.6496056548,87.7565433563569%
860.387203297292,13329.6759672619,87.7683727777148%
860.567010355021,13288.8141145833,87.7290052522319%
860.746800628564,13284.5881473214,87.8508841712883%
860.926574115632,13275.2260044643,87.8625219861224%
861.106330813937,13260.5651488095,87.8740741797839%
861.286070721191,13253.0884375,87.8887252869784%
861.465793835104,13250.1302604167,87.8853401761883%
861.645500153389,13256.0141071429,87.8349794498169%
861.825189673758,13243.2711904762,87.7620890082155%
862.004862393922,13243.5637574405,87.7682329301083%
862.184518311592,13251.658110119,87.8704737505662%
862.36415742448,13172.9575967262,87.8359775812506%
862.543779730298,13154.038266369,87.8639241883225%
862.723385226757,13147.0491666667,87.7579188084231%
862.902973911569,13126.9920758929,87.7586658517419%
863.082545782446,13123.8713616071,87.8044654939107%
863.262100837098,13128.6824627976,87.6511349920067%
863.441639073238,13093.7044568452,87.5969014950726%
863.621160488578,13101.3762127976,87.7067050596463%
863.800665080828,13107,87.8040450020464%
863.980152847701,13043.6755059524,87.7296359462506%
864.159623786908,13019.9450744048,87.6357928528989%
864.33907789616,13001.253296131,87.67176884863%
864.51851517317,12972.7767782738,87.5947141274419%
864.697935615649,12923.7880654762,87.4650168514571%
864.877339221308,12905.9414806548,87.4982098529693%
865.056725987859,12867.0625818452,87.5871887824079%
865.236095913014,12824.4778348214,87.5326257177658%
865.415448994484,12767.71984375,87.5064745774962%
865.594785229981,12734.8223139881,87.5226628937914%
865.774104617216,12712.7822693452,87.5995463137996%
865.953407153901,12670.8801785714,87.5868881468508%
866.132692837748,12675.1061458333,87.518629929912%
866.311961666469,12654.333891369,87.4138586171781%
866.491213637774,12640.0956324405,87.6040694589303%
866.670448749375,12601.9644047619,87.6034421640651%
866.849666998984,12576.4460639881,87.5929730871811%
867.028868384313,12531.8458556548,87.7110371670985%
867.208052903074,12497.5830133929,87.78988329244%
867.387220552977,12489.6186904762,87.7341536868128%
867.566371331734,12455.7784449405,87.6726676161905%
867.745505237058,12464.3604092262,87.6143978911804%
867.924622266659,12445.3760639881,87.7181285062597%
868.103722418249,12422.4258110119,87.66141404605%
868.28280568954,12391.0236235119,87.6293312748235%
868.461872078243,12402.0111383929,87.6306375706012%
868.640921582071,12415.3066815476,87.6450795574898%
868.819954198734,12434.4210565476,87.754201068936%
868.998969925944,12428.0821056548,87.8087846711782%
869.177968761413,12425.5140178571,87.7668854887096%
869.356950702852,12418.1023214286,87.8184332956117%
869.535915747973,12415.1116369048,87.8442706562394%
869.714863894488,12388.3255059524,87.8420153526014%
869.893795140108,12362.6121205357,87.832765801233%
870.072709482545,12348.3088467262,87.9431230347905%
870.25160691951,12335.2408556548,87.9691422079632%
870.430487448715,12334.7857514881,87.9420173706188%
870.609351067871,12319.6047767857,87.9530431181409%
870.788197774691,12301.2705803571,87.9214405750055%
870.967027566885,12339.4018080357,88.0129579282649%
871.145840442166,12311.5104241071,88.0348444990623%
871.324636398245,12306.6668154762,88.0925229513553%
871.503415432833,12283.781577381,88.2833446250767%
871.682177543643,12291.2582886905,88.3149029188633%
871.860922728385,12297.2396577381,88.456755520332%
872.039650984771,12298.0848511905,88.5525751384405%
872.218362310514,12276.9225074405,88.7184640438402%
872.397056703323,12244.6426190476,88.7315011938888%
872.575734160912,12197.9294270833,88.5857228437738%
872.754394680992,12204.5284375,88.6323896280004%
872.933038261274,12167.3724330357,88.720174945492%
873.11166489947,12151.346264881,88.7469594286978%
873.290274593292,12104.5680580357,88.7101395482103%
873.46886734045,12088.6719196429,88.6945870579344%
873.647443138657,12077.9119568452,88.7733209867687%
873.826001985625,12097.286391369,88.8905211475431%
874.004543879064,12060.3254315476,88.7047627134697%
874.183068816687,12056.9771651786,88.7968351533381%
874.361576796205,12053.2388095238,88.8192171750229%
874.54006781533,12041.6986681548,88.7902396194395%
874.718541871772,12018.780922619,88.6629916050062%
874.896998963245,11990.8245238095,88.6737362284455%
875.07543908746,11987.0211532738,88.6795052203777%
875.253862242127,11987.7688244048,88.5237520973154%
875.432268424959,11958.4146056548,88.520611473157%
875.610657633667,11947.4921056548,88.4415371499771%
875.789029865963,11938.227485119,88.5030950302283%
875.967385119559,11907.9305505952,88.437344049589%
876.145723392165,11869.7668154762,88.4018865134012%
876.324044681495,11871.1971428571,88.406497648877%
876.502348985258,11850.977514881,88.4137513490747%
876.680636301168,11885.9880282738,88.5020021961692%
876.858906626934,11889.3362946429,88.4395478590415%
877.03715996027,11897.8532440476,88.3539943998212%
877.215396298886,11892.0669196429,88.427363131725%
877.393615640495,11914.1394717262,88.4628651964086%
877.571817982808,11880.8193452381,88.3532302678695%
877.750003323535,11889.206264881,88.476972678781%
877.92817166039,11872.6274702381,88.4484112253915%
878.106322991084,11892.9771279762,88.4422605067377%
878.284457313328,11902.5993303571,88.5233692692305%
878.462574624833,11901.2665252976,88.5250471427401%
878.640674923312,11915.6023065476,88.5844958595257%
878.818758206476,11903.412016369,88.5644314180617%
878.996824472037,11905.2324330357,88.5816487266999%
879.174873717706,11903.5745535714,88.5757591664261%
879.352905941194,11896.9105282738,88.6157762984786%
879.530921140214,11886.6056696429,88.5097260193144%
879.708919312477,11905.4274776786,88.4771209505998%
879.886900455695,11930.9133110119,88.386414877012%
880.064864567579,11909.0683110119,88.332264439878%
880.24281164584,11948.8899255952,88.34604049939%
880.420741688191,11949.0849702381,88.2208889833418%
880.598654692343,11959.6823958333,88.149883056982%
880.776550656007,11982.6976636905,88.2477425254323%
880.954429576896,11998.2362202381,88.2446824135331%
881.13229145272,11979.5444419643,88.184110476738%
881.310136281192,11984.3555431548,88.191352802647%
881.487964060023,11985.8183779762,88.1730326737229%
881.665774786924,12018.7159077381,88.1648450542571%
881.843568459607,12001.5519791667,88.1527992738149%
882.021345075784,12004.8677380952,88.0962011442887%
882.199104633167,11990.8895386905,88.1251060054536%
882.376847129466,12008.3135267857,88.1025377039139%
882.554572562394,12023.6570386905,88.0621281531634%
882.732280929662,12019.2360267857,88.1589320268166%
882.909972228982,12035.9448511905,88.1704891995951%
883.087646458065,12036.3999553571,88.1189117106569%
883.265303614623,12038.3178943452,88.0966704496308%
883.442943696368,12046.83484375,88.2277361055994%
883.620566701011,12059.8053125,88.3725013330559%
883.798172626263,12103.9179092262,88.5669700910273%
883.975761469837,12090.2322767857,88.5222740441453%
884.153333229443,12067.31453125,88.5955134683691%
884.330887902795,12068.5173065476,88.6774379988181%
884.508425487602,12050.4431696429,88.6339270050227%
884.685945981577,12040.2033258929,88.5534460473243%
884.863449382431,12064.3238467262,88.6219790064071%
885.040935687876,12088.0542782738,88.6231350664258%
885.218404895624,12092.1502157738,88.6460970857419%
885.395857003386,12101.44734375,88.675133290957%
885.573292008873,12134.832485119,88.596693105829%
885.750709909798,12136.6203943452,88.6565122543379%
885.928110703872,12117.9611235119,88.616972343334%
886.105494388806,12094.3282142857,88.5447381552599%
886.282860962312,12096.8312872024,88.4860586133693%
886.460210422102,12102.0324776786,88.4657426152423%
886.637542765887,12085.4536830357,88.4710944324027%
886.814857991378,12107.1036383929,88.4290038026748%
886.992156096289,12115.9456622024,88.4261383834793%
887.169437078329,12121.8295089286,88.4322713284543%
887.346700935212,12117.83109375,88.4002545277187%
887.523947664647,12114.8404092262,88.2013065569804%
887.701177264347,12103.3652827381,88.1864907393076%
887.878389732024,12145.9175223214,88.2320887341201%
888.055585065389,12131.7442782738,88.2401673667142%
888.232763262153,12138.7658854167,88.2013929604598%
888.409924320028,12154.9545907738,88.1988716411381%
888.587068236727,12180.4404241071,88.2390584300737%
888.76419500996,12166.8198065476,88.216122396503%
888.941304637439,12166.6897767857,88.2042264839948%
889.118397116875,12124.8201934524,88.1396133635443%
889.295472445981,12093.4180059524,88.2362011474683%
889.472530622467,12087.7617113095,88.1837182199649%
889.649571644046,12096.1486309524,88.1819028263389%
889.826595508429,12132.9795610119,88.185386124899%
890.003602213328,12138.7008705357,88.2582077675385%
890.180591756454,12156.6124702381,88.236142955635%
890.357564135518,12167.9900744048,88.2069027445497%
890.534519348233,12171.5658928571,88.3486206155337%
890.71145739231,12141.3989880952,88.3913583535808%
890.88837826546,12179.27015625,88.4538993438257%
891.065281965396,12142.6017633929,88.4223378960221%
891.242168489829,12145.82,88.4755247450963%
891.41903783647,12205.2436011905,88.5977992595639%
891.595890003031,12173.9064285714,88.5413421797173%
891.772724987223,12180.017827381,88.5841518897802%
891.949542786759,12172.7036532738,88.6247555578427%
892.126343399349,12185.6091071429,88.7274015164931%
892.303126822706,12206.9014806548,88.7304839780144%
892.479893054541,12207.2590625,88.7427683218637%
892.656642092565,12198.8721428571,88.718158693108%
892.83337393449,12237.6210119048,88.7544607885803%
893.010088578028,12221.1072321429,88.6425690900709%
893.186786020891,12213.6955357143,88.6835095649366%
893.36346626079,12241.9119940476,88.7496850958278%
893.540129295436,12227.3161532738,88.8340582404967%
893.716775122541,12237.8160565476,88.9142006568836%
893.893403739817,12208.559360119,88.8916967158144%
894.070015144975,12215.4834449405,88.765747967743%
894.246609335727,12194.4836383929,88.7153885777042%
894.423186309785,12218.5716517857,88.7466986405691%
894.59974606486,12188.2422098214,88.6294880399996%
894.776288598663,12239.2463839286,88.6667899948397%
894.952813908907,12244.187514881,88.7681076950591%
895.129321993303,12207.6491517857,88.7001955253646%
895.305812849562,12227.9337946429,88.737671748388%
895.482286475397,12224.0329017857,88.7761853697649%
895.658742868518,12227.7062425595,88.8200845010685%
895.835182026638,12227.2511383929,88.7080512276695%
896.011603947467,12169.4854166667,88.5359025892671%
896.188008628718,12165.3894791667,88.5633887416267%
896.364396068102,12141.2039434524,88.5653062893596%
896.54076626333,12118.8713318452,88.5574910152373%
896.717119212115,12115.165483631,88.6301068706298%
896.893454912168,12122.9022544643,88.5694120736631%
897.0697733612,12108.1113690476,88.4923606458309%
897.246074556924,12114.4503199405,88.5031097552958%
897.42235849705,12091.1749925595,88.3423455425744%
897.59862517929,12081.8128497024,88.3811769665512%
897.774874601356,12069.2649776786,88.579539827683%
897.95110676096,12048.2976785714,88.4804180650617%
898.127321655813,12044.5918303571,88.4269677795134%
898.303519283626,12032.7591220238,88.3265492675527%
898.479699642112,11998.2362202381,88.3457948881111%
898.655862728981,11963.7458258929,88.270956322281%
898.832008541946,11939.3327380952,88.1947280520886%
899.008137078718,11913.8794122024,88.0545984363423%
899.184248337009,11904.4197470238,88.0459051085904%
899.36034231453,11890.8316369048,88.0314242135621%
899.536419008992,11848.6044717262,88.0711193588978%
899.712478418109,11880.6893154762,88.3079701662263%
899.88852053959,11881.0794047619,88.4082697038969%
900.064545371148,11918.7555282738,88.4813963000463%
900.240552910494,11931.6609821429,88.4668176860475%
900.41654315534,11925.2245089286,88.5117817974169%
900.592516103397,11928.8653422619,88.5932160060279%
900.768471752377,11921.161078869,88.7259911299978%
900.944410099992,11883.3549255952,88.6309604214508%
901.120331143953,11873.3426339286,88.6686290431723%
901.296234881972,11883.0298511905,88.6941855424298%
901.472121311761,11870.1243973214,88.6129675861158%
901.64799043103,11880.4292559524,88.7248226420477%
901.823842237492,11844.6710714286,88.741679075808%
901.999676728858,11831.1479761905,88.9709667192767%
902.17549390284,11837.0643303571,88.9978235803809%
902.351293757149,11811.8710639881,88.9524942891925%
902.527076289498,11808.3602604167,88.9475071637161%
902.702841497597,11791.0012872024,89.0741604477612%
902.878589379158,11750.3994940476,88.9390085237708%
903.054319931893,11731.6101934524,88.8766599369215%
903.230033153513,11739.6070238095,88.7893720106197%
903.40572904173,11681.5162276786,88.6681304741978%
903.581407594256,11633.9578422619,88.5130937754525%
903.757068808802,11575.054360119,88.4111593681706%
903.932712683079,11529.4139136905,88.3575120200635%
904.1083392148,11520.0842782738,88.3736272130385%
904.283948401676,11510.8196577381,88.3802266034856%
904.459540241419,11492.3879389881,88.2428706694887%
904.63511473174,11472.4933854167,88.2414925279396%
904.81067187035,11475.3215327381,88.3404811587517%
904.986211654962,11447.0725669643,88.3000676175161%
905.161734083287,11428.7058630952,88.2307079064834%
905.337239153036,11416.3530357143,88.1228897017445%
905.512726861921,11455.3944717262,88.1828784040421%
905.688197207654,11406.3407440476,88.0065029870011%
905.863650187947,11349.7127827381,87.9425627534802%
906.03908580051,11351.0780952381,87.9081495332398%
906.214504043056,11329.3956324405,87.9781091066542%
906.389904913296,11318.4081175595,87.9231638900147%
906.565288408942,11324.9746205357,87.9816977998874%
906.740654527705,11313.9545982143,87.8990234988436%
906.916003267297,11299.2287276786,88.0437465789446%
907.091334625429,11282.8449776786,88.0181721043139%
907.266648599814,11270.589672619,87.9824010056568%
907.441945188162,11292.9872991071,88.078919518218%
907.617224388186,11273.0602380952,88.1334112250639%
907.792486197596,11270.6871949405,88.0858210976865%
907.967730614105,11234.2463541667,87.973604479854%
908.142957635424,11196.4727083333,87.9995792253393%
908.318167259265,11270.9147470238,87.9481397970688%
908.493359483339,11235.2540848214,87.9604999453413%
908.668534305358,11210.0608184524,87.9999853832155%
908.843691723033,11175.1803348214,88.0664342833709%
909.018831734076,11165.590639881,88.2498962621318%
909.1939543362,11093.911733631,88.210840268061%
909.369059527114,11103.0788318452,88.1931981832281%
909.544147304531,11110.0679315476,88.227869653406%
909.719217666163,11100.5757589286,88.381978423409%
909.89427060972,11072.0342261905,88.3535391874493%
910.069306132916,11067.8732738095,88.4151598275766%
910.24432423346,11032.40765625,88.4339378965692%
910.419324909066,11021.8427380952,88.6183867225774%
910.594308157444,10995.609233631,88.697606481098%
910.769273976306,10965.6698809524,88.6921232941354%
910.944222363363,10936.2506473214,88.7591876941729%
911.119153316328,10893.6008854167,88.7469477809466%
911.294066832912,10877.9322991071,88.8240158845701%
911.468962910826,10844.5471577381,88.9003546749832%
911.643841547782,10828.0333779762,88.9417378529426%
911.818702741492,10817.5659821429,89.0102452081346%
911.993546489667,10729.6008482143,89.1235154943471%
912.168372790018,10683.2452380952,89.0087006243432%
912.343181640258,10680.222046131,88.964354229841%
912.517973038099,10668.616889881,89.0016381860389%
912.69274698125,10621.0585044643,88.8980921937827%
912.867503467425,10620.4408630952,88.9260881766027%
913.042242494335,10611.9889285714,89.043944617742%
913.216964059691,10621.9362053571,89.0870831096464%
913.391668161205,10572.5899107143,88.9914452065282%
913.566354796589,10571.4521502976,88.8820254559046%
913.741023963554,10536.5391592262,88.8654501293294%
913.915675659812,10533.5484747024,88.9703760224878%
914.090309883074,10520.6430208333,89.0430716804692%
914.264926631052,10486.3151636905,88.8882267407213%
914.439525901458,10462.8772991071,88.8808810881407%
914.614107692003,10467.915952381,88.965665904219%
914.788672000398,10498.5379613095,89.0814974358153%
914.963218824356,10493.0767113095,89.0529468203405%
915.137748161588,10467.8834449405,88.9438704901677%
915.312260009805,10458.1962276786,89.0448951291385%
915.48675436672,10463.0398363095,89.0682858205455%
915.661231230043,10425.52625,89.0340102963233%
915.835690597487,10414.3761979167,89.0150099904157%
916.010132466763,10389.6705431548,89.0518975896254%
916.184556835582,10396.0745089286,89.0390457742889%
916.358963701656,10386.4848139881,89.1163757817872%
916.533353062697,10365.517514881,89.0504034903556%
916.707724916417,10311.7502083333,88.9664718421799%
916.882079260526,10289.3525818452,89.0105048159083%
917.056416092737,10288.2148214286,88.9574199301479%
917.230735410761,10263.6066889881,89.1018524655355%
917.40503721231,10237.4707068452,89.0874046134482%
917.579321495095,10246.3452380952,89.0971039182283%
917.753588256828,10201.0298660714,89.0381099410507%
917.92783749522,10199.2744642857,89.0655180649189%
918.102069207984,10171.4155877976,89.1063132003279%
918.27628339283,10167.0595907738,89.1197410184752%
918.450480047471,10107.0183482143,88.9723844703854%
918.624659169617,10090.4720610119,89.0072965483343%
918.798820756981,10103.3125,89.1754571699469%
918.972964807274,10052.8284449405,89.1858580689185%
919.147091318208,10037.09484375,89.1022105942655%
919.321200287494,10050.5529241071,89.167327178081%
919.495291712844,10034.9168452381,89.2809721679121%
919.669365591969,10016.61515625,89.3648047560907%
919.843421922582,9985.31049107143,89.422493455157%
920.017460702393,9954.52594494047,89.4206286444257%
920.191481929115,9945.68392113095,89.4984339693424%
920.365485600458,9947.04923363095,89.575897543565%
920.539471714134,9908.98302083333,89.4342816793927%
920.713440267856,9883.52969494048,89.5631559039049%
920.887391259335,9877.67835565476,89.6171391763948%
921.061324686282,9859.11660714286,89.7182201139863%
921.235240546408,9803.52888392857,89.6722177109818%
921.409138837426,9809.38022321429,89.752158668225%
921.583019557047,9818.83988839286,89.9171658867978%
921.756882702983,9818.54732142857,89.9437968638918%
921.930728272945,9785.61728422619,89.8888440679485%
922.104556264645,9734.84066220238,89.7922616802285%
922.278366675794,9751.54948660714,89.8853441251806%
922.452159504104,9710.94769345238,89.8216945786124%
922.625934747287,9716.21389880952,89.6769348395532%
922.799692403054,9665.0471875,89.7261391974609%
922.973432469117,9635.92052083333,89.8096212896622%
923.147154943188,9663.16175595238,89.9592287708821%
923.320859822977,9643.49475446429,89.7964314939177%
923.494547106197,9628.60634672619,89.6901312956397%
923.668216790559,9655.97761160714,89.712140060317%
923.841868873775,9639.95144345238,89.7499471006559%
924.015503353557,9636.60317708333,89.6838165130848%
924.189120227615,9617.16372767857,89.7355265652674%
924.362719493662,9573.40871279762,89.6514792542759%
924.536301149409,9525.33020833333,89.6385430217432%
924.709865192568,9518.08104910714,89.5626928131379%
924.883411620851,9514.96033482143,89.581456570343%
925.056940431968,9496.23604910714,89.5086955504061%
925.230451623632,9435.38212053571,89.380971150778%
925.403945193554,9437.82017857143,89.3361552028218%
925.577421139446,9397.9985639881,89.2625265808222%
925.750879459019,9427.09272321429,89.4669348160417%
925.924320149985,9364.28834821428,89.5043095265216%
926.097743210056,9354.53611607143,89.4288503202152%
926.271148636943,9333.86138392857,89.5104794922854%
926.444536428358,9361.13512648809,89.6466607233581%
926.617906582012,9322.02867559524,89.578737413789%
926.791259095617,9274.76285714286,89.3731616760693%
926.964593966884,9251.68257440476,89.4976903915452%
927.137911193526,9240.89010416667,89.6279315475469%
927.311210773253,9188.32557291667,89.5702657758847%
927.484492703778,9171.42170386905,89.4637799152696%
927.657756982812,9135.14340029762,89.4578460635123%
927.831003608066,9107.70712053572,89.4975846359281%
928.004232577253,9122.33546875,89.5384797210787%
928.177443888083,9112.81078869048,89.5052147694133%
928.350637538268,9096.10196428572,89.5599466722175%
928.523813525521,9084.52931547619,89.5611533350257%
928.696971847552,9052.8345610119,89.6106747572331%
928.870112502073,9037.94615327381,89.6323768951259%
929.043235486795,9007.68172619047,89.5777056767021%
929.216340799431,9035.37806547619,89.8427522148464%
929.389428437692,9025.62583333334,89.9182699372204%
929.56249839929,9019.96953869048,89.6974656649961%
929.735550681935,9000.10749255952,89.7452213087633%
929.90858528334,8984.01630952381,89.8407768577311%
930.081602201217,8940.13126488095,89.7373650461967%
930.254601433276,8941.82165178571,89.6152522611826%
930.42758297723,8916.59587797619,89.6091324294961%
930.60054683079,8912.46743303571,89.5733323687624%
930.773492991668,8892.57287946429,89.5520762564632%
930.946421457575,8874.53125,89.4527595884004%
931.119332226223,8852.16613095238,89.4741238006745%
931.292225295323,8843.45413690476,89.5094090597225%
931.465100662587,8814.84758928572,89.4495388766121%
931.637958325727,8795.96076636905,89.446166171231%
931.810798282454,8771.80773809524,89.451980925595%
931.98362053048,8781.72250744048,89.5044103130208%
932.156425067517,8744.72904017857,89.4764576258556%
932.329211891276,8726.78493303571,89.3580206035813%
932.501980999468,8724.63944196428,89.2215184112315%
932.674732389806,8702.53438244048,89.359439207155%
932.84746606,8666.71118303571,89.1534220614205%
933.020182007763,8610.50581845238,88.9736754055542%
933.192880230806,8561.06200148809,88.9598935111034%
933.36556072684,8561.51710565476,89.1642212802956%
933.538223493578,8524.78369791667,89.0733094379501%
933.71086852873,8512.10579613095,89.0041799852471%
933.883495830009,8467.31054315476,89.0190577430986%
934.056105395126,8469.42352678571,89.1672888576574%
934.228697221793,8457.20072916667,89.3109637917364%
934.401271307721,8441.01202380953,89.2300383378816%
934.573827650622,8446.73333333333,89.2872006881052%
934.746366248207,8427.03382440476,89.3244054901786%
934.918887098188,8405.12380952381,89.4673988258667%
935.091390198276,8398.06969494048,89.4891262962217%
935.263875546184,8381.26334821428,89.4880990464645%
935.436343139623,8389.13014880952,89.4776501284928%
935.608792976304,8338.97116815476,89.4184604981404%
935.781225053939,8330.06412946428,89.3618822891852%
935.95363937024,8305.09841517857,89.3714881276056%
936.126035922917,8287.57690476191,89.487997638135%
936.298414709684,8277.53210565476,89.4469500250558%
936.470775728251,8255.65459821429,89.4764828982126%
936.64311897633,8241.51386160714,89.4321015967664%
936.815444451632,8263.78145833333,89.6605675039833%
936.98775215187,8224.0898735119,89.4639151487203%
937.160042074754,8229.22604910714,89.470429827907%
937.332314217997,8195.02822172619,89.5186843614415%
937.50456857931,8205.78818452381,89.7074460358502%
937.676805156404,8197.20622023809,89.8424911846438%
937.849023946992,8173.9959077381,89.6956463198319%
938.021224948784,8126.76259672619,89.682926113865%
938.193408159492,8110.96398065476,89.7629702714448%
938.365573576829,8097.05079613095,89.8839382025453%
938.537721198505,8098.05852678572,89.8006257429959%
938.709851022232,8109.04604166667,89.7982428560412%
938.881963045722,8115.05991815476,89.9100857487995%
939.054057266687,8066.29875744048,89.9160115648371%
939.226133682837,8066.33126488095,89.8072533147996%
939.398192291884,8064.86843005952,89.7887726433199%
939.570233091541,8080.01689732143,89.8989289121273%
939.742256079519,8083.04008928572,89.9292634075796%
939.914261253528,8058.69201636905,89.9754016216709%
940.086248611282,8061.55267113095,89.8512201649595%
940.258218150492,8069.67953125,90.0846189094242%
940.430169868868,8025.20935267857,89.9790950165217%
940.602103764123,7982.20200892857,90.0067114507201%
940.774019833969,7964.19288690476,90.0073525322986%
940.945918076116,8014.28685267857,90.1892315993823%
941.117798488277,7998.52074404762,90.1615152798187%
941.289661068162,7965.16811011905,90.010054268068%
941.461505813485,7954.66820684524,90.0784303898968%
941.633332721956,7959.80438244048,90.2632905013857%
941.805141791287,7950.05215029762,90.2675644546824%
941.976933019189,7949.88961309524,90.0557497034927%
942.148706403374,7930.12508928571,90.0239054969927%
942.320461941554,7908.83271577381,90.1853934019881%
942.49219963144,7894.39941220238,90.2639660953919%
942.663919470744,7917.57721726191,90.3111071090901%
942.835621457178,7917.67473958333,90.4236215182678%
943.007305588452,7890.49851934524,90.4407763468167%
943.17897186228,7887.99544642857,90.4893280016618%
943.350620276371,7864.49256696428,90.4505821542317%
943.522250828439,7837.96649553571,90.4231567506695%
943.693863516193,7797.98234375,90.6920251214599%
943.865458337347,7793.00870535714,90.6358686685365%
944.037035289612,7779.22555059524,90.6247725663775%
944.208594370698,7795.31673363095,90.5902333202863%
944.380135578319,7800.51792410714,90.5887831814251%
944.551658910185,7733.91017857143,90.5326549960608%
944.723164364008,7738.78629464286,90.4009810096895%
944.8946519375,7729.39164434524,90.4400892545097%
945.066121628372,7706.57142113095,90.4434255926859%
945.237573434335,7698.11948660714,90.4126271066038%
945.409007353102,7673.90144345238,90.4878892968395%
945.580423382385,7642.75931547619,90.6287919069628%
945.751821519893,7657.12760416667,90.7685889939752%
945.92320176334,7629.62630952381,90.7047903289843%
946.094564110437,7619.6790327381,90.4684077159201%
946.265908558895,7601.70241815476,90.4509229053971%
946.437235106426,7591.17000744048,90.5054738990155%
946.608543750742,7586.87902529762,90.6574849470552%
946.779834489554,7542.86395089286,90.5041853491956%
946.951107320573,7513.21716517857,90.5450477368428%
947.122362241513,7505.41537946429,90.6559526798918%
947.293599250082,7501.67702380952,90.6126786163698%
947.464818343995,7461.79039434524,90.4138593453128%
947.636019520962,7469.00704613095,90.3762952957812%
947.807202778695,7468.3894047619,90.5360145838927%
947.978368114904,7435.81694940476,90.5814992976033%
948.149515527303,7437.08473958333,90.5478515903072%
948.320645013603,7401.48909226191,90.5766556114261%
948.491756571515,7364.82069940476,90.519560426981%
948.66285019875,7318.17252232143,90.4526359556684%
948.833925893021,7299.67578869048,90.5310531053105%
949.004983652038,7263.98261904762,90.4271220709824%
949.176023473515,7272.82464285714,90.5405698975343%
949.347045355161,7236.7088764881,90.5915738921633%
949.518049294689,7227.89936011905,90.5091983270452%
949.689035289811,7191.97863839286,90.6495449445206%
949.860003338237,7165.45256696429,90.6803698382879%
950.03095343768,7140.32431547619,90.6619708931095%
950.201885585851,7105.18377232143,90.5279410891383%
950.372799780462,7076.77226934524,90.6259086672879%
950.543696019224,7093.25354166667,90.7849496999977%
950.714574299849,7095.91915178571,90.6732833826334%
950.885434620049,7082.52608630952,90.5771158527853%
951.056276977534,7079.43787946429,90.618741355986%
951.227101370018,7085.48426339286,90.8663843480109%
951.39790779521,7043.02954613095,90.6558685981522%
951.568696250824,7040.9165625,90.6773705678364%
951.73946673457,7019.49415922619,90.6853618358044%
951.91021924416,7031.29436011905,90.8007666669233%
952.080953777306,7035.87790922619,90.9996907375909%
952.251670331719,7065.29714285714,91.1570389255068%
952.422368905111,7069.42558779762,91.1235596138713%
952.593049495194,7112.4654389881,91.4003240729869%
952.763712099678,7072.22122767857,91.4205488394775%
952.934356716277,7056.42261160714,91.2280563522329%
953.1049833427,7054.04956845238,91.2482326643129%
953.275591976661,7030.31913690476,91.2915222786998%
953.446182615869,7020.40436755952,91.3437114305052%
953.616755258038,6995.76372767857,91.2804210828988%
953.787309900879,7019.42914434524,91.1817809769132%
953.957846542103,7024.6628422619,91.1888742233526%
954.128365179422,7010.8796875,91.0122684550775%
954.298865810547,7002.94787202381,90.9918365035316%
954.46934843319,6977.23448660714,91.0485808923817%
954.639813045063,6961.92348214286,91.2066956245365%
954.810259643877,6957.6325,91.1560065081065%
954.980688227344,6954.67432291667,91.1124983572086%
955.151098793176,6958.93279761905,90.8796101961365%
955.321491339083,6931.20395089286,90.9777483662834%
955.491865862778,6888.26162202381,90.9756158268964%
955.662222361972,6877.2090922619,90.8559241548228%
955.832560834378,6847.13970982143,90.7841072443419%
956.002881277705,6854.97400297619,90.7988366537871%
956.173183689667,6807.28558779762,90.6899131618988%
956.343468067974,6809.23603422619,90.6659245954447%
956.513734410338,6787.42354166667,90.7495256166983%
956.683982714471,6774.64811755952,90.9347502656748%
956.854212978085,6749.58488095238,90.8607564689015%
957.024425198891,6749.2923139881,90.9002074368689%
957.1946193746,6745.8790327381,90.8966549659303%
957.364795502924,6734.69647321429,91.228978007762%
957.534953581576,6741.13294642857,91.3828921628032%
957.705093608265,6708.88556547619,91.4085157154925%
957.875215580705,6690.51886160714,91.4494601865763%
958.045319496606,6718.41024553571,91.5219468576588%
958.21540535368,6713.82669642857,91.5348804463571%
958.38547314964,6682.26197172619,91.4234979194827%
958.555522882195,6662.65998511905,91.630213406535%
958.725554549059,6652.51766369048,92.0036298609443%
958.895568147942,6661.09962797619,91.9905424696645%
959.065563676556,6658.17395833333,91.9073589035197%
959.235541132613,6656.15849702381,91.9848563874751%
959.405500513824,6627.64947172619,91.9568605897882%
959.575441817901,6572.02924107143,91.8390773430227%
959.745365042556,6573.13449404762,91.6465659515044%
959.9152701855,6566.04787202381,91.4892456996429%
960.085157244445,6547.84370535714,91.5461624026696%
960.255026217102,6564.94261904762,91.4713422450101%
960.424877101183,6573.1670014881,91.4520013973928%
960.5947098944,6514.84865327381,91.5012155591572%
960.764524594464,6512.540625,91.6900378566999%
960.934321199086,6483.25142113095,91.6194895591648%
961.104099705979,6458.90334821429,91.4567523726064%
961.273860112853,6455.3275297619,91.273664164893%
961.443602417421,6450.64645833333,91.3763858041179%
961.613326617395,6390.83276785714,91.2347826086956%
961.783032710485,6354.22938988095,91.1563791444153%
961.952720694403,6308.06882440476,91.2387336211468%
962.122390566862,6379.26011904762,91.0627904545584%
962.292042325572,6367.10233630952,91.1164294091286%
962.461675968244,6326.66308035714,91.1496297996901%
962.631291492592,6292.95286458333,91.3693470948452%
962.800888896325,6272.76574404762,91.3257444431604%
962.970468177157,6300.26703869047,91.4834634108647%
963.140029332799,6321.13681547619,91.3573407202216%
963.309572360961,6278.97466517857,91.5506841827871%
963.479097259356,6248.93779017857,91.7169382638671%
963.648604025695,6253.2612797619,91.848199728928%
963.818092657691,6206.22301339286,91.8820169391373%
963.987563153053,6207.45829613095,92.0562595133137%
964.157015509495,6249.29537202381,92.0906476247149%
964.326449724727,6202.51716517857,91.9742604343551%
964.495865796462,6196.37325892857,91.8448597571319%
964.665263722411,6179.404375,91.7665659335161%
964.834643500285,6171.01745535714,92.2245460212762%
965.004005127796,6144.0362797619,92.2140701793337%
965.173348602655,6137.33974702381,92.1498147060611%
965.342673922576,6156.97424107143,92.1131964392655%
965.511981085267,6164.41844494048,92.1474342648152%
965.681270088442,6082.62972470238,92.3007691048928%
965.850540929813,6057.95657738095,92.13843897135%
966.01979360709,6083.0198139881,91.8684462372784%
966.189028117985,6119.03805803571,91.9880078569213%
966.35824446021,6114.19444940476,92.2069974172%
966.527442631476,6091.40673363095,92.0467214737478%
966.696622629496,6037.50939732143,92.2877511341543%
966.86578445198,6036.63169642857,92.2936645181575%
967.03492809664,6041.08521577381,92.3419964870579%
967.204053561188,6038.19205357143,92.1887533246084%
967.373160843336,6020.31296130952,92.1398814887054%
967.542249940794,5991.47886160714,92.2135328119687%
967.711320851275,5950.22691964286,92.1082937024163%
967.880373572491,5979.71116815476,92.0628973903364%
968.049408102152,5982.86438988095,92.4158935835898%
968.21842443797,6014.81920386905,92.7833268474078%
968.387422577658,6004.93694196429,92.7486600784927%
968.556402518926,6013.87648809524,92.6569151839319%
968.725364259486,6037.24933779762,93.0211172780715%
968.89430779705,6059.67947172619,93.4693338324177%
969.06323312933,6073.49513392857,93.5554697412699%
969.232140254036,6095.89276041667,93.7714690955831%
969.401029168881,6060.19959077381,93.8067758542091%
969.569899871576,6049.5696577381,94.3933597333155%
969.738752359834,6040.07748511905,94.3090160532191%
969.907586631364,6023.75875,94.0161246855911%
970.076402683879,6015.66439732143,94.102538105377%
970.245200515091,6092.60950892857,93.8732211576441%
970.413980122711,6119.23310267857,94.0204081632653%
970.582741504451,6100.24875744048,94.0377582062004%
970.751484658022,6081.9145610119,94.2047222476435%
970.920209581136,6089.78136160714,94.3275672203359%
971.088916271504,6112.43904761905,94.5731960666636%
971.257604726839,6111.39880952381,94.7428253253834%
971.426274944852,6089.65133184524,94.8264998949898%
971.594926923254,6065.56331845238,94.725750746356%
971.763560659756,6036.20909970238,94.6566589141823%
971.932176152072,6025.96925595238,94.4307499970514%
972.100773397911,6004.02673363095,94.5569141262446%
972.269352394986,5983.09194196429,94.4936799087625%
972.437913141009,5919.57240327381,94.2605461719094%
972.60645563369,5911.05545386905,94.1566380591647%
972.774979870742,5883.65168154762,93.8689497004119%
972.943485849876,5886.25227678571,93.7495482036577%
973.111973568804,5871.13631696428,93.5978108876995%
973.280443025237,5839.63660714286,93.5870092098885%
973.448894216887,5850.4940922619,93.620725338138%
973.617327141465,5841.35950148809,93.8170957119949%
973.785741796684,5750.33866815476,94.2994480164242%
973.954138180254,5708.17651785714,94.1719568567025%
974.122516289887,5689.87482886905,94.0325273637995%
974.290876123296,5679.17988095238,94.1097607904961%
974.45921767819,5639.81337053571,94.2878162524782%
974.627540952283,5610.55667410714,94.0210946764027%
974.795845943286,5605.12793154762,93.901767385971%
974.96413264891,5589.65438988095,94.1079765072034%
975.132401066867,5588.64665922619,94.1334775336712%
975.300651194868,5574.4409077381,93.7473963264533%
975.468883030625,5551.62068452381,94.0596190862121%
975.63709657185,5538.22761904762,94.2980781468754%
975.805291816254,5555.61909970238,94.4566578900278%
975.973468761549,5560.75527529762,94.4485119391674%
976.141627405447,5552.49838541667,94.4641178515781%
976.309767745658,5541.47836309524,94.7631051645014%
976.477889779895,5559.45497767857,95.2475041597338%
976.64599350587,5543.85140625,95.033692018387%
976.814078921293,5533.96914434524,95.0013106159895%
976.982146023877,5542.64863095238,95.5102363449529%
977.150194811332,5554.57886160714,95.6451080134769%
977.318225281372,5554.61136904762,95.7719120855729%
977.486237431706,5565.1437797619,95.7219465878545%
977.654231260048,5568.03694196428,95.8930033419678%
977.822206764108,5554.48133928571,95.7504034427111%
977.990163941597,5573.53069940476,95.4162276080084%
978.158102790229,5544.6640922619,95.4300235089484%
978.326023307714,5531.04347470238,95.61839482236%
978.493925491763,5557.40700892857,95.7647896777022%
978.661809340089,5525.45219494048,95.5689856465903%
978.829674850403,5500.74654017857,95.8763597259179%
978.997522020416,5489.72651785714,95.6501325673884%
979.165350847841,5503.24961309524,95.814172530334%
979.333161330388,5464.50074404762,95.8272501008078%
979.50095346577,5464.33820684524,96.1615738802847%
979.668727251698,5445.4188764881,96.3667989956093%
979.836482685884,5450.06744047619,96.4291256930826%
980.004219766038,5434.59389880952,96.2147300993439%
980.171938489873,5433.97625744048,96.5991533516727%
980.339638855101,5423.21629464286,96.7489670750712%
980.507320859433,5368.2787202381,96.4818778641307%
980.67498450058,5356.9336235119,96.2535773133293%
980.842629776255,5364.02024553571,95.8982452076215%
981.010256684168,5358.68902529762,96.3415696408351%
981.177865222031,5370.09913690476,96.6924198250728%
981.345455387557,5389.0184672619,96.8305256510054%
981.513027178456,5369.44898809524,96.9577872667366%
981.68058059244,5416.77982142857,97.2922128901332%
981.848115627221,5424.77665178571,97.2502563950119%
982.01563228051,5390.57882440476,97.296488129098%
982.18313055002,5404.19944196429,97.5809004175019%
982.35061043346,5416.3247172619,97.8051254105928%
982.518071928544,5411.05851190476,98.054764912708%
982.685515032983,5393.56950892857,97.8208750095442%
982.852939744488,5373.96752232143,97.7621884908175%
983.020346060771,5360.89953125,97.6306963291178%
983.187733979543,5351.01726934524,97.6553955172148%
983.355103498517,5312.65848958333,97.7122513737327%
983.522454615403,5259.9964360119,97.6335309270352%
983.689787327914,5247.7086235119,97.4792140254725%
983.85710163376,5233.47036458333,97.337121093872%
984.024397530654,5234.73815476191,97.3618504734536%
984.191675016307,5225.24598214286,97.427147058361%
984.358934088431,5218.45192708333,98.0322229410929%
984.526174744737,5204.53874255952,97.9970161571913%
984.693396982937,5193.97382440476,97.8254626675176%
984.860600800742,5172.87649553571,98.0165474777924%
985.027786195865,5184.93675595238,98.4921068707198%
985.194953166016,5162.96172619048,98.4815933577786%
985.362101708907,5157.82555059524,98.2470119521912%
985.529231822251,5125.02554315476,98.2324261744419%
985.696343503757,5103.6681547619,98.3930293766654%
985.863436751139,5083.38351190476,98.2874186728724%
986.030511562108,5070.18549107143,98.1425116401508%
986.197567934375,5062.05863095238,98.1974960616864%
986.364605865651,5071.55080357143,98.4633885622662%
986.531625353649,5058.6128422619,98.5249006822334%
986.698626396081,5046.195,98.5637767602183%
986.865608990657,5043.85446428571,98.4532844360685%
987.032573135089,5062.51373511905,98.7740536479587%
987.199518827089,5051.5262202381,98.7341555327167%
987.366446064368,5067.29232886905,98.8795035338734%
987.533354844638,5068.07250744048,98.8571724960667%
987.700245165611,5045.99995535714,99.1413842349089%
987.867117024999,5034.88241071429,99.0074745741943%
988.033970420512,5017.5234375,98.6326648974498%
988.200805349863,4997.04375,98.3377647866739%
988.367621810762,4990.70479910714,98.3135043399862%
988.534419800922,4955.40171875,98.297577116021%
988.701199318055,4933.29665922619,98.1303247424518%
988.867960359871,4914.5723735119,98.4351580900721%
989.034702924082,4917.23798363095,98.4351473435147%
989.201427008401,4948.25008184524,98.7036370183651%
989.368132610538,4965.80409970238,99.0586058660282%
989.534819728206,4974.09349702381,99.4660327329249%
989.701488359115,4954.75156994048,99.7395403437334%
989.868138500978,4975.29627232143,99.9118910385844%
990.034770151505,4971.9154985119,99.9556557407339%
990.201383308409,4978.02689732143,99.7457076566125%
990.367977969402,4966.25920386905,100%
990.534554132194,4957.61222470238,100%
990.701111794497,4955.04413690476,100%
990.867650954024,4942.00865327381,100%
991.034171608485,4921.49645833333,100%
991.200673755592,4923.77197916667,100%
991.367157393057,4928.55057291667,100%
991.533622518592,4933.52421130952,100%
991.700069129907,4925.78744047619,100%
991.866497224715,4936.4173735119,100%
992.032906800727,4926.34006696429,100%
992.199297855655,4935.86474702381,100%
992.36567038721,4920.06613095238,100%
992.532024393104,4944.25166666667,100%
992.698359871049,4904.52757440476,100%
992.864676818756,4885.6407514881,100%
993.030975233936,4863.34064732143,100%
993.197255114302,4850.72776041667,100%
993.363516457565,4830.83320684524,100%
993.529759261436,4818.80545386905,100%
993.695983523628,4805.37988095238,100%
993.862189241851,4808.92319196429,100%
994.028376413817,4818.3178422619,100%
994.194545037239,4801.38146577381,100%
994.360695109827,4786.03795386905,100%
994.526826629292,4771.08453125,100%
994.692939593348,4752.81534970238,100%
994.859033999706,4728.0771875,100%
995.025109846075,4709.64546875,100%
995.19116713017,4677.85319196429,100%
995.3572058497,4634.4232514881,100%
995.523226002378,4623.33821428571,100%
995.689227585916,4591.31838541667,100%
995.855210598024,4620.34752976191,100%
996.021175036415,4574.80460565476,100%
996.1871208988,4563.19944940476,100%
996.353048182891,4531.43968005952,100%
996.518956886399,4559.29855654762,100%
996.684847007035,4581.76119791667,100%
996.850718542512,4579.16060267857,100%
997.016571490542,4565.73502976191,100%
997.182405848835,4547.49835565476,100%
997.348221615103,4542.36218005952,100%
997.514018787058,4540.86683779762,100%
997.679797362411,4546.490625,100%
997.845557338875,4567.94553571429,100%
998.01129871416,4592.09856398809,100%
998.177021485978,4607.53959821429,100%
998.342725652041,4594.37408482143,100%
998.508411210061,4596.97468005952,100%
998.674078157749,4624.73603422619,100%
998.839726492816,4642.6151264881,100%
999.005356212975,4634.65080357143,100%
999.170967315936,4613.68350446429,100%
999.336559799412,4582.18379464286,100%
999.502133661114,4606.36933035714,100%
999.667688898753,4607.70213541667,100%
999.833225510041,4674.50492559524,100%
999.998743492691,4633.83811755952,100%
1000.16424284441,4628.76695684524,100%
1000.32972356292,4576.00738095238,100%
1000.49518564592,4599.08766369048,100%
1000.66062909113,4591.57844494048,100%
1000.82605389626,4595.18677083333,100%
1000.99146005901,4597.36476934524,100%
1001.15684757711,4584.78438988095,100%
1001.32221644827,4525.81589285714,100%
1001.48756667019,4492.75582589286,100%
1001.65289824058,4468.60279761905,100%
1001.81821115716,4494.77128720238,100%
1001.98350541765,4473.80398809524,100%
1002.14878101974,4479.33025297619,100%
1002.31403796116,4465.09199404762,100%
1002.47927623961,4483.49120535714,100%
1002.64449585281,4494.99883928571,100%
1002.80969679847,4504.94611607143,100%
1002.9748790743,4521.45989583333,100%
1003.14004267801,4494.57624255952,100%
1003.30518760731,4419.90665178571,100%
1003.47031385991,4429.23628720238,100%
1003.63542143353,4410.51200148809,100%
1003.80051032588,4451.14630208333,100%
1003.96558053467,4412.03985119048,100%
1004.13063205761,4428.2610639881,100%
1004.29566489241,4402.41764880952,100%
1004.46067903678,4372.18572916667,100%
1004.62567448844,4348.91040178571,100%
1004.7906512451,4381.54787202381,100%
1004.95560930447,4393.90069940476,100%
1005.12054866425,4376.28166666667,100%
1005.28546932217,4361.58830357143,100%
1005.45037127593,4380.21506696429,100%
1005.61525452325,4353.55896577381,100%
1005.78011906183,4354.24162202381,100%
1005.9449648894,4349.78810267857,100%
1006.10979200365,4358.43508184524,100%
1006.2746004023,4347.44756696429,100%
1006.43939008307,4336.72011160714,100%
1006.60416104366,4358.98770833333,100%
1006.76891328179,4354.40415922619,100%
1006.93364679516,4347.05747767857,100%
1007.0983615815,4361.45827380952,100%
1007.2630576385,4353.65648809524,100%
1007.42773496389,4376.86680059524,100%
1007.59239355537,4346.6023735119,100%
1007.75703341066,4359.57284226191,100%
1007.92165452747,4356.06203869048,100%
1008.0862569035,4367.6346875,100%
1008.25084053648,4363.89633184524,100%
1008.41540542411,4359.18275297619,100%
1008.5799515641,4349.3329985119,100%
1008.74447895416,4323.52209077381,100%
1008.90898759202,4296.96351190476,100%
1009.07347747537,4324.07471726191,100%
1009.23794860194,4320.62892857143,100%
1009.40240096942,4317.28066220238,100%
1009.56683457554,4323.48958333333,100%
1009.731249418,4317.63824404762,100%
1009.89564549452,4292.70503720238,100%
1010.06002280281,4276.09373511905,100%
1010.22438134058,4269.26717261905,100%
1010.38872110554,4270.40493303571,100%
1010.5530420954,4256.03664434524,100%
1010.71734430788,4227.46260416667,100%
1010.88162774068,4214.8497172619,100%
1011.04589239152,4244.00889136905,100%
1011.21013825811,4235.97955357143,100%
1011.37436533816,4247.64972470238,100%
1011.53857362939,4287.76390625,100%
1011.70276312949,4272.71296130952,100%
1011.8669338362,4247.29214285714,100%
1012.03108574721,4268.81206845238,100%
1012.19521886024,4278.14170386905,100%
1012.359333173,4273.29809523809,100%
1012.5234286832,4252.20076636905,100%
1012.68750538856,4243.22871279762,100%
1012.85156328678,4228.27529017857,100%
1013.01560237558,4219.14069940476,100%
1013.17962265267,4209.64852678571,100%
1013.34362411576,4184.71531994048,100%
1013.50760676256,4216.8976860119,100%
1013.67157059078,4250.60790178571,100%
1013.83551559814,4237.53991071429,100%
1013.99944178234,4213.87449404762,100%
1014.16334914111,4225.44714285714,100%
1014.32723767214,4254.50879464286,100%
1014.49110737315,4243.39125,100%
1014.65495824186,4243.84635416667,100%
1014.81879027597,4254.34625744048,100%
1014.9826034732,4201.03405505952,100%
1015.14639783125,4215.14228422619,100%
1015.31017334784,4225.5121577381,100%
1015.47393002069,4225.28460565476,100%
1015.6376678475,4214.39461309524,100%
1015.80138682598,4202.00927827381,100%
1015.96508695385,4201.0665625,100%
1016.12876822881,4212.63921130952,100%
1016.29243064858,4196.25546130952,100%
1016.45607421088,4185.52800595238,100%
1016.6196989134,4192.71215029762,100%
1016.78330475387,4193.88241815476,100%
1016.94689173,4148.43701636905,100%
1017.11045983949,4240.75814732143,100%
1017.27400908006,4255.84159970238,100%
1017.43753944942,4276.93892857143,100%
1017.60105094529,4261.62792410714,100%
1017.76454356536,4232.53376488095,100%
1017.92801730736,4233.99659970238,100%
1018.091472169,4225.7722172619,100%
1018.25490814798,4211.1763764881,100%
1018.41832524203,4233.11889880952,100%
1018.58172344884,4215.01225446429,100%
1018.74510276614,4247.55220238095,100%
1018.90846319164,4228.21027529762,100%
1019.07180472303,4225.18708333333,100%
1019.23512735805,4256.03664434524,100%
1019.3984310944,4249.04754464286,100%
1019.56171592978,4216.63762648809,100%
1019.72498186192,4234.41919642857,100%
1019.88822888853,4224.08183035714,100%
1020.05145700731,4232.56627232143,100%
1020.21466621597,4239.2953125,100%
1020.37785651224,4264.6836235119,100%
1020.54102789381,4137.96962053571,100%
1020.70418035841,4107.21758184524,100%
1020.86731390374,4085.69765625,100%
1021.03042852752,4100.32600446429,100%
1021.19352422745,4100.8461235119,100%
1021.35660100125,4086.12025297619,100%
1021.51965884663,4058.35889880952,100%
1021.68269776131,4047.59893601191,100%
1021.84571774298,4013.98624255952,100%
1022.00871878937,4001.37335565476,100%
1022.17170089819,3958.5935639881,100%
1022.33466406715,3937.30119047619,100%
1022.49760829395,3940.19435267857,100%
1022.66053357632,3906.54915178571,100%
1022.82343991196,3886.03695684524,100%
1022.98632729858,3912.49801339286,100%
1023.1491957339,3909.40980654762,100%
1023.31204521562,3910.22249255952,100%
1023.47487574147,3901.67303571429,100%
1023.63768730915,3891.46569940476,100%
1023.80047991637,3866.23992559524,100%
1023.96325356084,3903.39593005952,100%
1024.12600824028,3932.81516369048,100%
1024.28874395239,3937.17116071429,100%
1024.4514606949,3923.29048363095,100%
1024.6141584655,3875.37451636905,100%
1024.77683726192,3857.10533482143,100%
1024.93949708186,3879.24290178571,100%
1025.10213792303,3866.63001488095,100%
1025.26475978316,3875.66708333333,100%
1025.42736265994,3865.65479166667,100%
1025.58994655109,3867.1176264881,100%
1025.75251145432,3891.56322172619,100%
1025.91505736734,3875.63457589286,100%
1026.07758428787,3888.86510416667,100%
1026.24009221362,3894.6839360119,100%
1026.40258114229,3890.42546130952,100%
1026.56505107161,3903.62348214286,100%
1026.72750199927,3885.679375,100%
1026.889933923,3874.69186011905,100%
1027.0523468405,3872.41633928571,100%
1027.21474074949,3873.55409970238,100%
1027.37711564767,3866.565,100%
1027.53947153277,3849.07599702381,100%
1027.70180840248,3854.24468005952,100%
1027.86412625453,3846.83298363095,100%
1028.02642508662,3854.89482886905,100%
1028.18870489646,3848.23080357143,100%
1028.35096568178,3825.15052083333,100%
1028.51320744027,3827.88114583333,100%
1028.67543016965,3845.59770089286,100%
1028.83763386764,3853.95211309524,100%
1028.99981853193,3844.8500297619,100%
1029.16198416026,3878.62526041667,100%
1029.32413075031,3870.62843005952,100%
1029.48625829982,3858.53566220238,100%
1029.64836680649,3829.66905505952,100%
1029.81045626803,3806.81632440476,100%
1029.97252668215,3780.38777529762,100%
1030.13457804657,3781.36299851191,100%
1030.29661035899,3775.67419642857,100%
1030.45862361713,3786.92177083333,100%
1030.6206178187,3801.8426860119,100%
1030.78259296141,3788.51463541667,100%
1030.94454904297,3784.97132440476,100%
1031.1064860611,3780.71284970238,100%
1031.2684040135,3797.25913690476,100%
1031.4303028979,3814.45557291667,100%
1031.59218271199,3826.74338541667,100%
1031.75404345349,3836.69066220238,100%
1031.91588512011,3841.89185267857,100%
1032.07770770956,3833.60245535714,100%
1032.23951121957,3841.92436011905,100%
1032.40129564783,3834.96776785714,100%
1032.56306099205,3795.66627232143,100%
1032.72480724996,3814.74813988095,100%
1032.88653441926,3820.82703125,100%
1033.04824249766,3848.23080357143,100%
1033.20993148288,3855.54497767857,100%
1033.37160137262,3850.86390625,100%
1033.53325216461,3865.58977678571,100%
1033.69488385654,3872.1562797619,100%
1033.85649644613,3878.65776785714,100%
1034.0180899311,3847.80820684524,100%
1034.17966430915,3824.30532738095,100%
1034.341219578,3816.47103422619,100%
1034.50275573535,3826.32078869048,100%
1034.66427277893,3798.1693452381,100%
1034.82577070643,3800.44486607143,100%
1034.98724951558,3808.01909970238,100%
1035.14870920408,3842.24943452381,100%
1035.31014976965,3817.86885416667,100%
1035.47157120999,3813.25279761905,100%
1035.63297352283,3787.31186011905,100%
1035.79435670586,3828.53129464286,100%
1035.95572075681,3822.71246279762,100%
1036.11706567338,3820.17688244048,100%
1036.27839145329,3819.26667410714,100%
1036.43969809424,3820.9570610119,100%
1036.60098559395,3828.92138392857,100%
1036.76225395013,3832.20463541667,100%
1036.92350316049,3834.05755952381,100%
1037.08473322275,3847.35310267857,100%
1037.24594413461,3861.36380952381,100%
1037.40713589379,3860.16103422619,100%
1037.56830849799,3909.50732886905,100%
1037.72946194494,3921.66511160714,100%
1037.89059623233,3907.58938988095,100%
1038.05171135789,3897.47957589286,100%
1038.21280731933,3875.99215773809,100%
1038.37388411435,3871.60365327381,100%
1038.53494174066,3844.42743303571,100%
1038.69598019599,3862.63159970238,100%
1038.85699947804,3861.65637648809,100%
1039.01799958452,3881.81098958333,100%
1039.17898051314,4812.7265625,100%
1039.33994226162,3874.07421875,100%
1039.50088482767,3876.80484375,100%
1039.661808209,3265.8275,100%
1039.82271240331,3351.15953125,100%
1039.98359740833,3841.989375,100%
1040.14446322176,3841.989375,100%
1040.30530984132,3841.989375,100%
1040.46613726472,3841.989375,100%
1040.62694548966,3841.989375,100%
1040.78773451386,3841.989375,100%

Peak Wavelengths
458.11271759739
546.645858252584
990.367977969402

Wavelength, Light Calibration Value, Darkness Calibration Value
345.21991,1224.6853125,1232.19453125
345.435498861008,1234.92515625,1236.29046875
345.651076862504,1226.73328125,1254.7221875
345.866644002202,3293.81640625,3276.75
346.082200277813,2996.8609375,3089.7021875
346.297745687047,2982.52515625,2899.24109375
346.513280227618,3734.1296875,3703.41015625
346.728803897236,3153.871875,3199.60984375
346.944316693613,2947.02703125,2904.70234375
347.15981861446,3625.58734375,3672.00796875
347.37530965749,2949.43258184524,2937.43733630952
347.590789820413,3064.86650297619,3050.20564732143
347.806259100942,3175.39180059524,3156.63500744048
348.021717496787,3277.9852827381,3255.13255208333
348.237165005661,3270.24851190476,3249.73631696429
348.452601625276,3314.23107886905,3288.35515625
348.668027353342,3368.38847470238,3343.58529761905
348.883442187571,3340.52959821429,3313.67845238095
349.098846125676,3342.51255208333,3306.98191964286
349.314239165367,3401.38352678571,3365.10522321429
349.529621304356,3389.2582514881,3347.84377232143
349.744992540355,3425.34151041667,3383.76449404762
349.960352871075,3440.52248511905,3400.1807514881
350.175702294228,3457.03626488095,3418.15736607143
350.391040807526,3465.13061755952,3420.49790178571
350.606368408679,3485.96788690476,3435.32129464286
350.821685095401,3518.9629389881,3465.42318452381
351.036990865402,3539.31259672619,3480.53914434524
351.252285716393,3557.28921130952,3491.20158482143
351.467569646088,3525.82200892857,3459.21426339286
351.682842652196,3503.22933779762,3440.16490327381
351.89810473243,3530.40555803571,3462.07491815476
352.113355884501,3534.01388392857,3467.37363095238
352.328596106122,3522.83132440476,3456.22357886905
352.543825395002,3506.64261904762,3443.41564732143
352.759043748855,3532.45352678571,3465.35816964286
352.974251165392,3506.2525297619,3439.35221726191
353.189447642324,3469.45410714286,3401.93615327381
353.404633177362,3492.01427083333,3424.46380952381
353.619807768219,3482.42457589286,3413.02119047619
353.834971412607,3438.63705357143,3365.91790922619
354.050124108236,3423.00097470238,3351.2895610119
354.265265852818,3385.975,3312.41066220238
354.480396644065,3378.10819940476,3305.35654761905
354.695516479689,3406.94229910714,3330.09470982143
354.9106253574,3403.23645089286,3325.21859375
355.125723274911,3389.35577380952,3312.34564732143
355.340810229934,3398.65290178571,3317.02671875
355.555886220179,3400.24576636905,3319.2047172619
355.770951243359,3396.44239583333,3313.58093005952
355.986005297185,3420.98551339286,3336.33613839286
356.201048379369,3438.27947172619,3351.77717261905
356.416080487621,3437.82436755952,3353.2075
356.631101619655,3425.11395833333,3331.2324702381
356.846111773181,3413.02119047619,3316.05149553571
357.061110945911,3436.84914434524,3326.42136904762
357.276099135557,3453.33041666667,3332.14267857143
357.49107633983,3470.52685267857,3337.63643601191
357.706042556441,3486.13042410714,3343.39025297619
357.920997783104,3480.08404017857,3328.40432291667
358.135942017528,3529.98296130952,3371.57420386905
358.350875257425,3553.74590029762,3385.48738839286
358.565797500508,3574.29060267857,3392.28144345238
358.780708744488,3607.09061011905,3408.76271577381
358.995608987076,3672.10549107143,3453.52546130952
359.210498225985,3664.01113839286,3423.29354166667
359.425376458925,3662.51579613095,3406.84477678572
359.640243683608,3703.34514136905,3424.65885416667
359.855099897745,3723.69479910714,3420.14031994048
360.06994509905,3729.44861607143,3400.83090029762
360.284779285232,3746.48251488095,3390.62356398809
360.499602454003,3770.21294642857,3382.10661458333
360.714414603076,3846.34537202381,3417.79978422619
360.929215730162,3868.28789434524,3398.68540922619
361.144005832972,3897.86966517857,3389.74586309524
361.358784909218,3962.91705357143,3417.9298139881
361.573552956612,3991.71864583333,3403.75656994048
361.788309972865,4015.9366889881,3383.53694196429
362.003055955688,4041.35750744048,3360.26161458333
362.217790902794,4097.10776785714,3367.12068452381
362.432514811894,4181.9521875,3391.82633928571
362.647227680699,4220.96111607143,3371.02157738095
362.861929506922,4256.32921130952,3351.09451636905
363.076620288273,4321.53913690476,3354.4427827381
363.291300022465,4385.31873511905,3359.93654017857
363.505968707208,4417.14351934524,3333.18291666667
363.720626340215,4468.50527529762,3325.31611607143
363.935272919197,4586.79985119048,3377.39303571429
364.149908441866,4639.39688988095,3367.05566964286
364.364532905934,4688.80819940476,3357.69352678571
364.579146309111,4764.32298363095,3373.10205357143
364.79374864911,4833.59633928571,3382.85428571429
365.008339923641,4888.85898809524,3384.38213541667
365.222920130418,4913.14204613095,3355.8080952381
365.437489267151,4973.9634672619,3362.60215029762
365.652047331552,5042.39162946429,3380.02613839286
365.866594321332,5085.46398809524,3369.94883184524
366.081130234203,5122.39244047619,3363.02474702381
366.295655067877,5161.53139880952,3358.21364583333
366.510168820066,5205.87154761905,3366.30799851191
366.72467148848,5212.6330952381,3335.68598958333
366.939163070832,5218.97204613095,3315.36883928571
367.153643564833,5237.66382440476,3308.31472470238
367.368112968194,5296.79485863095,3338.57915178571
367.582571278628,5322.93084077381,3338.67667410714
367.797018493846,5327.57940476191,3317.90441964286
368.011454611559,5315.64917410714,3286.3071875
368.225879629479,5341.75264880952,3300.44792410714
368.440293545318,5323.87355654762,3276.19737351191
368.654696356787,5326.18158482143,3270.41104910714
368.869088061598,5333.17068452381,3274.40946428571
369.083468657462,5351.11479166667,3284.81184523809
369.297838142092,5386.51539434524,3313.45090029762
369.512196513198,5390.51380952381,3311.59797619048
369.726543768492,5378.06345982143,3299.86279017857
369.940879905687,5402.44404017857,3333.24793154762
370.155204922492,5397.04780505952,3330.32226190476
370.369518816621,5401.95642857143,3338.1890625
370.583821585784,5421.62343005952,3368.38847470238
370.798113227694,5381.41172619048,3340.04198660714
371.012393740062,5421.16832589286,3391.37123511905
371.226663120598,5419.18537202381,3408.14507440476
371.440921367016,5388.04324404762,3393.38669642857
371.655168477027,5397.73046130952,3426.18670386905
371.869404448341,5369.41648065476,3417.27966517857
372.083629278672,5354.30052083333,3427.64953869048
372.29784296573,5339.41211309524,3435.51633928571
372.512045507227,5341.00497767857,3461.55479910714
372.726236900874,5329.75740327381,3474.5902827381
372.940417144384,5304.95422619048,3467.82873511905
373.154586235468,5289.0905952381,3473.09494047619
373.368744171837,5285.44976190476,3484.01744047619
373.582890951202,5271.40654761905,3486.35797619048
373.797026571277,5217.50921130952,3446.66639136905
374.011151029772,5195.53418154762,3436.88165178571
374.225264324398,5208.30960565476,3455.02080357143
374.439366452868,5196.83447916667,3439.83982886905
374.653457412893,5175.57461309524,3422.2858110119
374.867537202184,5147.94328869048,3395.95478422619
375.081605818454,5155.94011904762,3404.21167410714
375.295663259413,5194.59146577381,3447.02397321429
375.509709522774,5147.39066220238,3397.93773809524
375.723744606248,5161.14130952381,3403.10642113095
375.937768507546,5194.55895833333,3425.95915178571
376.15178122438,5187.95994791667,3407.9500297619
376.365782754462,5180.5482514881,3390.91613095238
376.579773095504,5188.90266369048,3386.26756696429
376.793752245216,5219.7197172619,3400.31078125
377.007720201311,5237.4687797619,3398.45785714286
377.2216769615,5246.50584821429,3383.76449404762
377.435622523495,5267.27810267857,3379.63604910714
377.649556885007,5304.82419642857,3394.19938244048
377.863480043748,5294.22677083333,3361.2693452381
378.07739199743,5300.53321428572,3346.96607142857
378.291292743764,5324.03609375,3352.06973958333
378.505182280461,5364.89794642857,3370.33892113095
378.719060605234,5385.37763392857,3373.75220238095
378.932927715794,5385.60518601191,3348.62395089286
379.146783609852,5431.66822916667,3371.21662202381
379.36062828512,5456.37388392857,3376.19026041667
379.57446173931,5458.6494047619,3348.23386160714
379.788283970133,5490.21412946429,3345.47072916667
380.002094975302,5541.18579613095,3359.2213764881
380.215894752526,5611.434375,3393.15914434524
380.429683299519,5668.19236607143,3411.7859077381
380.643460613992,5687.85936755952,3387.60037202381
380.857226693655,5732.91468005952,3388.90066964286
381.070981536222,5797.76702380952,3407.88501488095
381.284725139403,5813.40310267857,3371.60671130952
381.49845750091,5855.76029761905,3359.87152529762
381.712178618455,5908.42235119048,3359.54645089286
381.925888489749,5962.28718005952,3365.26776041667
382.139587112504,6034.8112797619,3380.57876488095
382.353274484432,6109.41585565476,3400.11573660714
382.566950603243,6168.09178571428,3396.27985863095
382.780615466651,6338.49578869048,3501.18136904762
382.994269072365,6364.72929315476,3468.47888392857
383.207911418098,6413.06785714286,3451.6400297619
383.421542501562,6475.70969494048,3455.57343005952
383.635162320468,6547.19355654762,3463.50524553571
383.848770872527,6646.50378720238,3485.96788690476
384.062368155452,6724.32659970238,3492.3393452381
384.275954166954,6795.90798363095,3488.63349702381
384.489528904744,6869.11473958333,3483.95242559524
384.703092366534,6869.56984375,3409.7379389881
384.916644550035,6913.22733630952,3377.39303571429
385.13018545296,7004.02061755952,3390.6235639881
385.34371507302,7098.64977678571,3398.68540922619
385.557233407926,7173.22184523809,3391.01365327381
385.77074045539,7278.22087797619,3417.99482886905
385.984236213123,7357.96162946429,3417.5072172619
386.197720678838,7449.11249255952,3421.44061755952
386.411193850246,7553.23382440476,3435.90642857143
386.624655725058,7626.50559523809,3417.11712797619
386.838106300986,7736.12068452381,3432.55816220238
387.051545575742,7847.55619047619,3450.2747172619
387.264973547037,7835.5284375,3352.36230654762
387.478390212582,7953.98555059524,3376.90542410714
387.69179557009,8058.98458333333,3380.83882440476
387.905189617272,8157.09203869048,3381.29392857143
388.11857235184,8255.94716517857,3380.09115327381
388.331943771505,8346.35035714286,3373.36211309524
388.545303873978,8459.47625,3380.3837202381
388.758652656972,8585.11750744047,3401.05845238095
388.971990118198,8682.44478422619,3395.14209821429
389.185316255368,8810.71914434524,3415.45924851191
389.398631066192,8921.14691964286,3413.47629464286
389.611934548384,9019.80700148809,3394.52445684524
389.825226699653,9130.55985119048,3397.19006696429
390.038507517713,9246.64392113095,3399.30305059524
390.251777000274,9365.81619791667,3395.14209821429
390.465035145049,9538.10563244047,3445.2360639881
390.678281949748,9662.90169642857,3449.68958333333
390.891517412083,9771.02144345238,3435.06123511905
391.104741529767,9894.4196875,3435.9389360119
391.31795430051,9995.22526041667,3413.28125
391.531155722024,10125.1575,3415.32921875
391.74434579202,10228.4011309524,3387.69789434524
391.957524508211,10373.1242559524,3391.66380208333
392.170691868309,10502.048764881,3399.33555803571
392.383847870023,10638.7750595238,3402.65131696429
392.596992511067,10756.4845014881,3378.53079613095
392.810125789151,10907.1564880952,3387.37281994048
393.023247701988,11046.7109300595,3398.8154389881
393.236358247288,11160.74703125,3364.55259672619
393.449457422764,11296.6281324405,3359.28639136905
393.662545226128,11466.6095386905,3378.88837797619
393.875621655089,11604.408578869,3373.71969494048
394.088686707362,11752.1548958333,3384.64219494048
394.301740380656,11911.2788169643,3386.43010416667
394.514782672683,12033.3117485119,3357.3034375
394.727813581156,12173.9064285714,3343.19520833333
394.940833103785,12261.5789955357,3283.86912946429
395.153841238283,12393.1691145833,3267.87546875
395.36683798236,12535.1941220238,3261.92660714286
395.579823333729,12670.9451934524,3255.26258184524
395.792797290101,12810.2720833333,3242.55217261905
396.005759849188,12937.4736979167,3219.66693452381
396.218711008701,13124.8465848214,3244.82769345238
396.431650766351,13270.5774404762,3245.54285714286
396.644579119852,13418.6813392857,3237.77357886905
396.857496066913,13556.9679910714,3231.43462797619
397.070401605247,13696.880014881,3227.40370535714
397.283295732565,13829.8354464286,3223.66534970238
397.496178446579,13984.6683854167,3220.05702380952
397.709049745,14136.6731770833,3222.91767857143
397.921909625541,14294.9193973214,3235.33552083333
398.134758085912,14449.9798883929,3241.251875
398.347595123825,14642.5214583333,3290.46813988095
398.560420736992,14818.1591592262,3306.59183035714
398.773234923125,14959.04640625,3300.02532738095
398.986037679935,15117.5201785714,3312.67072172619
399.198829005133,15259.8052455357,3313.02830357143
399.411608896431,15411.4199479167,3328.69688988095
399.624377351542,15548.0812276786,3326.4538764881
399.837134368175,15702.0039583333,3333.11790178571
400.049879944044,15962.3885565476,3425.99165922619
400.262614076859,16133.6377529762,3434.60613095238
400.475336764333,16260.4817857143,3426.02416666667
400.688048004176,16398.7359300595,3432.29810267857
400.900747794101,16532.7315997024,3424.7563764881
401.113436131818,16671.7009077381,3406.29215029762
401.32611301504,16852.0521875,3414.41901041667
401.538778441479,17027.2997991071,3433.98848958333
401.751432408845,17187.9190625,3435.12625
401.964074914851,17328.2861904762,3432.88323660714
402.176705957207,17441.7046502976,3408.82773065476
402.389325533626,17556.8460044643,3381.8790625
402.601933641819,17707.0953943452,3391.01365327381
402.814530279499,17800.6193005952,3351.97221726191
403.027115444375,17939.9786979167,3349.92424851191
403.23968913416,18106.4493005952,3374.56488839286
403.452251346566,18225.9791592262,3361.43188244048
403.664802079304,18365.436078869,3367.93337053571
403.877341330086,18536.7827976191,3375.0525
404.089869096623,18699.6775818452,3379.31097470238
404.302385376627,18828.8946577381,3382.91930059524
404.51489016781,18866.8633482143,3289.52542410714
404.727383467883,18991.5943973214,3277.62770089286
404.939865274557,19122.9244568452,3273.30421130952
405.152335585545,19256.1074404762,3262.57675595238
405.364794398558,19411.0704092262,3277.20510416667
405.577241711307,19552.6078050595,3290.403125
405.789677521504,19646.4567857143,3275.87229910714
406.002101826862,19788.4167782738,3289.68796130952
406.21451462509,19915.2608110119,3291.11828869048
406.426915913901,20041.5522172619,3293.65386904762
406.639305691007,20181.8868377976,3309.55000744048
406.851683954119,20325.4396949405,3323.3006547619
407.064050700949,20435.5749032738,3296.61204613095
407.276405929208,20552.796733631,3288.84276785714
407.488749636608,20693.6189657738,3312.248125
407.70108182086,20798.2604166667,3298.17240327381
407.913402479676,20970.9074330357,3330.84238095238
408.125711610768,21103.1802083333,3347.6162202381
408.338009211848,21190.4951934524,3326.0312797619
408.550295280626,21314.1534970238,3321.8053125
408.762569814815,21439.567202381,3319.10719494048
408.974832812126,21510.6934821429,3277.49767113095
409.18708427027,21655.839203869,3320.40749255952
409.39932418696,21791.005141369,3341.34228422619
409.611552559907,21887.9748363095,3348.91651785714
409.823769386822,22001.0032068452,3343.19520833333
410.035974665417,22131.2930282738,3375.34506696429
410.248168393404,22261.0627306548,3413.76886160714
410.460350568494,22322.2092261905,3394.94705357143
410.672521188399,22403.7378869048,3380.41622767857
410.88468025083,22494.88875,3373.6871875
411.096827753499,22640.359546131,3404.14665922619
411.308963694118,22742.69296875,3413.76886160714
411.521088070399,22854.583578869,3431.42040178571
411.733200880052,22998.2989732143,3450.46976190476
411.945302120789,23068.6775818452,3454.63071428571
412.157391790323,23144.09484375,3447.93418154762
412.369469886364,23198.089702381,3421.14805059524
412.581536406624,23249.7440252976,3386.1050297619
412.793591348816,23342.6502901786,3396.86499255952
413.005634710649,23397.0027306548,3392.41147321429
413.217666489837,23481.4570610119,3402.61880952381
413.42968668409,23594.4529241072,3432.78571428571
413.641695291121,23672.6008110119,3418.70999255952
413.85369230864,23754.9421577381,3417.40969494048
414.06567773436,23834.1302827381,3408.56767113095
414.277651565991,23894.3665699405,3427.68204613095
414.489613801246,23953.4650967262,3408.08005952381
414.701564437837,24027.517046131,3383.30938988095
414.913503473474,24137.7497767857,3389.06320684524
415.12543090587,24246.7472247024,3412.33853422619
415.337346732735,24304.0578422619,3392.34645833333
415.549250951782,24360.1006696429,3387.40532738095
415.761143560723,24438.1185267857,3376.38530505952
415.973024557268,24518.8670089286,3380.77380952381
416.184893939129,24602.4111309524,3388.60810267857
416.396751704019,24669.0513839286,3350.05427827381
416.608597849648,24747.589360119,3352.97994791667
416.820432373728,24804.9649925595,3357.23842261905
417.032255273971,24913.8974255952,3397.93773809524
417.244066548088,25004.7232142857,3405.02436011905
417.455866193791,25109.0395907738,3428.39720982143
417.667654208792,25155.2326636905,3415.49175595238
417.879430590802,25239.3619196429,3419.42515625
418.091195337533,25292.8691666667,3420.66043898809
418.302948446696,25367.2786979167,3411.68838541667
418.514689916002,25427.9375818452,3412.33853422619
418.726419743165,25485.7683184524,3401.5460639881
418.938137925894,25546.979828869,3374.69491815476
419.149844461903,25613.8476339286,3373.75220238095
419.361539348901,25631.0765773809,3356.65328869048
419.573222584602,25681.1055282738,3339.13177827381
419.784894166716,25757.2054464286,3357.04337797619
419.996554092955,25804.8938616071,3343.61780505952
420.208202361031,25890.2909077381,3349.40412946429
420.419838968655,25895.3295610119,3343.16270089286
420.631463913539,25951.8274925595,3332.69530505952
420.843077193395,26034.2988690476,3356.78331845238
421.054678805933,26118.5256473214,3377.97816964286
421.266268748867,26196.6735342262,3389.71335565476
421.477847019906,26262.6636383929,3392.31395089286
421.689413616764,26316.8860491071,3389.74586309524
421.900968537151,26344.9399702381,3370.76151785714
422.112511778779,26427.9314657738,3387.60037202381
422.32404333936,26475.45734375,3399.27054315476
422.535563216605,26521.2278199405,3392.18392113095
422.747071408226,26593.4593526786,3431.51792410714
422.958567911934,26668.4215104167,3441.10761904762
423.170052725441,26730.77078125,3420.59542410714
423.38152584646,26775.1434375,3435.09374255952
423.5929872727,26823.3844791667,3446.08125744048
423.804437001874,26861.5482142857,3428.49473214286
424.015875031694,26914.470327381,3440.78254464286
424.22730135987,26988.9448735119,3467.92625744048
424.438715984116,27048.5960267857,3482.48959077381
424.650118902141,27048.4009821429,3494.12725446429
424.861510111659,27121.8352901786,3509.66581101191
425.07288961038,27172.8719717262,3514.05431547619
425.284257396016,27206.1920982143,3522.86383184524
425.495613466278,27214.7415550595,3505.69990327381
425.706957818879,27213.8638541667,3495.3300297619
425.91829045153,27251.9625744048,3481.70941220238
426.129611361942,27261.0321502976,3480.92923363095
426.340920547827,27314.0192782738,3487.23567708333
426.552218006896,27331.1181919643,3465.19563244048
426.763503736862,27339.70015625,3462.26996279762
426.974777735436,27382.7400074405,3482.52209821429
427.186040000329,27387.8111681548,3472.99741815476
427.397290529253,27415.7350595238,3475.63052083333
427.60852931992,27395.4504166667,3484.04994791667
427.81975637004,27469.0797693452,3518.57284970238
428.030971677327,27490.3396354167,3496.79286458333
428.242175239491,27537.9955431548,3526.69970982143
428.453367054244,27554.3142782738,3528.97523065476
428.664547119298,27550.3483705357,3507.13023065476
428.875715432364,27519.4012872024,3486.8780952381
429.086871991153,27558.7352901786,3488.40594494048
429.298016793378,27581.6855431548,3472.73735863095
429.50914983675,27571.8357886905,3481.546875
429.72027111898,27549.7632366071,3451.54250744048
429.931380637781,27570.6980282738,3455.44340029762
430.142478390864,27631.3894196429,3484.63508184524
430.353564375939,27605.2534375,3479.30386160714
430.56463859072,27637.5658333333,3490.94152529762
430.775701032917,27601.7426339286,3480.53914434524
430.986751700243,27637.1432366071,3486.32546875
431.197790590408,27635.2252976191,3491.36412202381
431.408817701124,27641.369203869,3480.57165178571
431.619833030104,27637.6958630952,3445.07352678572
431.830836575058,27611.9824776786,3435.64636904762
432.041828333698,27680.5731770833,3480.96174107143
432.252808303736,27627.6185565476,3437.66183035714
432.463776482883,27630.9993303572,3452.29017857143
432.674732868851,27664.4819940476,3443.09057291667
432.885677459352,27657.2978497024,3460.28700892857
433.096610252096,27644.3273809524,3456.48363839286
433.307531244797,27666.8225297619,3463.86282738095
433.518440435165,27619.9142931548,3456.38611607143
433.729337820911,27601.8076488095,3456.32110119048
433.940223399749,27597.1915922619,3444.6834375
434.151097169388,27554.801889881,3424.00870535714
434.361959127541,27499.9293303571,3411.94844494048
434.572809271919,27480.5548958333,3395.85726190476
434.783647600234,27445.7069196429,3390.65607142857
434.994474110198,27373.9629985119,3370.59898065476
435.205288799522,27369.6395089286,3372.28936755952
435.416091665917,27315.2545610119,3379.63604910714
435.626882707096,27332.9061011905,3385.51989583333
435.837661920769,27284.339985119,3372.58193452381
436.048429304649,27236.8466145833,3377.88064732143
436.259184856448,27220.7879389881,3396.01979910714
436.469928573875,27130.1897023809,3338.15655505952
436.680660454645,27107.7270610119,3364.35755208333
436.891380496466,27038.713764881,3351.9722172619
437.102088697053,26943.3694419643,3346.08837053571
437.312785054115,26868.6998511905,3299.57022321429
437.523469565365,26818.5408705357,3307.01442708333
437.734142228515,26794.2578125,3331.88261904762
437.944803041275,26782.2950744048,3328.53435267857
438.155452001357,26724.2692931548,3335.52345238095
438.366089106474,26600.0908705357,3316.44158482143
438.576714354336,26577.4331845238,3348.13633928571
438.787327742656,26550.9721279762,3332.43524553571
438.997929269144,26495.7744940476,3347.77875744048
439.208518931513,26423.0878571429,3351.22454613095
439.419096727474,26361.7138095238,3359.51394345238
439.629662654738,26287.2717708333,3369.59125
439.840216711018,26217.9008928571,3367.64080357143
440.050758894025,26088.8138467262,3333.89808035714
440.261289201469,26001.5963839286,3354.11770833333
440.471807631064,25946.6913169643,3374.17479910714
440.682314180521,25877.45046875,3359.31889880952
440.892808847551,25822.4153720238,3360.52167410714
441.103291629865,25695.1487425595,3325.21859375
441.313762525176,25637.5455580357,3322.39044642857
441.524221531195,25570.0926190476,3330.09470982143
441.734668645633,25509.5962723214,3365.46280505952
441.945103866203,25450.1726711309,3353.69511160714
442.155527190615,25325.8967261905,3323.43068452381
442.365938616582,25251.3571651786,3342.57756696429
442.576338141815,25171.3238467262,3329.96468005952
442.786725764025,25115.2810193452,3336.9537797619
442.997101480925,25034.7600892857,3336.56369047619
443.207465290225,24974.9463988095,3372.28936755952
443.417817189638,24885.2258630952,3349.20908482143
443.628157176875,24857.4645089286,3369.23366815476
443.838485249647,24804.3473511905,3361.2693452381
444.048801405666,24731.95328125,3374.10978422619
444.259105642644,24665.7681324405,3365.23525297619
444.469397958293,24594.3167782738,3370.30641369048
444.679678350323,24503.1659151786,3333.96309523809
444.889946816447,24426.1882961309,3331.00491815476
445.100203354376,24332.7944196429,3336.56369047619
445.310447961822,24245.4794345238,3355.71057291667
445.520680636496,24218.2381994048,3380.05864583333
445.73090137611,24189.306577381,3425.24398809524
445.941110178376,24144.0237127976,3448.74686755952
446.151307041005,24045.88375,3427.42198660714
446.361491961708,23971.1491443452,3427.74706101191
446.571664938198,23908.5073065476,3445.91872023809
446.781825968186,23814.0731919643,3433.27332589286
446.991975049383,23744.7998363095,3433.46837053571
447.202112179501,23698.7042857143,3462.69255952381
447.412237356252,23608.918735119,3444.35836309524
447.622350577348,23494.1674702381,3410.51811755952
447.832451840499,23439.4249404762,3434.86619047619
448.042541143418,23343.3004389881,3425.95915178571
448.252618483815,23292.7838764881,3439.90484375
448.462683859404,23234.7906026786,3424.98392857143
448.672737267895,23160.7386532738,3426.64180803571
448.882778706999,23134.8952380952,3455.80098214286
449.092808174429,23122.24984375,3496.14271577381
449.302825667897,23029.0835193452,3477.87353422619
449.512831185113,22968.8797395833,3467.3411235119
449.722824723789,22928.6355282738,3473.77759672619
449.932806281637,22851.1377901786,3468.60891369048
450.142775856368,22744.5458928571,3434.60613095238
450.352733445695,22689.6408258929,3428.26718005952
450.562679047328,22648.9740178571,3444.42337797619
450.77261265898,22583.5365401786,3448.74686755952
450.982534278361,22529.4766666667,3449.10444940476
451.192443903184,22458.5454315476,3435.54884672619
451.40234153116,22370.3527455357,3417.44220238095
451.61222716,22309.6938616071,3407.03982142857
451.822100787417,22277.4464806548,3413.11871279762
452.031962411121,22246.4343824405,3447.31654017857
452.241812028825,22149.8222693452,3414.02892113095
452.45164963824,22105.4496130952,3404.89433035714
452.661475237078,22030.5199627976,3403.1714360119
452.87128882305,22004.7740699405,3419.39264880952
453.081090393868,21928.4140922619,3412.07847470238
453.290879947243,21863.8218080357,3424.39879464286
453.500657480887,21802.8378497024,3417.83229166667
453.710422992512,21768.0873958333,3422.31831845238
453.920176479828,21713.4423883929,3419.10008184524
454.129917940549,21686.006108631,3433.98848958333
454.339647372385,21641.8935119048,3431.22535714286
454.549364773049,21598.9186755952,3455.21584821429
454.75907014025,21523.533921131,3440.78254464286
454.968763471702,21504.3870386905,3442.50543898809
455.178444765116,21455.4958482143,3454.72823660714
455.388114018203,21473.9275669643,3468.90148065476
455.597771228675,21457.0887127976,3495.72011904762
455.807416394244,21460.2744419643,3546.91933779762
456.017049512621,21416.8119940476,3535.83430059524
456.226670581517,21389.9933556548,3538.49991071429
456.436279598645,21334.6656919643,3524.97681547619
456.645876561716,21337.2662872024,3565.09099702381
456.855461468442,21325.9211904762,3583.1326264881
457.065034316534,21293.0236607143,3567.78911458333
457.274595103703,21214.3881622024,3532.0634375
457.484143827662,21188.0571354167,3540.90546130952
457.693680486122,21147.4878497024,3489.54370535714
457.903205076794,21098.6291666667,3474.88284970238
458.11271759739,21122.3595982143,3506.90267857143
458.322218045623,21124.8951785714,3517.95520833333
458.531706419202,21061.0505654762,3471.20950892857
458.741182715841,21051.7534375,3481.51436755952
458.95064693325,21014.4674032738,3449.78710565476
459.160099069141,20978.6442038691,3452.38770089286
459.369539121226,20951.1429092262,3458.14151785714
459.578967087216,20925.6895833333,3453.03784970238
459.788382964823,20854.7583482143,3418.25488839286
459.997786751759,20850.7924404762,3408.43764136905
460.207178445735,20802.4863839286,3373.23208333333
460.416558044462,20810.710766369,3383.30938988095
460.625925545653,20807.2649776786,3406.29215029762
460.835280947018,20822.9010565476,3418.18987351191
461.044624246271,20768.6136309524,3373.88223214286
461.253955441121,20753.9527752976,3365.98292410714
461.463274529281,20740.8197693452,3370.1438764881
461.672581508462,20774.660014881,3423.91118303572
461.881876376376,20802.3563541667,3429.76252232143
462.091159130735,20794.8471354167,3444.61842261905
462.30042976925,20773.2296875,3431.1603422619
462.509688289632,20743.3553497024,3412.89116071429
462.718934689594,20720.5026190476,3413.73635416667
462.928168966846,20730.0598065476,3441.72526041667
463.137391119102,20695.0818005952,3424.49631696429
463.346601144071,20714.4237276786,3449.49453869048
463.555799039465,20743.7129315476,3460.5145610119
463.764984802997,20731.7501934524,3438.53953125
463.974158432378,20747.0611979167,3434.67114583333
464.18331992532,20745.5333482143,3430.34765625
464.392469279533,20769.5238392857,3445.36609375
464.60160649273,20802.1613095238,3451.21743303571
464.810731562622,20808.2727083333,3448.16173363095
465.019844486922,20818.5125520833,3443.22060267857
465.228945263339,20817.8949107143,3420.95300595238
465.438033889587,20848.7444717262,3419.13258928571
465.647110363376,20882.0320907738,3423.52109375
465.856174682419,20911.743891369,3433.79344494048
466.065226844426,20925.5920610119,3420.04279761905
466.27426684711,20944.2513318452,3421.08303571429
466.483294688181,21016.93796875,3463.37521577381
466.692310365353,21062.7734598214,3483.26976934524
466.901313876335,21079.74234375,3479.43389136905
467.110305218841,21107.0160863095,3465.58572172619
467.319284390581,21114.1027083333,3449.72209077381
467.528251389266,21166.2121354167,3459.01921875
467.73720621261,21172.5510863095,3458.95420386905
467.946148858323,21183.0834970238,3426.28422619048
468.155079324116,21221.3122470238,3424.65885416667
468.363997607702,21231.227016369,3410.51811755952
468.572903706792,21233.34,3403.88659970238
468.781797619097,21243.8073958333,3382.0090922619
468.99067934233,21244.7501116071,3378.72584077381
469.199548874201,21229.991733631,3357.01087053571
469.408406212423,21230.8044196429,3329.67211309524
469.617251354706,21293.7063169643,3352.29729166667
469.826084298764,21361.2892857143,3389.55081845238
470.034905042306,21372.0492485119,3389.90840029762
470.243713583045,21405.0117931548,3401.64358630952
470.452509918693,21427.5394494048,3385.32485119048
470.661294046961,21469.1814806548,3400.47331845238
470.87006596556,21483.5172619048,3382.82177827381
471.078825672202,21518.8853571429,3372.71196428571
471.287573164599,21565.4360119048,3381.19640625
471.496308440462,21615.1723958333,3389.84338541667
471.705031497503,21668.19203125,3391.3062202381
471.913742333434,21707.78609375,3389.48580357143
472.122440945966,21777.5470610119,3389.22574404762
472.331127332811,21848.8033705357,3429.99007440476
472.53980149168,21882.481078869,3438.86460565476
472.748463420285,21944.2777232143,3456.64617559524
472.957113116337,22029.8698139881,3487.43072172619
473.165750577549,22065.2704166667,3493.08701636905
473.374375801631,22131.0979836309,3506.9351860119
473.582988786296,22197.250625,3532.84361607143
473.791589529255,22277.7065401786,3566.22875744048
474.000178028219,22257.942016369,3547.79703869048
474.2087542809,22268.864516369,3510.38097470238
474.41731828501,22291.7497544643,3501.40892113095
474.62587003826,22345.0944642857,3498.90584821429
474.834409538362,22395.9361011905,3500.85629464286
475.042936783028,22424.1525595238,3493.41209077381
475.251451769968,22446.6152008929,3487.52824404762
475.459954496896,22484.5188764881,3504.23706845238
475.668444961521,22479.252671131,3474.10267113095
475.876923161557,22501.03265625,3467.69870535714
476.085389094714,22550.6065029762,3485.12269345238
476.293842758704,22574.2719196429,3485.31773809524
476.502284151238,22567.6729092262,3455.6059375
476.710713270029,22586.3321800595,3433.63090773809
476.919130112788,22637.0437872024,3442.70048363095
477.127534677227,22670.4614360119,3430.18511904762
477.335926961056,22698.7429092262,3436.26401041667
477.544306961988,22732.2905877976,3436.88165178571
477.752674677734,22759.9219122024,3431.64795386905
477.961030106007,22767.4961458333,3400.27827380952
478.169373244516,22784.8226116071,3414.5165327381
478.377704090975,22835.2741592262,3424.04121279762
478.586022643094,22869.7645535714,3443.8707514881
478.794328898586,22904.9701116071,3452.48522321429
479.002622855161,22943.5239360119,3474.00514880952
479.210904510532,22993.3578422619,3513.20912202381
479.41917386241,23000.73703125,3498.54826636905
479.627430908506,23022.8420907738,3491.85173363095
479.835675646533,23061.2658854167,3502.64420386905
480.043908074201,23120.0718452381,3526.37463541667
480.252128189223,23111.9774925595,3515.48464285714
480.46033598931,23129.141421131,3506.80515625
480.668531472173,23171.9212127976,3530.53558779762
480.876714635525,23188.3049627976,3531.70585565476
481.084885477077,23190.1253794643,3528.32508184524
481.29304399454,23186.9396502976,3512.91655505952
481.501190185626,23182.0310267857,3515.09455357143
481.709324048046,23202.3481770833,3516.94747767857
481.917445579513,23191.1656175595,3508.7230952381
482.125554777737,23202.5432217262,3500.1086235119
482.333651640431,23220.4548214286,3515.19207589286
482.541736165306,23229.1018005952,3494.67988095238
482.749808350073,23216.5539285714,3471.50207589286
482.957868192445,23229.6219196429,3474.29771577381
483.165915690132,23228.74421875,3452.94032738095
483.373950840847,23199.7800892857,3414.97163690476
483.581973642301,23154.0746279762,3374.46736607143
483.789984092205,23120.9820535714,3352.91493303571
483.997982188272,23108.7592559524,3334.58073660714
484.205967928212,23113.1152529762,3335.91354166667
484.413941309737,23078.0722321429,3315.79143601191
484.62190233056,23117.7313095238,3349.46914434524
484.829850988391,23112.627641369,3360.09907738095
485.037787280942,23094.0984002976,3352.78490327381
485.245711205925,23119.3241741071,3386.88520833333
485.453622761051,23135.5453869048,3408.14507440476
485.661521944033,23143.2821577381,3417.79978422619
485.86940875258,23184.0789955357,3453.72050595238
486.077283184406,23188.532514881,3463.31020089286
486.285145237222,23177.5775074405,3457.10127976191
486.492994908739,23168.052827381,3453.98056547619
486.700832196668,23171.4336011905,3459.50683035714
486.908657098723,23149.1334970238,3455.0533110119
487.116469612613,23218.569389881,3523.3189360119
487.324269736051,23189.2801860119,3509.79584077381
487.532057466749,23215.026078869,3547.34193452381
487.739832802417,23178.5527306548,3524.71675595238
487.947595740768,23183.0387574405,3528.22755952381
488.155346279513,23220.8449107143,3557.22419642857
488.363084416364,23194.2538244048,3544.22122023809
488.570810149032,23174.4242857143,3534.50149553571
488.778523475229,23165.5822619048,3531.41328869048
488.986224392666,23150.5963318452,3525.00932291667
489.193912899055,23137.1057440476,3513.01407738095
489.401588992108,23078.6898735119,3467.63369047619
489.609252669537,23049.953296131,3445.10603422619
489.816903929052,23030.7413988095,3445.04101934524
490.024542768366,22985.3610119048,3427.94210565476
490.23216918519,22971.3177976191,3422.18828869048
490.439783177235,22929.4482142857,3387.99046130952
490.647384742214,22920.5086681548,3380.93634672619
490.854973877837,22885.0430505952,3376.90542410714
491.062550581817,22856.3714880952,3359.12385416667
491.270114851865,22839.6626636905,3358.08361607143
491.477666685693,22771.9171577381,3313.4834077381
491.685206081012,22778.3536309524,3326.19381696429
491.892733035534,22723.5135788691,3288.16011160714
492.10024754697,22753.0628422619,3319.23722470238
492.307749613032,22767.95125,3342.93514880952
492.515239231432,22746.4963392857,3352.65487351191
492.722716399881,22774.8753348214,3396.37738095238
492.930181116091,22750.267202381,3391.53377232143
493.137633377774,22774.6152752976,3420.6604389881
493.34507318264,22774.8753348214,3431.90801339286
493.552500528402,22746.3988169643,3428.23467261905
493.759915412771,22776.6632440476,3466.62595982143
493.967317833459,22798.9633482143,3498.71080357143
494.174707788178,22787.5857440476,3495.91516369048
494.382085274638,22803.5794047619,3519.93816220238
494.589450290552,22772.9899032738,3513.63171875
494.796802833631,22757.7439136905,3524.91180059524
495.004142901588,22753.5829613095,3535.24916666667
495.211470492132,22761.059672619,3550.33261904762
495.418785602976,22745.5861309524,3551.1778125
495.626088231832,22729.4949479167,3549.25987351191
495.833378376411,22693.7692708333,3534.82656994048
496.040656034425,22667.6332886905,3532.55104910714
496.247921203586,22651.9321949405,3534.95659970238
496.455173881604,22615.2963095238,3528.61764880952
496.662414066192,22543.3898511905,3490.12883928571
496.869641755061,22533.0849925595,3481.18929315476
497.076856945923,22512.3777529762,3480.50663690476
497.284059636489,22483.3811160714,3467.24360119048
497.491249824471,22437.4155952381,3456.02853422619
497.698427507581,22391.2550297619,3432.75320684524
497.90559268353,22362.1608705357,3417.34468005952
498.112745350029,22351.2058630952,3421.70067708333
498.319885504791,22281.834985119,3380.44873511905
498.527013145527,22251.3104985119,3370.04635416667
498.734128269948,22224.8819494048,3364.35755208333
498.941230875767,22199.7862053571,3352.84991815476
499.148320960694,22232.8462723214,3404.24418154762
499.355398522442,22207.0353645833,3413.24874255952
499.562463558721,22169.6193005952,3401.74110863095
499.769516067244,22156.7463541667,3402.45627232143
499.976556045722,22144.6535863095,3401.77361607143
500.183583491867,22148.9445684524,3408.08005952381
500.39059840339,22106.1647767857,3391.30622023809
500.597600778004,22095.4373214286,3404.73179315476
500.804590613418,22078.6634821429,3402.42376488095
501.011567907346,22103.3041220238,3426.8043452381
501.218532657498,22071.2517857143,3427.22694196428
501.425484861587,22051.8773511905,3429.73001488095
501.632424517324,22033.0880505952,3418.7425
501.83935162242,22029.7722916667,3427.71455357143
502.046266174587,22022.3931026786,3438.83209821429
502.253168171537,22031.2026190476,3469.71416666667
502.460057610981,22016.5742708333,3482.29454613095
502.666934490631,22025.5463244048,3498.77581845238
502.873798808198,22024.2135193452,3507.06521577381
503.080650561395,21980.230952381,3482.26203869048
503.287489747932,21940.3443229167,3461.00217261905
503.494316365522,21886.7720610119,3419.71772321429
503.701130411875,21865.5772098214,3405.99958333333
503.907931884704,21867.4951488095,3417.18214285714
504.11472078172,21859.9859300595,3441.27015625
504.321497100634,21867.9177455357,3464.44796130952
504.528260839159,21833.8174404762,3446.63388392857
504.735011995006,21829.0388467262,3449.88462797619
504.941750565886,21820.2618377976,3443.54567708333
505.148476549511,21815.9058407738,3456.87372767857
505.355189943593,21778.0996875,3445.07352678571
505.561890745843,21780.7652976191,3440.13239583333
505.768578953973,21753.1664806548,3426.99938988095
505.975254565694,21759.0828348214,3456.22357886905
506.181917578718,21738.3755952381,3445.04101934524
506.388567990757,21707.6885714286,3419.84775297619
506.595205799522,21700.211860119,3424.65885416667
506.801831002725,21659.6100669643,3405.089375
507.008443598077,21647.777358631,3402.22872023809
507.215043583291,21648.2649702381,3407.49492559524
507.421630956077,21656.1967857143,3420.88799107143
507.628205714147,21655.1240401786,3425.50404761905
507.834767855213,21644.6891517857,3420.07530505952
508.041317376986,21621.1862723214,3418.15736607143
508.247854277179,21613.1244270833,3419.91276785714
508.454378553502,21612.6693229167,3421.92822916667
508.660890203667,21572.7176785714,3396.11732142857
508.867389225386,21579.7717931548,3418.90503720238
509.07387561637,21582.5999404762,3427.51950892857
509.280349374331,21574.2130208333,3434.44359375
509.486810496981,21570.2471130952,3445.62615327381
509.693258982031,21554.6435416667,3430.77025297619
509.899694827193,21555.2936904762,3453.29790922619
510.106118030178,21549.344828869,3449.29949404762
510.312528588698,21543.2659375,3443.51316964286
510.518926500465,21529.9378869048,3443.61069196429
510.72531176319,21530.6205431548,3451.90008928571
510.931684374585,21525.2243080357,3435.35380208333
511.13804433236,21545.9640550595,3445.43110863095
511.344391634229,21620.7961830357,3533.36373511905
511.550726277903,21591.2794270833,3521.33598214286
511.757048261092,21583.3476116071,3511.35619791667
511.96335758151,21593.5224404762,3527.73994791667
512.169654236866,21578.8615848214,3526.14708333333
512.375938224874,21600.8041071429,3540.58038690476
512.582209543244,21613.8395907738,3544.90387648809
512.788468189688,21616.1476190476,3545.61904017857
512.994714161918,21627.5902380952,3548.08960565476
513.200947457646,21618.9107514881,3547.04936755952
513.407168074582,21650.1178943452,3575.46087053571
513.613376010439,21635.8471279762,3558.42697172619
513.819571262928,21635.6845907738,3543.99366815476
514.02575382976,21666.9892559524,3582.09238839286
514.231923708648,21653.1085788691,3566.39129464286
514.438080897303,21649.4352380952,3553.87593005952
514.644225393436,21627.6227455357,3535.67176339286
514.850357194759,21611.6615922619,3518.86541666667
515.056476298984,21626.5825074405,3539.15005952381
515.262582703823,21629.0205654762,3547.56948660714
515.468676406986,21601.0966741071,3522.27869791667
515.674757406185,21489.4336160714,3406.19462797619
515.880825699133,21497.1378794643,3408.6326860119
516.086881283541,21520.3481919643,3427.51950892857
516.29292415712,21505.1347098214,3412.33853422619
516.498954317581,21515.3095386905,3412.95617559524
516.704971762637,21544.2086532738,3431.42040178571
516.910976489999,21519.6005208333,3415.91435267857
517.116968497379,21504.8421428571,3384.08956845238
517.322947782488,21500.94125,3385.90998511905
517.528914343038,21532.6360044643,3407.39740327381
517.73486817674,21504.4520535714,3373.29709821429
517.940809281307,21552.9206473214,3417.57223214286
518.146737654449,21577.4312574405,3438.27947172619
518.352653293878,21567.4839806548,3420.1078125
518.558556197306,21574.7656473214,3413.76886160714
518.764446362445,21585.4280877976,3436.6215922619
518.970323787005,21622.3565401786,3452.42020833333
519.176188468699,21652.0033258929,3469.84419642857
519.382040405239,21662.6007514881,3466.46342261905
519.587879594335,21648.5250297619,3446.04875
519.7937060337,21664.2586309524,3464.09037946429
519.999519721045,21709.3789583333,3500.23865327381
520.205320654081,21730.8988839286,3515.51715029762
520.41110883052,21733.5319866071,3508.95064732143
520.616884248075,21753.4915550595,3511.55124255952
520.822646904455,21755.8320907738,3512.46145089286
521.028396797374,21746.8275297619,3495.85014880952
521.234133924543,21757.7175223214,3494.15976190476
521.439858283672,21819.676703869,3568.76433779762
521.645569872474,21840.4814657738,3578.97167410714
521.851268688661,21821.042016369,3550.56017113095
522.056954729944,21841.58671875,3578.90665922619
522.262627994034,21816.2309151786,3547.76453125
522.468288478643,21802.057671131,3526.14708333333
522.673936181484,21804.5282366071,3528.19505208333
522.879571100266,21810.6396354167,3524.84678571429
523.085193232703,21795.4911681548,3497.99563988095
523.290802576505,21764.9666815476,3478.62120535714
523.496399129384,21784.0485491071,3489.99880952381
523.701982889052,21793.2156473214,3489.41367559524
523.907553853221,21865.6747321429,3549.6824702381
524.113112019601,21882.7411383929,3550.52766369048
524.318657385905,21889.37265625,3546.17166666667
524.524189949844,21912.2253869048,3550.23509672619
524.72970970913,21892.4608630952,3535.02161458333
524.935216661474,21913.8507589286,3549.38990327381
525.140710804588,21909.3647321429,3532.97364583333
525.346192136184,21934.0378794643,3547.04936755952
525.551660653973,21999.5078645833,3595.58297619048
525.757116355666,21964.2372916667,3549.61745535714
525.962559238976,21958.1909077381,3536.22438988095
526.167989301614,21970.5762425595,3545.87909970238
526.373406541291,21952.5996279762,3508.43052827381
526.578810955719,21946.650766369,3493.9647172619
526.78420254261,21945.2204389881,3491.07155505952
526.989581299676,21945.2854538691,3473.2249702381
527.194947224627,21961.6366964286,3485.80534970238
527.400300315176,21981.9538467262,3488.5034672619
527.605640569034,22009.8452306548,3486.22794642857
527.810967983912,22019.6624776786,3488.30842261905
528.016282557523,22037.7041071429,3493.63964285714
528.221584287578,21984.0668303571,3435.15875744048
528.426873171788,22007.0170833333,3439.15717261905
528.632149207866,22004.3839806548,3429.50246279762
528.837412393522,21996.3871502976,3414.87411458333
529.042662726468,22027.6593080357,3429.27491071429
529.247900204417,22059.6141220238,3441.30266369048
529.453124825078,22078.4684375,3435.54884672619
529.658336586165,22092.7066964286,3429.7950297619
529.863535485388,22036.7613913691,3365.88540178571
530.06872152046,22030.1948883929,3343.29273065476
530.273894689092,22077.4281994048,3367.47826636905
530.479054988995,22082.3693303571,3348.33138392857
530.684202417881,22114.5191889881,3360.94427083333
530.889336973461,22133.9586383929,3348.9815327381
531.094458653448,22157.7865922619,3342.87013392857
531.299567455553,22202.6468601191,3375.44258928571
531.504663377487,22205.4099925595,3360.26161458333
531.709746416963,22237.3648065476,3375.01999255952
531.914816571691,22291.0020833333,3417.79978422619
532.119873839383,22287.4912797619,3393.19165178571
532.324918217751,22291.8472767857,3374.17479910714
532.529949704506,22308.8486681548,3367.86835565476
532.734968297361,22346.1672098214,3384.34962797619
532.939973994026,22377.0492782738,3391.17619047619
533.144966792213,22384.4934821429,3377.68560267857
533.349946689634,22426.2655431548,3385.29234375
533.554913684001,22393.9531473214,3352.65487351191
533.759867773024,22416.5458184524,3364.16250744048
533.964808954416,22403.9654389881,3336.92127232143
534.169737225888,22447.0703050595,3355.67806547619
534.374652585152,22476.0669419643,3363.90244791667
534.57955502992,22449.4758556548,3310.39520089286
534.784444557903,22462.6738764881,3305.45406994048
534.989321166812,22475.3192708333,3297.03464285714
535.194184854359,22520.9597172619,3321.09014880952
535.399035618256,22547.518296131,3327.00650297619
535.603873456214,22565.5274181548,3318.19698660714
535.808698365946,22602.6184077381,3326.77895089286
536.013510345162,22646.8935416667,3340.88718005952
536.218309391574,22666.1054389881,3343.74783482143
536.423095502894,22702.1886979167,3350.96448660714
536.627868676833,22726.6993080357,3353.85764880952
536.832628911103,22767.8212202381,3372.41939732143
537.037376203416,22744.0907886905,3326.32384672619
537.242110551483,22742.9855357143,3315.7914360119
537.446831953016,22783.0997172619,3326.64892113095
537.651540405726,22814.7619642857,3344.04040178571
537.856235907325,22872.39765625,3356.26319940476
538.060918455524,22909.8462276786,3359.4814360119
538.265588048036,22955.1615997024,3378.20572172619
538.470244682572,22988.3516964286,3385.64992559524
538.674888356842,23036.4627083333,3404.34170386905
538.87951906856,23061.8835267857,3410.84319196429
539.084136815436,23116.0734300595,3429.40494047619
539.288741595183,23132.0670907738,3410.74566964286
539.49333340551,23131.2869122024,3397.90523065476
539.697912244132,23144.0623363095,3394.32941220238
539.902478108758,23134.2125818452,3353.95517113095
540.107030997101,23128.1661979167,3330.84238095238
540.311570906872,23140.1939508929,3313.12582589286
540.516097835782,23162.3315178571,3300.7729985119
540.720611781544,23166.004858631,3275.18964285714
540.925112741869,23185.7693824405,3267.22531994048
541.129600714468,23230.174546131,3276.48994047619
541.334075697054,23272.2066666667,3292.02849702381
541.538537687337,23331.4677306548,3308.41224702381
541.742986683029,23374.3450446429,3332.95536458333
541.947422681843,23407.60015625,3332.20769345238
542.151845681488,23410.9159151786,3320.01740327381
542.356255679678,23445.0487276786,3331.10244047619
542.560652674124,23466.7962053571,3332.1751860119
542.765036662536,23499.011078869,3339.6844047619
542.969407642628,23501.189077381,3308.67230654762
543.17376561211,23530.6083110119,3315.49886904762
543.378110568694,23565.7813616071,3332.92285714286
543.582442510092,23614.5425223214,3366.14546130952
543.786761434015,23632.4541220238,3359.51394345238
543.991067338175,23668.3423363095,3359.96904761905
544.195360220283,23703.6779241071,3372.8745014881
544.399640078052,23740.0862574405,3374.04476934524
544.603906909192,23739.3385863095,3358.01860119048
544.808160711415,23757.12015625,3354.4427827381
545.012401482433,23827.3362276786,3412.37104166667
545.216629219958,23846.548125,3412.14348958333
545.4208439217,23858.5433705357,3402.09869047619
545.625045585373,23885.8821279762,3405.57698660714
545.829234208686,23874.5045238095,3378.49828869048
546.033409789352,23867.4504092262,3333.80055803571
546.237572325083,23870.1485267857,3304.99896577381
546.44172181359,23897.74734375,3304.25129464286
546.645858252584,23936.6262425595,3314.94624255952
546.849981639777,23946.5085044643,3296.15694196429
547.054091972882,23969.2312053571,3299.63523809524
547.258189249608,24037.3993080357,3338.54664434524
547.462273467669,24075.1079389881,3348.94902529762
547.666344624775,24083.1697842262,3324.47092261905
547.870402718639,24103.7144866071,3321.51274553571
548.074447746971,24148.3146949405,3342.12246279762
548.278479707484,24184.3654464286,3352.45982886905
548.482498597888,24202.829672619,3352.29729166667
548.686504415897,24253.5087723214,3377.6530952381
548.89049715922,24289.0719122024,3394.7195014881
549.09447682557,24322.0344568452,3398.91296130952
549.298443412659,24332.1442708333,3372.28936755952
549.502396918197,24371.4132589286,3385.48738839286
549.706337339897,24380.1902678571,3385.19482142857
549.910264675471,24440.5890922619,3417.08462053572
550.114178922629,24509.6348958333,3454.37065476191
550.318080079083,24544.6454092262,3469.51912202381
550.521968142545,24569.7736607143,3479.69395089286
550.725843110727,24599.3879389881,3496.37026785714
550.92970498134,24606.2145014881,3488.08087053571
551.133553752096,24617.5921056548,3480.44162202381
551.337389420706,24617.1370014881,3454.27313244048
551.541211984882,24618.697358631,3449.13695684524
551.745021442336,24646.62125,3454.20811755952
551.948817790778,24675.3903348214,3460.28700892857
552.152601027922,24710.3033258929,3465.55321428571
552.356371151477,24735.2690401786,3459.73438244048
552.560128159157,24743.5909449405,3451.47749255952
552.763872048672,24767.6139434524,3443.318125
552.967602817734,24801.9743080357,3449.75459821429
553.171320464056,24847.4847247024,3460.48205357143
553.375024985347,24870.6950372024,3464.48046875
553.57871637932,24867.1517261905,3439.96985863095
553.782394643687,24886.6236830357,3432.59066964286
553.986059776159,24932.0040699405,3434.80117559524
554.189711774447,24942.3414360119,3422.0257514881
554.393350636264,24961.6183482143,3409.80295386905
554.596976359321,24997.8641443452,3426.51177827381
554.800588941329,24986.5515550595,3397.58015625
555.00418838,25026.9908110119,3408.37262648809
555.207774673046,25043.6671279762,3395.5321875
555.411347818178,25082.6760565476,3411.3633110119
555.614907813108,25125.4558482143,3438.53953125
555.818454655548,25159.9137351191,3438.86460565476
556.021988343208,25171.8439657738,3428.36470238095
556.225508873802,25185.5946130952,3423.91118303571
556.429016245039,25185.4645833333,3419.97778273809
556.632510454633,25227.3991815476,3430.73774553571
556.835991500294,25247.8788690476,3426.86936011905
557.039459379734,25280.5163392857,3440.94508184524
557.242914090664,25279.7686681548,3422.05825892857
557.446355630797,25280.873921131,3403.91910714286
557.649783997844,25271.7393303571,3375.6051264881
557.853199189516,25303.2065327381,3395.88976934524
558.056601203525,25333.6009895833,3404.37421130952
558.259990037583,25328.1722470238,3388.12049107143
558.463365689401,25317.5423139881,3357.46597470238
558.66672815669,25321.4432068452,3349.2415922619
558.870077437164,25355.2509449405,3366.47053571429
559.073413528532,25414.9996205357,3408.6326860119
559.276736428507,25437.3322321429,3398.58788690476
559.4800461348,25450.5952678571,3384.31712053571
559.683342645123,25491.132046131,3397.77520089286
559.886625957187,25494.6103422619,3367.4132514881
560.089896068704,25497.5035044643,3353.98767857143
560.293152977386,25525.1673363095,3364.61761160714
560.496396680944,25564.6313690476,3381.00136160714
560.69962717709,25578.6095684524,3365.30026785714
560.902844463536,25578.8371205357,3356.45824404762
561.106048537992,25592.7503050595,3350.67191964286
561.309239398171,25607.1511011905,3347.35616071429
561.512417041784,25613.1649776786,3337.27885416667
561.715581466543,25644.9897619048,3350.89947172619
561.918732670159,25688.0296130952,3368.74605654762
562.121870650344,25732.3697619048,3384.57718005952
562.32499540481,25781.3909821429,3416.04438244048
562.528106931268,25804.2112053571,3414.0939360119
562.73120522743,25858.8237053571,3435.84141369048
562.934290291007,25884.0494791667,3447.51158482143
563.137362119711,25861.3267782738,3409.70543154762
563.340420711253,25847.7711755952,3371.41166666667
563.543466063346,25864.414985119,3373.00453125
563.746498173701,25917.7271875,3412.20850446429
563.949517040028,25949.129375,3434.18353422619
564.152522660041,25970.8443452381,3444.09830357143
564.355515031451,25978.5811160714,3434.76866815476
564.558494151968,25986.1553497024,3423.52109375
564.761460019305,25978.418578869,3389.03069940476
564.964412631174,25997.5654613095,3382.20413690476
565.167351985285,26018.4352380952,3390.55854910714
565.370278079351,26002.5065922619,3358.99382440476
565.573190911083,26025.9119494048,3355.38549851191
565.776090478193,26052.0804389881,3367.93337053571
565.978976778392,26062.2552678571,3357.62851190476
566.181849809392,26070.5121577381,3363.3173139881
566.384709568905,26089.008891369,3365.33277529762
566.587556054641,26065.5060119048,3324.92602678571
566.790389264314,26077.5662723214,3325.05605654762
566.993209195633,26094.5026488095,3330.77736607143
567.196015846312,26106.82296875,3318.74961309524
567.398809214061,26165.7589583333,3336.88876488095
567.601589296592,26199.046577381,3360.13158482143
567.804356091617,26200.2168452381,3349.82672619048
568.007109596847,26185.8810639881,3304.6088764881
568.209849809994,26205.0279464286,3291.96348214286
568.412576728769,26226.4503497024,3285.16942708333
568.615290350885,26233.8945535714,3271.87388392857
568.817990674052,26280.6727604167,3288.25763392857
569.020677695982,26306.1260863095,3294.30401785714
569.223351414388,26341.2341220238,3305.94168154762
569.426011826979,26358.723125,3285.03939732143
569.628658931469,26448.3786458333,3352.68738095238
569.831292725569,26471.426421131,3355.8080952381
570.03391320699,26514.7588392857,3360.48916666667
570.236520373443,26544.9582514881,3363.90244791667
570.439114222641,26571.8093973214,3350.37935267857
570.641694752295,26566.9007738095,3324.04832589286
570.844261960117,26563.9100892857,3310.33018601191
571.046815843818,26622.7810639881,3329.96468005952
571.24935640111,26620.4405282738,3308.73732142857
571.451883629704,26650.8674925595,3308.18469494048
571.654397527312,26627.00703125,3281.33354910714
571.856898091646,26648.917046131,3274.11689732143
572.059385320417,26703.0094270833,3304.67389136905
572.261859211337,26732.6562127976,3324.40590773809
572.464319762118,26732.1035863095,3303.9262202381
572.66676697047,26737.6298511905,3301.81323660714
572.869200834106,26784.7981473214,3312.80075148809
573.071621350737,26790.8120238095,3309.22493303571
573.274028518075,26808.528578869,3316.63662946429
573.476422333831,26829.2358184524,3316.01898809524
573.678802795718,26849.4554464286,3324.04832589286
573.881169901446,26831.4138169643,3299.86279017857
574.083523648727,26842.72640625,3303.14604166667
574.285864035273,26873.3809226191,3320.11492559524
574.488191058795,26900.4596205357,3328.43683035714
574.690504717005,26935.2425818452,3338.90422619048
574.892805007615,26949.7083928571,3325.15357886905
575.095091928336,27032.4398288691,3378.04318452381
575.29736547688,27060.3962276786,3402.4887797619
575.499625650958,27084.8418229167,3412.20850446429
575.701872448282,27114.9112053571,3418.44993303571
575.904105866564,27169.4261830357,3439.80732142857
576.106325903515,27183.6644419643,3436.6215922619
576.308532556847,27166.7280654762,3396.40988839286
576.51072582427,27182.9817857143,3390.65607142857
576.712905703498,27217.1471056548,3401.8061235119
576.915072192242,27243.3806101191,3390.85111607143
577.117225288213,27253.2303645833,3393.87430803571
577.319364989122,27292.4343377976,3403.56152529762
577.521491292682,27341.2605133929,3420.72545386905
577.723604196603,27368.6642857143,3429.04735863095
577.925703698598,27399.7413988095,3432.5256547619
578.127789796379,27426.6575595238,3424.62634672619
578.329862487656,27473.9233779762,3426.3817485119
578.531921770141,27473.0131696429,3404.82931547619
578.733967641546,27513.8750223214,3426.1216889881
578.936000099583,27494.9231845238,3401.02594494048
579.138019141963,27571.7707738095,3451.67253720238
579.340024766397,27580.4502604167,3430.60771577381
579.542016970598,27593.1606696429,3408.79522321429
579.743995752277,27617.7688020833,3400.63585565476
579.945961109145,27662.3365029762,3430.18511904762
580.147913038915,27655.7374925595,3409.47787946429
580.349851539297,27672.6738690476,3402.13119791667
580.551776608003,27708.9196651786,3419.06757440476
580.753688242746,27713.8282886905,3410.12802827381
580.955586441235,27725.3034151786,3394.65448660714
581.157471201184,27777.6078869048,3422.93595982143
581.359342520303,27802.2810342262,3419.62020089286
581.561200396305,27814.4388169643,3399.66063244048
581.763044826901,27818.4372321429,3381.19640625
581.964875809802,27848.9292113095,3378.3357514881
582.16669334272,27876.9831324405,3383.30938988095
582.368497423367,27923.0786830357,3397.06003720238
582.570288049454,27967.9714583333,3420.69294642857
582.772065218693,27959.7795833333,3391.72881696429
582.973828928795,27967.9714583333,3367.96587797619
583.175579177473,28057.5294568452,3416.20691964286
583.377315962437,28014.3920833333,3366.0479389881
583.5790392814,28027.882671131,3357.59600446429
583.780749132072,28044.9165699405,3349.14406994048
583.982445512165,28069.0370907738,3357.82355654762
584.184128419392,28084.1205431548,3336.75873511905
584.385797851463,28110.9066741071,3343.91037202381
584.587453806091,28168.9974702381,3363.25229910714
584.789096280986,28186.258921131,3352.94744047619
584.990725273861,28268.730297619,3394.71950148809
585.192340782427,28285.6341666667,3390.52604166667
585.393942804395,28307.2516145833,3384.18709077381
585.595531337478,28362.7743229167,3410.61563988095
585.797106379386,28414.2986160714,3442.96054315476
585.998667927832,28441.7348958333,3449.72209077381
586.200215980527,28455.9081398809,3440.91257440476
586.401750535182,28482.8893154762,3450.76232886905
586.60327158951,28535.9414583333,3476.24816220238
586.804779141221,28527.6195535714,3463.21267857143
587.006273188028,28601.7040104167,3501.08384672619
587.207753727642,28601.0538616071,3486.22794642857
587.409220757774,28566.5309598214,3442.08284226191
587.610674276137,28618.9654613095,3447.99919642857
587.812114280441,28617.9577306548,3434.3135639881
588.013540768399,28642.7934151786,3434.5736235119
588.214953737721,28649.5549627976,3418.41742559524
588.416353186121,28636.2594196429,3405.25191220238
588.617739111308,28676.958735119,3415.29671130952
588.819111510995,28683.8503125,3401.02594494048
589.020470382894,28719.6735119048,3403.07391369048
589.221815724715,28707.678266369,3378.59581101191
589.423147534171,28730.5309970238,3386.07252232143
589.624465808973,28763.0384375,3394.91454613095
589.825770546834,28808.09375,3405.6420014881
590.027061745463,28800.3894866071,3381.16389880952
590.228339402573,28819.8614434524,3367.34823660714
590.429603515876,28872.5234970238,3394.32941220238
590.630854083083,28861.7310267857,3358.60373511905
590.832091101905,28855.19703125,3330.64733630952
591.033314570055,28888.8422321429,3324.24337053571
591.234524485244,28888.712202381,3307.27448660714
591.435720845183,28926.7134002976,3314.55615327381
591.636903647585,28941.0491815476,3303.34108630952
591.83807289016,28952.8818898809,3310.72027529762
592.039228570621,29010.7451339286,3321.87032738095
592.240370686678,29014.0934002976,3323.170625
592.441499236044,29051.119375,3338.12404761905
592.64261421643,29091.7211681548,3335.29590029762
592.843715625548,29136.6789583333,3338.64416666667
593.044803461109,29156.6710342262,3342.41502976191
593.245877720825,29166.0006696429,3338.54664434524
593.446938402407,29190.7713392857,3341.76488095238
593.647985503568,29228.7400297619,3343.42276041667
593.849019022018,29240.8002901786,3341.37479166667
594.05003895547,29229.8127752976,3318.19698660714
594.251045301634,29242.3281398809,3314.91373511905
594.452038058223,29288.1311235119,3340.7896577381
594.653017222948,29326.2623511905,3365.59283482143
594.85398279352,29357.7945684524,3382.23664434524
595.054934767652,29366.4740550595,3372.97202380952
595.255873143055,29389.2617708333,3373.42712797619
595.45679791744,29407.1408630952,3358.47370535714
595.657709088519,29428.9208482143,3372.22435267857
595.858606654004,29429.8635639881,3362.43961309524
596.059490611606,29481.810453869,3377.26300595238
596.260360959037,29450.7008333333,3356.65328869048
596.461217694009,29498.194203869,3361.23683779762
596.662060814232,29495.0084747024,3338.51413690476
596.862890317419,29512.8225520833,3341.21225446429
597.063706201281,29501.1848883929,3329.31453125
597.264508463531,29500.1771577381,3320.17994047619
597.465297101878,29523.6475297619,3317.709375
597.666072114036,29520.4292931548,3291.08578125
597.866833497715,29540.58390625,3309.06239583333
598.067581250628,29556.7726116071,3309.90758928571
598.268315370485,29568.5728125,3300.02532738095
598.469035854999,29592.46578125,3303.63365327381
598.66974270188,29588.1422916667,3291.6384077381
598.870435908842,29559.1781622024,3247.39578125
599.071115473594,29589.2475446429,3257.66813244048
599.271781393849,29609.4021577381,3256.1402827381
599.472433667319,29625.4608333333,3272.13394345238
599.673072291715,29654.7175297619,3298.4649702381
599.873697264748,29672.7916666667,3290.37061755952
600.07430858413,29744.9256770833,3334.87330357143
600.274906247574,29753.9627455357,3332.82533482143
600.475490252789,29798.1728645833,3343.48777529762
600.676060597489,29788.388125,3335.68598958333
600.876617279384,29826.0642485119,3357.56349702381
601.077160296186,29827.7871428571,3352.75239583333
601.277689645608,29833.6709895833,3340.69213541667
601.478205325359,29880.7417633929,3356.23069196429
601.678707333153,29897.2880505952,3366.08044642857
601.8791956667,29947.0569419643,3384.51216517857
602.079670323712,29931.680922619,3358.21364583333
602.280131301901,29957.8169047619,3355.35299107143
602.480578598978,29957.2967857143,3358.1161235119
602.681012212655,29945.1715104167,3324.89351934524
602.881432140644,29942.5059002976,3305.32404017857
603.081838380656,29983.1402008929,3324.30838541667
603.282230930403,29996.3057142857,3336.53118303571
603.482609787596,30008.138422619,3331.23247023809
603.682974949946,30015.7776711309,3310.16764880952
603.883326415167,30001.7669642857,3283.0239360119
604.083664180968,29989.836733631,3267.42036458333
604.283988245063,29992.9899553571,3263.55197916667
604.484298605161,29983.7903497024,3251.6217485119
604.684595258976,30014.6399107143,3267.38785714286
604.884878204218,30049.9754985119,3281.95119047619
605.085147438599,30065.9041443452,3276.55495535714
605.285402959831,30097.63140625,3298.69252232143
605.485644765625,30112.7798735119,3316.57161458333
605.685872853693,30112.6173363095,3319.49728422619
605.886087221747,30107.7412202381,3300.61046130952
606.086287867497,30100.6871056548,3305.97418898809
606.286474788657,30103.6777901786,3296.28697172619
606.486647982936,30077.5743154762,3289.49291666667
606.686807448048,30088.756875,3300.48043154762
606.886953181703,30121.7844345238,3334.15813988095
607.087085181613,30152.178891369,3364.84516369048
607.287203445489,30127.5382514881,3340.7896577381
607.487307971045,30168.0100148809,3368.12841517857
607.687398755989,30198.4694866071,3407.59244791667
607.887475798036,30194.0484747024,3401.18848214286
608.087539094895,30197.981875,3409.9979985119
608.287588644279,30221.9723660714,3440.48997767857
608.4876244439,30211.4724627976,3412.69611607143
608.687646491468,30200.1273660714,3401.87113839286
608.887654784695,30163.7515401786,3380.70879464286
609.087649321294,30122.7921651786,3336.43366071429
609.287630098975,30122.1095089286,3350.70442708333
609.487597115451,30118.1761086309,3338.93673363095
609.687550368432,30112.9424107143,3336.6937202381
609.887489855631,30132.2518303571,3349.63168154762
610.087415574759,30152.1463839286,3377.2304985119
610.287327523527,30151.4637276786,3378.98590029762
610.487225699648,30160.7608556548,3399.14051339286
610.687110100833,30183.6135863095,3396.44239583333
610.886980724793,30167.879985119,3368.03089285714
611.08683756924,30196.1614583333,3381.09888392857
611.286680631885,30186.4092261905,3370.30641369048
611.486509910441,30224.6704836309,3431.81049107143
611.686325402619,30186.6692857143,3375.73515625
611.886127106129,30162.3862276786,3358.1161235119
612.085915018686,30204.4183482143,3405.67450892857
612.285689137998,30268.4254985119,3456.64617559524
612.485449461779,30262.0215327381,3429.04735863095
612.68519598774,30271.4161830357,3441.40018601191
612.884928713592,30313.0582142857,3464.61049851191
613.084647637046,30339.8443452381,3467.17858630952
613.284352755816,30400.2106622024,3518.99544642857
613.484044067612,30410.5805357143,3502.80674107143
613.683721570145,30421.3404985119,3500.20614583333
613.883385261128,30454.4980877976,3501.4739360119
614.083035138272,30455.4408035714,3480.40911458333
614.282671199288,30463.2100818452,3471.37204613095
614.482293441889,30467.7936309524,3458.36906994048
614.681901863785,30484.4699479167,3442.14785714286
614.881496462689,30496.5952232143,3436.78412946428
615.081077236311,30518.212671131,3443.77322916667
615.280644182365,30543.6334895833,3446.92645089286
615.48019729856,30589.3714583333,3462.23745535714
615.679736582609,30555.5312127976,3391.82633928571
615.879262032223,30592.8822619048,3411.68838541667
616.078773645115,30593.1423214286,3382.13912202381
616.278271418995,30583.4876116071,3343.16270089286
616.477755351575,30573.5728422619,3310.72027529762
616.677225440567,30593.1423214286,3302.59341517857
616.876681683682,30606.4703720238,3300.57795386905
617.076124078632,30649.1201339286,3311.98806547619
617.275552623128,30683.0579017857,3326.77895089286
617.474967314883,30666.3165699405,3291.54088541667
617.674368151607,30702.3023065476,3302.00828125
617.873755131013,30720.8965625,3294.4990625
618.073128250811,30748.2353199405,3295.3117485119
618.272487508714,30762.3435491071,3314.06854166667
618.471832902434,30795.371108631,3323.65823660714
618.67116442968,30830.9342485119,3341.37479166667
618.870482088167,30873.2914434524,3364.29253720238
619.069785875604,30878.2325744048,3357.53098958333
619.269075789703,30894.4862946429,3364.29253720238
619.468351828177,30918.0541889881,3377.29551339286
619.667613988736,30894.3887723214,3347.97380208333
619.866862269093,30942.2397247024,3370.46895089286
620.066096666958,30947.1158407738,3358.86379464286
620.265317180044,30980.0458779762,3374.33733630952
620.464523806062,30997.0147619048,3381.03386904762
620.663716542724,31015.2839434524,3397.09254464286
620.86289538774,31036.4137797619,3406.64973214286
621.062060338824,31060.9894047619,3404.92683779762
621.261211393686,31027.8643229167,3376.90542410714
621.460348550039,31017.6244791667,3359.15636160714
621.659471805593,31028.3194270833,3356.16567708333
621.85858115806,31035.0484672619,3356.13316964286
622.057676605152,31032.7079315476,3352.16726190476
622.25675814458,31018.469672619,3345.37320684524
622.455825774057,31045.8409375,3343.71532738095
622.654879491293,31033.3255729167,3328.04674107143
622.853919294,31036.5113020833,3329.9971875
623.052945179891,31038.6893005952,3317.09173363095
623.251957146675,31043.9880133929,3329.83465029762
623.450955192066,31073.6022916667,3333.99560267857
623.649939313774,31061.4445089286,3313.41839285714
623.848909509512,31073.764828869,3310.62275297619
624.04786577699,31069.3763244048,3311.66299107143
624.246808113921,31097.1051711309,3337.70145089286
624.445736518015,31115.7644419643,3354.18272321429
624.644650986986,31094.1144866071,3331.13494791667
624.843551518543,31105.5571056548,3330.84238095238
625.0424381104,31143.1682142857,3373.88223214286
625.241310760266,31141.4453199405,3379.37598958333
625.440169465855,31181.9495907738,3404.37421130952
625.639014224877,31202.6243229167,3413.31375744048
625.837845035045,31219.4306696429,3427.09691220238
626.036661894069,31195.1801190476,3406.81226934524
626.235464799662,31199.4711011905,3408.21008928572
626.434253749534,31237.8948958333,3431.25786458333
626.633028741398,31251.1904389881,3445.72367559524
626.831789772966,31268.5494122024,3454.66322172619
627.030536841948,31299.6915401786,3462.17244047619
627.229269946056,31270.369828869,3442.50543898809
627.427989083003,31331.938921131,3468.31634672619
627.626694250499,31335.352202381,3465.42318452381
627.825385446256,31304.9252380952,3443.1880952381
628.024062667986,31327.712953869,3450.56728422619
628.2227259134,31342.6988839286,3438.79959077381
628.42137518021,31335.1571577381,3429.43744791667
628.620010466128,31307.8509077381,3389.35577380952
628.818631768865,31373.8735193452,3449.00692708333
629.017239086133,31344.3892708333,3405.86955357143
629.215832415643,31340.9759895833,3394.03684523809
629.414411755106,31337.7902604167,3377.39303571429
629.612977102236,31322.999375,3364.74764136905
629.811528454742,31319.1960044643,3355.48302083333
630.010065810338,31344.4217782738,3373.75220238095
630.208589166733,31376.1490401786,3388.705625
630.407098521641,31447.6329017857,3442.14785714286
630.605593872772,31423.3173363095,3413.18372767857
630.804075217838,31409.2091071429,3377.62058779762
631.00254255455,31405.9908705357,3378.66082589286
631.200995880621,31396.9212946429,3354.05269345238
631.399435193763,31429.6562872024,3368.87608630952
631.597860491685,31403.8778869048,3353.50006696429
631.796271772101,31396.9863095238,3335.13336309524
631.994669032721,31435.8001934524,3345.95834077381
632.193052271257,31448.673139881,3367.25071428571
632.391421485422,31437.067983631,3360.1640922619
632.589776672926,31427.3157514881,3346.70601190476
632.788117831481,31461.9361755952,3375.67014136905
632.986444958798,31445.259858631,3343.03267113095
633.18475805259,31476.1419270833,3371.60671130952
633.383057110568,31458.7179389881,3349.37162202381
633.581342130443,31510.9248883929,3392.9315922619
633.779613109928,31489.4374702381,3362.86220982143
633.977870046733,31521.1647321429,3394.91454613095
634.17611293857,31528.6089360119,3379.7010639881
634.374341783151,31549.0561160714,3385.61741815476
634.572556578188,31538.8487797619,3374.2398139881
634.770757321391,31560.1411532738,3388.705625
634.968944010473,31549.9338169643,3378.36825892857
635.167116643146,31588.7802083333,3390.03843005952
635.36527521712,31579.5155877976,3385.68243303571
635.563419730108,31598.6299627976,3396.66994791667
635.76155017982,31595.37921875,3387.63287946429
635.95966656397,31642.5800223214,3428.1696577381
636.157768880267,31658.931264881,3437.75935267857
636.355857126425,31666.0503943452,3428.81980654762
636.553931300154,31692.5764657738,3438.73457589286
636.751991399166,31706.587172619,3440.55499255952
636.950037421172,31723.3935193452,3444.22833333333
637.148069363885,31726.8068005952,3439.15717261905
637.346087225015,31736.2339583333,3428.62476190476
637.544091002275,31729.8625,3415.10166666667
637.742080693376,31692.5114508929,3377.49055803571
637.940056296029,31700.2157142857,3390.49353422619
638.138017807947,31693.0965848214,3364.48758184524
638.33596522684,31670.8614955357,3352.42732142857
638.533898550421,31648.9189732143,3335.71849702381
638.731817776401,31623.5631696429,3303.56863839286
638.929722902491,31635.2008333333,3309.45248511905
639.127613926404,31647.3911235119,3311.14287202381
639.32549084585,31604.8063764881,3272.00391369048
639.523353658542,31641.6047991071,3296.4170014881
639.721202362191,31651.1619866071,3297.32720982143
639.919036954508,31656.3306696429,3289.13533482143
640.116857433205,31652.1372098214,3289.39539434524
640.314663795995,31634.908266369,3277.46516369048
640.512456040587,31664.6525744048,3287.60748511905
640.710234164694,31675.0549553571,3290.82572172619
640.907998166028,31669.7562425595,3274.37695684524
641.105748042301,31675.0224479167,3277.27011904762
641.303483791222,31641.4097544643,3249.5737797619
641.501205410505,31670.47140625,3269.63087053571
641.698912897862,31720.2402976191,3316.47409226191
641.896606251002,31757.7538839286,3336.49867559524
642.094285467639,31780.0864955357,3337.47389880952
642.291950545484,31829.1402232143,3385.03228422619
642.489601482248,31860.997514881,3405.73952380952
642.687238275643,31891.2294345238,3423.29354166667
642.88486092338,31883.6226934524,3421.86321428571
643.082469423171,31901.7618452381,3419.39264880952
643.280063772728,31953.1886160714,3466.07333333333
643.477643969763,31991.8399627976,3500.40119047619
643.675210011986,31963.2334151786,3475.37046130952
643.87276189711,31981.7951636905,3474.49276041667
644.070299622846,32014.2700967262,3495.39504464286
644.267823186906,32010.7592931548,3476.34568452381
644.465332587,32008.1912053571,3457.75142857143
644.662827820842,31976.0088392857,3437.10920386905
644.860308886143,31968.174546131,3434.83368303571
645.057775780613,31992.9452157738,3454.50068452381
645.255228501965,31978.1543303571,3434.47610119048
645.45266704791,32001.9822842262,3434.89869791667
645.650091416161,32000.9095386905,3434.15102678571
645.847501604427,31974.0909002976,3391.14368303571
646.044897610422,31955.2365848214,3380.77380952381
646.242279431856,31997.9188541667,3408.60017857143
646.439647066442,31967.9795014881,3375.31255952381
646.637000511891,31956.7644345238,3366.27549107143
646.834339765914,31990.4096354167,3389.87589285714
647.031664826223,32050.6134151786,3428.16965773809
647.228975690529,32061.2433482143,3442.11534970238
647.426272356545,32012.1246056548,3412.82614583333
647.623554821982,32034.1646502976,3412.50107142857
647.820823084551,32042.9091517857,3415.71930803571
648.018077141964,32023.3721800595,3406.71474702381
648.215316991933,32002.6649404762,3380.18867559524
648.412542632169,32000.942046131,3371.70423363095
648.609754060384,32010.9218303571,3388.02296875
648.80695127429,32024.5424479167,3391.92386160714
649.004134271597,32017.6183630952,3383.89452380952
649.201303050018,32000.6169717262,3364.19501488095
649.398457607264,32045.5747619048,3398.00275297619
649.595597941047,32070.8005357143,3418.38491815476
649.792724049079,32067.159702381,3410.74566964286
649.98983592907,32080.1951860119,3417.44220238095
650.186933578733,32145.8277083333,3454.43566964286
650.384016995779,32156.52265625,3469.94171875
650.58108617792,32156.7177008929,3458.27154761905
650.778141122868,32158.6031324405,3456.19107142857
650.975181828333,32114.3605059524,3406.12961309524
651.172208292028,32088.8421651786,3373.97975446429
651.369220511664,32079.0899330357,3356.42573660714
651.566218484953,32106.2986607143,3359.77400297619
651.763202209607,32111.6623883929,3369.20116071429
651.960171683336,32103.9906324405,3352.45982886905
652.157126903853,32119.0090699405,3367.77083333333
652.354067868869,32136.0754761905,3379.47351190476
652.550994576095,32160.1634895833,3391.33872767857
652.747907023245,32203.7234598214,3411.9159375
652.944805208028,32237.5962127976,3435.77639880952
653.141689128157,32274.1345758929,3456.22357886905
653.338558781342,32309.372641369,3477.80851934524
653.535414165297,32287.0725372024,3443.22060267857
653.732255277732,32276.1825446429,3426.21921130952
653.929082116359,32271.956577381,3410.12802827381
654.125894678889,32308.9825520833,3439.41723214286
654.322692963035,32277.3203050595,3411.29829613095
654.519476966507,32229.7944270833,3363.47985119048
654.716246687017,32220.9198958333,3345.86081845238
654.913002122278,32261.2941369048,3363.67489583333
655.10974327,32295.1343824405,3395.14209821429
655.306470127895,32296.3046502976,3386.72267113095
655.503182693675,32292.2737276786,3386.49511904762
655.699880965051,32310.0878050595,3401.51355654762
655.896564939735,32293.118921131,3388.02296875
656.093234615439,32343.6029761905,3423.71613839286
656.289889989874,32353.3877157738,3420.30285714286
656.486531060751,32375.590297619,3442.50543898809
656.683157825783,32368.9912872024,3444.06579613095
656.87977028268,32352.445,3429.04735863095
657.076368429156,32306.2194196429,3387.11276041667
657.27295226292,32291.1034598214,3370.89154761905
657.469521781685,32290.1607440476,3360.13158482143
657.666076983162,32285.1871056548,3363.86994047619
657.862617865063,32313.6311160714,3388.73813244048
658.059144425099,32293.4114880952,3368.51850446429
658.255656660983,32255.7353645833,3334.97082589286
658.452154570425,32238.4739136905,3319.39976190476
658.648638151138,32291.9811607143,3346.18589285714
658.845107400832,32308.8850297619,3376.06023065476
659.04156231722,32311.2580729167,3367.34823660714
659.238002898013,32297.8650074405,3345.95834077381
659.434429140922,32288.892953869,3342.12246279762
659.63084104366,32311.1930580357,3347.97380208333
659.827238603938,32301.4083184524,3310.91531994048
660.023621819467,32311.2905803571,3300.51293898809
660.219990687959,32301.2782886905,3294.17398809524
660.416345207126,32314.7038616071,3299.66774553571
660.612685374679,32287.0725372024,3262.51174107143
660.80901118833,32276.1825446429,3238.13116071429
661.00532264579,32281.3837351191,3242.51966517857
661.201619744771,32326.6665997024,3269.01322916667
661.397902482985,32398.5405505952,3332.46775297619
661.594170858143,32393.339360119,3333.44297619048
661.790424867957,32401.8888169643,3324.66596726191
661.986664510139,32400.1334151786,3314.06854166667
662.182889782399,32454.0307514881,3347.19362351191
662.37910068245,32484.6852678571,3354.93039434524
662.575297208003,32512.3816071429,3367.18569940476
662.77147935677,32500.3213467262,3344.8855952381
662.967647126463,32496.8105431548,3319.82235863095
663.163800514792,32480.6868526786,3298.39995535714
663.35993951947,32501.2965699405,3318.26200148809
663.556064138208,32525.0270014881,3333.18291666667
663.752174368718,32539.8503943452,3335.29590029762
663.948270208712,32539.6878571429,3337.21383928571
664.1443516559,32549.0174925595,3344.72305803572
664.340418707995,32518.4930059524,3308.89985863095
664.536471362708,32527.3675372024,3308.44475446429
664.732509617751,32558.4121428571,3340.69213541667
664.928533470835,32595.6006547619,3370.07886160714
665.124542919672,32630.6111681548,3389.45329613095
665.320537961974,32638.2179092262,3398.88045386905
665.516518595452,32589.0991666667,3337.08380952381
665.712484817818,32596.770922619,3334.02811011905
665.908436626782,32633.9269270833,3358.05110863095
666.104374020059,32635.0971949405,3355.1254389881
666.300296995357,32631.0662723214,3362.86220982143
666.49620555039,32637.6327752976,3368.81107142857
666.692099682868,32630.8062127976,3357.40095982143
666.887979390504,32651.4809449405,3375.57261904762
667.083844671008,32682.9806547619,3388.12049107143
667.279695522094,32697.18640625,3396.86499255952
667.475531941471,32760.608422619,3436.19899553571
667.671353926852,32782.5184375,3441.27015625
667.867161475948,32763.0789880952,3432.13556547619
668.062954586471,32805.04609375,3452.38770089286
668.258733256133,32826.89109375,3449.49453869048
668.454497482645,32879.6506696429,3484.04994791667
668.650247263719,32842.7547247024,3445.13854166667
668.845982597066,32845.6803943452,3429.30741815476
669.041703480397,32833.1325223214,3410.81068452381
669.237409911426,32800.1374702381,3372.54942708333
669.433101887862,32790.6778050595,3360.22910714286
669.628779407418,32817.2363839286,3377.88064732143
669.824442467806,32837.7485788691,3380.35121279762
670.020091066736,32836.3182514881,3382.0090922619
670.215725201921,32851.7267782738,3384.08956845238
670.411344871071,32867.4278720238,3383.95953869048
670.6069500719,32896.2294642857,3397.64517113095
670.802540802118,32918.9521651786,3414.0939360119
670.998117059436,32898.2774330357,3404.47173363095
671.193678841567,32911.0203497024,3422.35082589286
671.389226146223,32908.0296651786,3420.75796130952
671.584758971114,32854.5549255952,3373.94724702381
671.780277313952,32862.5842633929,3374.04476934524
671.975781172449,32900.000327381,3381.0663764881
672.171270544316,32865.9000223214,3364.65011904762
672.366745427266,32879.7806994048,3379.57103422619
672.562205819009,32861.771577381,3365.13773065476
672.757651717257,32889.69546875,3368.38847470238
672.953083119722,32894.5390773809,3373.29709821429
673.148500024116,32873.31171875,3357.27093005952
673.343902428149,32892.7836755952,3367.54328125
673.539290329535,32917.749389881,3374.88996279762
673.734663725983,32891.1908110119,3353.24000744048
673.930022615206,32877.3101339286,3334.77578125
674.125366994916,32876.8550297619,3328.5018452381
674.320696862824,32864.2096354167,3319.82235863095
674.516012216641,32883.4540401786,3330.90739583333
674.71131305408,32879.9432366071,3318.45704613095
674.906599372851,32903.7711904762,3325.73871279762
675.101871170667,32912.3206473214,3315.5313764881
675.297128445239,32911.4429464286,3309.15991815476
675.492371194278,32951.2320535714,3336.56369047619
675.687599415497,32971.1266071429,3346.21840029762
675.882813106606,32961.4718973214,3329.37954613095
676.078012265318,32937.1888392857,3310.85030505952
676.273196889344,32962.7071800595,3328.27429315476
676.468366976395,32912.158110119,3295.01918154762
676.663522524184,32937.0588095238,3313.0608110119
676.858663530421,32933.1904241072,3328.37181547619
677.053789992819,32916.0264955357,3305.06398065476
677.248901909089,32945.1531622024,3317.22176339286
677.443999276942,32951.8496949405,3326.48638392857
677.63908209409,32937.1888392857,3319.6273139881
677.834150358245,32980.2937053571,3355.06042410714
678.029204067119,33017.1896502976,3381.68401785714
678.224243218422,33003.3414806548,3368.48599702381
678.419267809867,33009.8754761905,3386.33258184524
678.614277839165,33002.33375,3390.55854910714
678.809273304028,32987.0552529762,3375.99521577381
679.004254202168,32949.1840848214,3346.64099702381
679.199220531295,32927.1765476191,3329.63960565476
679.394172289121,32920.5775372024,3320.86259672619
679.589109473359,32885.9571130952,3283.41402529762
679.78403208172,32864.1771279762,3267.87546875
679.978940111915,32861.2189508929,3271.06119791667
680.173833561656,32852.3444196429,3268.23305059524
680.368712428654,32845.9079464286,3257.70063988095
680.563576710622,32892.3285714286,3285.4945014881
680.75842640527,32868.9232142857,3269.04573660714
680.95326151031,32922.7555357143,3304.41383184524
681.148082023455,32953.1499925595,3334.45070684524
681.342887942415,32965.5028199405,3347.48619047619
681.537679264902,32979.5135267857,3355.28797619048
681.732455988627,32985.9174925595,3349.98926339286
681.927218111303,32947.6562351191,3304.34881696429
682.121965630641,32931.272485119,3299.31016369048
682.316698544353,32964.78765625,3317.05922619048
682.511416850149,32986.7301785714,3317.44931547619
682.706120545742,32964.722641369,3275.80728422619
682.900809628844,32957.0183779762,3268.98072172619
683.095484097165,33025.9016443452,3330.19223214286
683.290143948418,33060.294516369,3346.77102678571
683.484789180314,33050.2172098214,3339.09927083333
683.679419790564,33069.0715252976,3355.87311011905
683.874035776881,33060.1644866071,3348.03881696429
684.068637136976,33083.7323809524,3354.89788690476
684.26322386856,33098.3282217262,3359.48143601191
684.457795969345,33112.7940327381,3373.65468005952
684.652353437043,33109.4132589286,3358.37618303571
684.846896269365,33122.5137574405,3357.53098958333
685.041424464023,33104.7321875,3334.90581101191
685.235938018728,33091.76171875,3320.63504464286
685.430436931193,33119.4580580357,3326.45387648809
685.624921199128,33102.9442782738,3312.248125
685.819390820245,33129.5353645833,3327.52662202381
686.013845792256,33151.4778869048,3336.85625744048
686.208286112873,33162.692953869,3330.5498139881
686.402711779806,33135.6792708333,3306.85188988095
686.597122790768,33138.7024627976,3299.66774553571
686.791519143471,33127.25984375,3294.75912202381
686.985900835625,33145.756577381,3307.50203869048
687.180267864943,33099.3684598214,3260.00866815476
687.374620229135,33122.7738169643,3284.45426339286
687.568957925914,33147.056875,3290.17557291667
687.763280952992,33142.7333854167,3283.64157738095
687.957589308079,33154.2735267857,3293.78389880952
688.151882988888,33135.8093005952,3266.12006696429
688.346161993129,33169.519516369,3292.28855654762
688.540426318516,33177.3863169643,3293.49133184524
688.734675962758,33166.8213988095,3272.19895833333
688.928910923568,33184.4079241071,3278.63543154762
689.123131198658,33186.585922619,3286.11214285714
689.317336785738,33210.3488616071,3300.38290922619
689.511527682521,33181.937358631,3279.80569940476
689.705703886719,33207.5532217262,3290.66318452381
689.899865396042,33180.7670907738,3266.31511160714
690.094012208202,33184.9280431548,3277.40014880952
690.288144320911,33189.6416220238,3282.63384672619
690.482261731881,33194.4852306548,3287.37993303571
690.676364438824,33197.0533184524,3294.40154017857
690.870452439449,33246.4971354167,3338.54664434524
691.064525731471,33240.5482738095,3334.74327380952
691.258584312599,33240.0606622024,3334.15813988095
691.452628180545,33220.7512425595,3317.77438988095
691.646657333022,33226.2124925595,3322.52047619048
691.840671767741,33240.8083333333,3331.03742559524
692.034671482413,33216.0376636905,3302.98350446429
692.228656474749,33229.2681919643,3334.38569196429
692.422626742463,33221.531421131,3332.8578422619
692.616582283264,33230.8610565476,3331.65506696429
692.810523094865,33239.150453869,3355.15794642857
693.004449174978,33243.1488690476,3359.44892857143
693.198360521313,33238.7278571429,3365.43029761905
693.392257131583,33202.5470758929,3334.74327380952
693.586139003499,33180.9621354167,3324.82850446429
693.780006134773,33159.2146577381,3316.08400297619
693.973858523116,33153.4283333333,3314.81621279762
694.16769616624,33159.0521205357,3325.02354910714
694.361519061856,33166.4313095238,3336.36864583333
694.555327207677,33172.4451860119,3340.9196875
694.749120601413,33140.8479538691,3319.8873735119
694.942899240777,33109.7383333333,3288.97279761905
695.136663123479,33090.0063169643,3291.60590029762
695.330412247232,33091.5341666667,3285.59202380952
695.524146609747,33124.6267410714,3316.57161458333
695.717866208735,33093.3545833333,3308.44475446429
695.91157104191,33059.9044270833,3286.92482886905
696.10526110698,33066.7309895833,3306.36427827381
696.29893640166,33048.2992708333,3295.27924107143
696.492596923659,33038.4170089286,3296.09192708333
696.68624267069,33018.5874702381,3285.81957589286
696.879873640464,32987.5753720238,3260.46377232143
697.073489830693,32948.0788318452,3239.23641369048
697.267091239089,32923.8932961309,3213.03541666667
697.460677863362,32950.6144122024,3239.72402529762
697.654249701225,32969.3061904762,3256.04276041667
697.84780675039,32965.535327381,3252.36941964286
698.041349008567,32972.8169940476,3258.93592261905
698.234876473469,32946.9410714286,3239.0738764881
698.428389142807,32909.8175744048,3224.54305059524
698.621887014292,32911.2479017857,3224.05543898809
698.815370085636,32882.121235119,3214.59577380952
699.008838354552,32875.294672619,3225.87585565476
699.20229181875,32879.8457142857,3226.75355654762
699.395730475942,32863.2669196429,3237.1559375
699.589154323839,32849.1586904762,3235.43304315476
699.782563360154,32870.2235119048,3251.19915178571
699.975957582597,32888.5577083333,3282.95892113095
700.169336988881,32906.3067708333,3287.08736607143
700.362701576717,32895.9694047619,3282.7638764881
700.556051343816,32866.3226190476,3258.31828125
700.749386287891,32876.8225223214,3260.98389136905
700.942706406653,32886.5747544643,3285.20193452381
701.136011697812,32900.9105357143,3298.56249255952
701.329302159082,32904.6163839286,3303.56863839286
701.522577788174,32877.5701934524,3300.18786458333
701.715838582798,32888.6227232143,3320.11492559524
701.909084540668,32904.3563244048,3342.57756696429
702.102315659493,32894.9941815476,3343.84535714286
702.295531936987,32910.8253050595,3354.37776785714
702.48873337086,32912.0280803571,3366.0479389881
702.681919958825,32919.2447321429,3376.71037946429
702.875091698592,32932.1176785714,3370.8265327381
703.068248587873,32932.6052901786,3371.02157738095
703.261390624381,32934.6532589286,3380.02613839286
703.454517805826,32974.2473214286,3409.80295386905
703.64763012992,32928.3143080357,3378.95339285714
703.840727594375,32933.320453869,3382.33416666667
704.033810196902,32924.6734747024,3365.13773065476
704.226877935214,32933.6780357143,3376.06023065476
704.41993080702,32955.165453869,3403.59403273809
704.612968810034,32943.9178794643,3382.91930059524
704.805991941967,33001.9436607143,3463.89533482143
704.99900020053,33036.3365327381,3493.18453869048
705.191993583434,33033.2808333333,3493.76967261905
705.384972088393,33033.4108630952,3506.18751488095
705.577935713116,33027.5595238095,3499.91357886905
705.770884455316,33019.335141369,3512.42894345238
705.963818312705,33015.8568452381,3509.14569196429
706.156737282993,33017.6122470238,3523.09138392857
706.349641363893,32995.6697247024,3517.27255208333
706.542530553116,32988.1930133929,3507.6178422619
706.735404848374,32963.7799255952,3495.26501488095
706.928264247378,32968.9811160714,3525.3669047619
707.12110874784,32943.9503869048,3504.52963541667
707.313938347471,32928.1517708333,3496.07770089286
707.506753043984,32878.9680133928,3458.95420386905
707.699552835089,32901.4306547619,3471.95718005952
707.892337718498,32879.8782217262,3446.69889880952
708.085107691924,32887.6800074405,3468.31634672619
708.277862753076,32870.2560193452,3469.16154017857
708.470602899668,32859.3660267857,3461.16470982143
708.663328129411,32844.9652306548,3462.39999255952
708.856038440015,32750.0435044643,3373.75220238095
709.048733829194,32712.0748139881,3350.31433779762
709.241414294658,32691.5301116071,3347.97380208333
709.434079834119,32689.1895758929,3359.93654017857
709.626730445289,32691.3675744048,3369.55874255952
709.819366125879,32668.8724255952,3346.96607142857
710.011986873601,32636.2349553571,3339.32682291667
710.204592686166,32596.5758779762,3304.34881696429
710.397183561287,32597.7461458333,3320.57002976191
710.589759496673,32610.0339583333,3330.58232142857
710.782320490039,32588.7740922619,3331.9151264881
710.974866539094,32623.1019494048,3351.19203869048
711.16739764155,32624.9223660714,3364.97519345238
711.35991379512,32594.852983631,3350.80194940476
711.552414997514,32576.2587276786,3351.22454613095
711.744901246444,32626.4502157738,3413.41127976191
711.937372539622,32585.0682440476,3404.73179315476
712.12982887476,32553.2109523809,3388.60810267857
712.322270249568,32536.4046056548,3371.47668154762
712.514696661759,32515.7623809524,3360.0340625
712.707108109045,32532.4712053571,3384.25210565476
712.899504589136,32510.886264881,3393.80929315476
713.091886099744,32505.9451339286,3397.93773809524
713.284252638582,32493.4622767857,3400.27827380952
713.47660420336,32451.6577083333,3361.399375
713.66894079179,32451.1375892857,3360.35913690476
713.861262401584,32441.5153869048,3359.87152529762
714.053569030454,32432.0557217262,3356.39322916667
714.24586067611,32422.8561160714,3377.29551339286
714.438137336265,32367.5609598214,3328.66438244048
714.630399008631,32326.0164508929,3318.19698660714
714.822645690917,32340.7098139881,3344.98311755952
715.014877380838,32287.9177306548,3327.91671130952
715.207094076103,32288.9904761905,3341.08222470238
715.399295774425,32291.070952381,3352.58985863095
715.591482473515,32275.6299181548,3345.60075892857
715.783654171084,32194.5238541667,3274.73453869048
715.975810864845,32222.7728199405,3316.05149553571
716.167952552509,32214.1908556548,3322.35793898809
716.360079231788,32226.2186086309,3357.17340773809
716.552190900393,32189.3551711309,3348.16884672619
716.744287556035,32140.4639806548,3322.32543154762
716.936369196427,32148.7858854167,3331.78509672619
717.128435819279,32106.6237351191,3325.64119047619
717.320487422305,32114.3279985119,3331.13494791667
717.512524003214,32104.3807217262,3352.13475446429
717.704545559719,32071.0605952381,3354.60531994048
717.896552089531,32044.8921056548,3346.99857886905
718.088543590363,32011.9945758929,3330.67984375
718.280520059924,32026.4928943452,3350.08678571429
718.472481495928,32056.0421577381,3392.63902529762
718.664427896086,32071.87328125,3409.96549107143
718.856359258109,32008.6463095238,3372.80948660714
719.048275579709,31977.3091369048,3353.95517113095
719.240176858597,31949.612797619,3346.90105654762
719.432063092485,31945.4843526786,3358.37618303571
719.623934279085,31934.2367782738,3359.64397321429
719.815790416109,31914.0496577381,3360.78173363095
720.007631501267,31874.0980133929,3333.11790178571
720.199457532271,31857.8442931548,3330.1272172619
720.391268506834,31778.7536904762,3273.27170386905
720.583064422667,31777.5184077381,3289.5904389881
720.77484527748,31812.6589508929,3326.94148809524
720.966611068987,31785.5477455357,3330.61482886905
721.158361794898,31767.1485342262,3299.63523809524
721.350097452925,31748.359233631,3311.11036458333
721.54181804078,31742.2478348214,3297.03464285714
721.733523556174,31700.8983705357,3266.44514136905
721.925213996819,31702.8163095238,3270.70361607143
722.116889360426,31680.3536681548,3278.18032738095
722.308549644707,31658.931264881,3264.26714285714
722.500194847374,31661.6943973214,3284.03166666667
722.691824966138,31638.8416666667,3274.34444940476
722.883439998712,31649.8616889881,3292.77616815476
723.075039942805,31653.2099553571,3303.14604166667
723.266624796131,31611.1778348214,3285.59202380952
723.4581945564,31579.0279761905,3266.05505208333
723.649749221324,31567.3903125,3269.27328869048
723.841288788615,31570.1534449405,3294.01145089286
724.032813255985,31550.9090401786,3292.80867559524
724.224322621144,31544.1474925595,3291.6384077381
724.415816881806,31573.3066666667,3335.06834821429
724.60729603568,31525.9758333333,3310.42770833333
724.798760080479,31486.7393526786,3304.73890625
724.990209013915,31459.4005952381,3281.62611607143
725.181642833698,31464.4392485119,3318.52206101191
725.373061537542,31460.1807738095,3318.45704613095
725.564465123156,31422.1795758929,3325.93375744048
725.755853588253,31407.8437946429,3331.10244047619
725.947226930545,31374.0360565476,3331.75258928571
726.138585147742,31340.9109747024,3315.46636160714
726.329928237558,31291.3046205357,3295.50679315476
726.521256197702,31230.2556473214,3249.86634672619
726.712569025887,31200.4788318452,3254.18983630952
726.903866719824,31185.6879464286,3247.55831845238
727.095149277226,31155.7160863095,3245.99796130952
727.286416695803,31162.4776339286,3262.64177083333
727.477668973267,31128.6048809524,3263.87705357143
727.66890610733,31084.3297470238,3249.86634672619
727.860128095703,31023.2157589286,3218.43165178571
728.051334936098,30989.0504389881,3211.54007440476
728.242526626227,30936.0958184524,3209.32956845238
728.433703163801,30883.6938244048,3180.30042410714
728.624864546532,30894.0311904762,3195.54641369048
728.816010772131,30826.6757738095,3177.43976934524
729.007141838309,30808.0490104167,3177.40726190476
729.19825774278,30780.0601041667,3159.13808035714
729.389358483254,30723.0745610119,3139.21101934524
729.580444057442,30725.2525595238,3142.98188244048
729.771514463056,30733.2818973214,3165.57455357143
729.962569697809,30709.8115252976,3164.63183779762
730.153609759411,30724.7974553571,3193.36841517857
730.344634645574,30711.7294642857,3201.20270833333
730.53564435401,30702.7899181548,3223.08021577381
730.72663888243,30671.8103273809,3200.32500744048
730.917618228546,30629.5831622024,3191.93808779762
731.10858239007,30611.8015922619,3179.0001264881
731.299531364712,30569.1193229167,3164.07921130952
731.490465150186,30571.0047544643,3169.0203422619
731.681383744201,30556.37640625,3179.2601860119
731.872287144471,30558.3918675595,3208.71192708333
732.063175348706,30542.6907738095,3217.71648809524
732.254048354618,30524.9417113095,3209.55712053571
732.444906159919,30531.1506324405,3237.0259077381
732.63574876232,30498.6106845238,3238.00113095238
732.826576159533,30491.6215848214,3225.77833333333
733.017388349269,30471.0118675595,3225.61579613095
733.208185329241,30439.1220684524,3223.43779761905
733.398967097159,30439.4796502976,3249.02115327381
733.589733650735,30408.4025372024,3249.63879464286
733.780484987682,30357.788452381,3224.83561755952
733.971221105709,30353.9200669643,3236.14820684524
734.16194200253,30338.2189732143,3243.88497767857
734.352647675855,30326.7438467262,3252.14186755952
734.543338123397,30288.0599925595,3245.80291666667
734.734013342867,30284.3216369048,3273.82433035714
734.924673331976,30293.1311532738,3292.19103422619
735.115318088435,30256.2352083333,3290.37061755952
735.305947609958,30235.7880282738,3291.67091517857
735.496561894255,30215.9584895833,3299.50520833333
735.687160939038,30209.2944642857,3310.85030505952
735.877744742018,30175.9743377976,3289.39539434524
736.068313300907,30154.8445014881,3285.46199404762
736.258866613416,30131.5366666667,3274.019375
736.449404677258,30108.5213988095,3274.11689732143
736.639927490144,30100.1344791667,3269.37081101191
736.830435049785,30090.9023660714,3280.8459375
737.020927353893,30054.9816443452,3265.9575297619
737.21140440018,30071.2678720238,3290.01303571429
737.401866186357,30028.3580505952,3265.24236607143
737.592312710136,30013.7622098214,3263.51947172619
737.782743969228,30019.5485342262,3287.02235119048
737.973159961345,29992.4048214286,3278.37537202381
738.163560684199,29941.2706175595,3242.38963541667
738.3539461355,29926.6422693452,3248.53354166667
738.544316312962,29923.5215550595,3267.25782738095
738.734671214295,29908.7956845238,3262.67427827381
738.925010837211,29863.0577157738,3236.18071428572
739.115335179422,29844.6910119048,3240.40668154762
739.305644238638,29825.6416517857,3245.41282738095
739.495938012573,29802.2688020833,3245.96545386905
739.686216498937,29786.5026934524,3233.45008928571
739.876479695442,29740.3746354167,3212.0276860119
740.066727599799,29751.0370758929,3240.47169642857
740.25696020972,29767.0307366071,3273.56427083333
740.447177522918,29737.6440104167,3256.98547619048
740.637379537102,29717.7169494048,3264.72224702381
740.827566249986,29720.9676934524,3283.12145833333
741.01773765928,29706.2093154762,3292.61363095238
741.207893762696,29644.8352678571,3276.84752232143
741.398034557946,29623.0227752976,3267.32284226191
741.588160042741,29585.4441741071,3251.16664434524
741.778270214794,29569.5480357143,3262.57675595238
741.968365071814,29530.7016443452,3247.94840773809
742.158444611515,29542.014233631,3278.01779017857
742.348508831608,29497.3815178571,3253.21461309524
742.538557729804,29463.2487053571,3230.71946428571
742.728591303814,29402.8498809524,3205.75375
742.918609551352,29376.3238095238,3207.89924107143
743.108612470127,29378.6318377976,3218.62669642857
743.298600057852,29361.662953869,3215.99359375
743.488572312238,29344.6615625,3207.63918154762
743.678529230998,29306.367797619,3210.07723958333
743.868470811841,29322.7190401786,3251.23165922619
744.058397052481,29302.2068452381,3244.92521577381
744.248307950629,29247.8869122024,3233.77516369048
744.438203503996,29229.8127752976,3238.61877232143
744.628083710293,29210.5683705357,3250.58151041667
744.817948567234,29188.33328125,3261.63404017857
745.007798072528,29176.4355580357,3258.90341517857
745.197632223888,29173.6399181548,3264.62472470238
745.387451019025,29130.925141369,3250.38646577381
745.577254455651,29105.2767708333,3256.20529761905
745.767042531478,29073.4194791667,3246.64811011905
745.956815244216,29052.8747767857,3260.30123511905
746.146572591578,29020.4973660714,3258.15574404762
746.336314571276,29032.0700148809,3285.39697916667
746.52604118102,29016.4664434524,3299.08261160714
746.715752418523,29011.1352232143,3308.18469494048
746.905448281496,29015.9138169643,3329.08697916667
747.09512876765,28958.3756473214,3317.61185267857
747.284793874698,28945.4376860119,3322.97558035714
747.47444360035,28913.0927827381,3319.69232886905
747.664077942319,28891.6053645833,3314.19857142857
747.853696898316,28832.7994047619,3277.01005952381
748.043300466053,28772.4981026786,3252.53195684524
748.23288864324,28730.2709375,3220.86970982143
748.422461427591,28705.8903571429,3230.49191220238
748.612018816816,28669.4820238095,3216.96881696429
748.801560808627,28615.5846875,3190.31271577381
748.991087400736,28578.786264881,3196.26157738095
749.180598590854,28549.1394791667,3198.14700892857
749.370094376692,28558.6316517857,3216.48120535714
749.559574755963,28543.5156919643,3230.26436011905
749.749039726378,28518.8750520833,3218.82174107143
749.938489285649,28503.6290625,3221.94245535714
750.127923431487,28483.2794047619,3222.1375
750.317342161604,28416.1190327381,3196.29408482143
750.50674547371,28384.9769047619,3167.32995535714
750.69613336552,28347.6583630952,3168.14264136905
750.885505834742,28309.7871949405,3174.74165178571
751.07486287909,28314.53328125,3193.10835565476
751.264204496274,28251.111264881,3169.41043154762
751.453530684007,28231.8018452381,3176.69209821429
751.64284144,28201.2448511905,3183.25860119048
751.832136761964,28169.81015625,3182.28337797619
752.021416647612,28160.0254166667,3182.28337797619
752.210681094654,28140.0333407738,3195.35136904762
752.399930100803,28110.0289732143,3181.66573660714
752.589163663769,28089.0941815476,3184.62391369048
752.778381781266,28076.3837723214,3184.62391369048
752.967584451003,28062.3080505952,3184.16880952381
753.156771670693,28023.3316294643,3172.23857886905
753.345943438047,27991.3118005952,3182.57594494048
753.535099750777,27975.8382589286,3182.08833333333
753.724240606595,27923.1111904762,3173.99398065476
753.913366003212,27886.8328869048,3158.0978422619
754.10247593834,27839.9246502976,3148.76820684524
754.29157040969,27810.4404017857,3146.20011904762
754.480649414974,27773.804516369,3150.55611607143
754.669712951903,27746.5307738095,3142.23421130952
754.85876101819,27698.5497916667,3112.03479910714
755.047793611545,27666.8550372024,3108.55650297619
755.23681072968,27680.2481026786,3149.41835565476
755.425812370308,27674.8518675595,3164.72936011905
755.614798531139,27664.9045907738,3167.81756696429
755.803769209885,27683.07625,3191.22292410714
755.992724404257,27643.4821875,3193.69348958333
756.181664111968,27616.2084449405,3199.44730654762
756.370588330729,27585.9115104167,3202.2104389881
756.559497058252,27549.0805803571,3194.86375744048
756.748390292247,27543.6518377976,3210.04473214286
756.937268030427,27516.9307217262,3220.08953125
757.126130270504,27499.3441964286,3233.48259672619
757.314977010188,27463.0984002976,3221.12976934524
757.503808247192,27464.3011755952,3249.63879464286
757.692623979226,27435.6946279762,3237.51351934524
757.881424204004,27416.8728199405,3246.77813988095
758.070208919236,27388.4938244048,3233.58011904762
758.258978122633,27401.0091889881,3264.13711309524
758.447731811908,27397.5634002976,3295.08419642857
758.636469984772,27382.2849032738,3296.83959821429
758.825192638937,27356.831577381,3292.48360119048
759.013899772114,27323.9665550595,3293.45882440476
759.202591382015,27264.0553422619,3257.01798363095
759.391267466351,27224.2012202381,3254.74246279762
759.579928022834,27211.2632589286,3276.58746279762
759.768573049176,27172.1568080357,3277.62770089286
759.957202543088,27159.6414434524,3289.68796130952
760.145816502282,27146.8985267857,3295.34425595238
760.334414924469,27108.7022842262,3288.71273809524
760.522997807362,27097.292172619,3296.74207589286
760.711565148671,27042.3545982143,3282.43880208333
760.900116946108,27022.0699553571,3285.13691964286
761.088653197385,26993.3983928571,3275.44970238095
761.277173900213,26982.0858035714,3291.54088541667
761.465679052305,26913.2025372024,3243.8524702381
761.654168651371,26898.4116517857,3262.67427827381
761.842642695123,26845.7170907738,3249.63879464286
762.031101181273,26833.9493973214,3276.68498511905
762.219544107532,26833.9819047619,3291.15079613095
762.407971471613,26784.5055803571,3259.52105654762
762.596383271226,26767.0490848214,3277.33513392857
762.784779504083,26744.5864434524,3293.19876488095
762.973160167896,26744.2938764881,3312.47567708333
763.161525260376,26714.4195386905,3314.03603422619
763.349874779235,26670.1444047619,3301.29311755952
763.538208722185,26616.832202381,3279.90322172619
763.726527086937,26591.0863095238,3283.5765625
763.914829871203,26529.452202381,3255.49013392857
764.103117072694,26494.1816294643,3248.11094494048
764.291388689122,26486.9324702381,3267.68042410714
764.479644718198,26431.0846875,3246.77813988095
764.667885157635,26401.0803199405,3249.70380952381
764.856110005144,26344.3223288691,3234.78289434524
765.044319258436,26301.4125074405,3223.86039434524
765.232512915222,26276.2517485119,3231.8247172619
765.420690973216,26252.5863318452,3246.32303571429
765.608853430127,26235.7149702381,3256.92046130952
765.797000283668,26253.7891071429,3284.45426339286
765.985131531551,26203.8576785714,3262.57675595238
766.173247171486,26134.8443824405,3239.52898065476
766.361347201186,26093.2673660714,3233.80767113095
766.549431618362,26057.3791517857,3234.16525297619
766.737500420726,26035.9892559524,3236.21322172619
766.925553605989,25970.8118377976,3213.1329389881
767.113591171863,25947.4064806548,3218.49666666667
767.301613116059,25915.0290699405,3209.42709077381
767.48961943629,25896.1097395833,3214.04314732143
767.677610130266,25856.905766369,3198.69963541667
767.8655851957,25849.6566071429,3220.44711309524
768.053544630302,25825.8611607143,3231.04453869048
768.241488431785,25780.8708630952,3220.83720238095
768.42941659786,25761.2688764881,3232.99498511905
768.617329126239,25730.5493452381,3230.45940476191
768.805226014633,25741.3418154762,3263.35693452381
768.993107260754,25753.7921651786,3305.12899553571
769.180972862313,25692.9707440476,3267.7454389881
769.368822817023,25678.0823363095,3281.43107142857
769.556657122594,25673.4987872024,3315.62889880952
769.744475776738,25626.4605208333,3303.27607142857
769.932278777167,25614.9853943452,3317.77438988095
770.120066121593,25584.2008482143,3317.02671875
770.307837807727,25582.7380133929,3344.30046130952
770.49559383328,25536.187358631,3327.3965922619
770.683334195965,25497.89359375,3321.09014880952
770.871058893492,25473.252953869,3314.4261235119
771.058767923574,25469.22203125,3336.07607886905
771.246461283922,25452.5132068452,3346.15338541667
771.434138972248,25408.9532366071,3337.63643601191
771.621800986262,25362.2400446429,3324.89351934524
771.809447323678,25338.2820610119,3329.54208333333
771.997077982206,25311.7884970238,3326.68142857143
772.184692959558,25272.1294196429,3312.8007514881
772.372292253446,25247.1962127976,3315.56388392857
772.559875861581,25236.8263392857,3334.38569196429
772.747443781675,25185.172016369,3295.92938988095
772.934996011439,25136.1833035714,3275.5147172619
773.122532548585,25119.7345386905,3300.96804315476
773.310053390825,25080.8556398809,3302.88598214286
773.49755853587,24997.3440252976,3249.15118303571
773.685047981431,24943.8367782738,3223.99042410714
773.872521725221,24904.9903869048,3215.99359375
774.059979764952,24890.6220982143,3229.67922619048
774.247422098333,24894.2304241071,3266.80272321429
774.434848723079,24852.0032589286,3259.45604166667
774.622259636898,24845.5342782738,3271.32125744048
774.809654837504,24814.0995833333,3277.85525297619
774.997034322608,24791.6694494048,3273.53176339286
775.184398089922,24755.3911458333,3267.55039434524
775.371746137157,24708.3853869048,3255.81520833333
775.559078462024,24677.8283928571,3263.68200892857
775.746395062236,24628.2545461309,3238.26119047619
775.933695935504,24602.2811011905,3245.05524553571
776.12098107954,24571.1064657738,3247.65584077381
776.308250492054,24531.1548214286,3246.22551339286
776.49550417076,24485.0267633929,3222.52758928571
776.682742113367,24442.8321056548,3226.39597470238
776.869964317589,24409.9345758929,3225.61579613095
777.057170781136,24400.7024627976,3236.27823660714
777.24436150172,24386.5617261905,3233.93770089286
777.431536477054,24372.6485416667,3238.26119047619
777.618695704847,24364.7817410714,3260.17120535714
777.805839182812,24344.822172619,3270.89866071429
777.992966908661,24297.166264881,3251.91431547619
778.180078880105,24229.2257142857,3205.33115327381
778.367175094856,24220.4161979167,3212.90538690476
778.554255550625,24195.1254092262,3227.46872023809
778.741320245124,24171.8825892857,3236.86337053571
778.928369176064,24119.6431324405,3228.63898809524
779.115402341158,24104.4621577381,3230.06931547619
779.302419738116,24097.700610119,3249.47625744048
779.489421364651,24085.6078422619,3260.75633928571
779.676407218473,24063.015171131,3273.30421130952
779.863377297295,24022.9985119048,3262.70678571429
780.050331598828,24005.0869122024,3279.96823660714
780.237270120784,23974.2373511905,3278.70044642857
780.424192860874,23939.7144494048,3289.91551339286
780.61109981681,23921.9978943452,3304.51135416667
780.797990986303,23895.3417931548,3298.88756696429
780.984866367065,23862.184203869,3290.95575148809
781.171725956809,23809.3921205357,3280.8459375
781.358569753244,23800.4525744048,3302.13831101191
781.545397754083,23760.3709002976,3304.54386160714
781.732209957038,23725.8479985119,3291.21581101191
781.91900635982,23693.3405580357,3290.17557291667
782.10578696014,23660.8981324405,3295.50679315476
782.292551755711,23602.092172619,3275.9373139881
782.479300744244,23540.783139881,3250.61401785714
782.66603392345,23490.0390252976,3225.77833333333
782.852751291041,23448.8520982143,3211.93016369048
783.039452844728,23403.7317708333,3224.34800595238
783.226138582224,23368.0386011905,3225.55078125
783.41280850124,23325.4863616071,3217.58645833333
783.599462599487,23297.0423511905,3223.73036458333
783.786100874678,23264.5024032738,3223.08021577381
783.972723324522,23230.8246949405,3215.21341517857
784.159329946733,23214.6684970238,3226.59101934524
784.345920739022,23193.92875,3235.23799851191
784.532495699101,23144.3223958333,3219.21183035714
784.71905482468,23100.3723363095,3224.12045386905
784.905598113472,23045.8898660714,3212.35276041667
785.092125563188,23004.9629985119,3212.80786458333
785.27863717154,22976.4214657738,3212.32025297619
785.465132936239,22941.1834002976,3217.68398065476
785.651612854998,22910.6589136905,3230.62194196429
785.838076925527,22853.7708928571,3206.89151041667
786.024525145538,22818.2727678571,3213.75058035714
786.210957512743,22797.1754389881,3225.06316964286
786.397374024853,22765.220625,3235.790625
786.58377467958,22753.4529315476,3259.19598214286
786.770159474636,22780.3690922619,3332.8578422619
786.956528407732,22753.8105133929,3340.23703125
787.14288147658,22720.3278497024,3329.96468005952
787.329218678891,22701.6035639881,3341.08222470238
787.515540012378,22668.1534077381,3351.38708333333
787.70184547475,22613.605922619,3332.04515625
787.888135063721,22566.6976860119,3320.44
788.074408777002,22512.3777529762,3300.22037202381
788.260666612304,22477.3022247024,3297.94485119048
788.446908567339,22453.1491964286,3316.27904761905
788.633134639818,22398.2441294643,3301.42314732143
788.819344827454,22369.5400595238,3306.46180059524
789.005539127957,22352.278608631,3319.65982142857
789.19171753904,22306.8982217262,3320.92761160714
789.377880058414,22271.6276488095,3319.59480654762
789.56402668379,22230.4407217262,3309.58251488095
789.75015741288,22189.1562723214,3323.3006547619
789.936272243396,22162.6952157738,3323.82077380952
790.12237117305,22159.5419940476,3342.80511904762
790.308454199552,22126.4494196429,3333.80055803571
790.494521320615,22093.4543675595,3335.91354166667
790.68057253395,22015.7615848214,3279.28558035714
790.866607837268,21962.8719791667,3248.43601934524
791.052627228282,21952.3395684524,3266.34761904762
791.238630704703,21896.5242931548,3240.95930803571
791.424618264243,21873.3789955357,3228.63898809524
791.610589904612,21888.5274627976,3264.10460565476
791.796545623523,21888.8850446429,3277.49767113095
791.982485418688,21862.131421131,3271.8413764881
792.168409287817,21813.3377529762,3241.54444196429
792.354317228623,21792.6955282738,3229.09409226191
792.540209238817,21796.7589583333,3237.7085639881
792.72608531611,21770.2003794643,3220.70717261905
792.911945458215,21749.7206919643,3207.44413690476
793.097789662843,21728.7208854167,3190.21519345238
793.283617927705,21717.6033407738,3186.34680803571
793.469430250513,21725.2100818452,3197.0092485119
793.655226628979,21750.3383333333,3207.70419642857
793.841007060814,21761.2608333333,3215.83105654762
794.02677154373,21741.91890625,3206.66395833333
794.212520075439,21741.5938318452,3208.80944940476
794.398252653652,21741.7238616071,3211.54007440476
794.58396927608,21750.5658854167,3202.73055803571
794.769669940435,21752.84140625,3195.02629464286
794.955354644429,21743.5117708333,3182.25087053571
795.141023385774,21793.0856175595,3208.84195684524
795.326676162181,21788.1444866071,3207.34661458333
795.512312971361,21808.8517261905,3214.46574404762
795.697933811027,21830.1115922619,3219.66693452381
795.88353867889,21853.4844419643,3233.84017857143
796.06912757266,21877.1823660714,3248.46852678571
796.254700490051,21891.0305357143,3244.04751488095
796.440257428774,21920.8723660714,3252.23938988095
796.625798386539,21968.7883333333,3286.33969494048
796.81132336106,21997.8824925595,3299.44019345238
796.996832350047,22018.4922098214,3306.786875
797.182325351212,22067.6434598214,3334.45070684524
797.367802362267,22081.6216592262,3343.29273065476
797.553263380922,22100.8010491071,3358.83128720238
797.738708404891,22080.3863764881,3329.89966517857
797.924137431884,22089.3909375,3333.21542410714
798.109550459613,22084.3522842262,3314.45863095238
798.294947485789,22093.4543675595,3305.5515922619
798.480328508125,22099.9233482143,3317.22176339286
798.665693524332,22141.0777678571,3350.3468452381
798.85104253212,22149.6272247024,3341.73237351191
799.036375529203,22131.780639881,3342.57756696429
799.221692513292,22150.5699404762,3339.87944940476
799.406993482097,22125.9943154762,3321.57776041667
799.592278433332,22123.3612127976,3325.44614583333
799.777547364706,22129.050014881,3315.95397321429
799.962800273933,22176.4783705357,3346.05586309524
800.148037158723,22198.3233705357,3368.29095238095
800.333258016788,22192.8621205357,3363.9999702381
800.518462845841,22177.0635044643,3347.97380208333
800.703651643591,22164.0605282738,3334.84079613095
800.888824407752,22167.0187053571,3340.04198660714
801.073981136033,22142.5080952381,3315.62889880952
801.259121826149,22121.0856919643,3282.17874255952
801.444246475808,22135.5840104167,3279.44811755952
801.629355082724,22153.0405059524,3288.38766369048
801.814447644609,22171.4072098214,3302.6909375
801.999524159172,22196.3079092262,3329.08697916667
802.184584624127,22211.2613318452,3337.14882440476
802.369629037184,22205.6050372024,3323.95080357143
802.554657396056,22209.7659895833,3327.07151785714
802.739669698454,22203.1669791667,3327.00650297619
802.924665942089,22214.2845238095,3335.23088541667
803.109646124673,22230.083139881,3362.56964285714
803.294610243918,22272.1152604167,3407.91752232143
803.479558297535,22249.4575744048,3388.64061011905
803.664490283237,22258.1370610119,3398.1327827381
803.849406198733,22209.0183184524,3358.66875
804.034306041737,22197.315639881,3352.58985863095
804.21918980996,22191.5293154762,3353.69511160714
804.404057501112,22172.3174181548,3339.13177827381
804.588909112907,22179.436547619,3361.98450892857
804.773744643055,22198.4534002976,3380.25369047619
804.958564089268,22205.4750074405,3388.705625
805.143367449258,22204.0446800595,3399.66063244048
805.328154720736,22199.5586532738,3407.29988095238
805.512925901414,22209.9610342262,3434.05350446429
805.697680989003,22200.5338764881,3436.19899553571
805.882419981216,22176.9984895833,3423.84616815476
806.067142875763,22171.244672619,3433.11078869048
806.251849670356,22153.2680580357,3426.47927083333
806.436540362708,22112.6337574405,3408.95776041667
806.621214950528,22112.536235119,3418.38491815476
806.80587343153,22123.5562574405,3425.86162946429
806.990515803424,22129.2125520833,3440.09988839286
807.175142063923,22064.0026264881,3385.1623139881
807.359752210737,22064.13265625,3401.5460639881
807.544346241579,22070.5691294643,3421.08303571429
807.72892415416,22111.4309821429,3479.66144345238
807.913485946191,22091.9915327381,3468.83646577381
808.098031615385,22070.95921875,3463.83031994048
808.282561159453,22044.4656547619,3459.96193452381
808.467074576106,22041.8000446429,3451.05489583333
808.651571863056,22001.9784300595,3429.79502976191
808.836053018014,21965.9601860119,3409.90047619048
809.020518038693,21968.8208407738,3435.02872767857
809.204966922804,21970.0561235119,3437.14171130952
809.389399668058,21931.7948660714,3409.3153422619
809.573816272167,21909.2997172619,3385.84497023809
809.758216732842,21902.2130952381,3394.71950148809
809.942601047796,21885.4392559524,3388.31553571429
810.12696921474,21851.0138764881,3374.01226190476
810.311321231384,21861.7738392857,3383.27688244048
810.495657095443,21864.5369717262,3406.25964285714
810.679976804625,21832.6146651786,3393.87430803571
810.864280356644,21774.068764881,3357.69352678571
811.04856774921,21768.9650967262,3363.05725446429
811.232838980036,21733.9220758929,3346.73851934524
811.417094046833,21704.4053199405,3337.08380952381
811.601332947312,21678.8219642857,3305.48657738095
811.785555679186,21680.9024404762,3327.2665625
811.969762240165,21636.8223511905,3304.08875744048
812.153952627961,21634.05921875,3309.81006696429
812.338126840287,21578.2764508929,3294.46655505952
812.522284874853,21534.4889285714,3266.77021577381
812.706426729371,21522.2011160714,3291.54088541667
812.890552401553,21504.2570089286,3280.13077380952
813.074661889111,21439.3396502976,3259.74860863095
813.258755189755,21422.9559002976,3272.88161458333
813.442832301198,21384.5321056548,3270.54107886905
813.62689322115,21393.8617410714,3306.49430803571
813.810937947325,21342.9875967262,3282.11372767857
813.994966477433,21358.3636160714,3320.11492559524
814.178978809186,21306.0916517857,3304.25129464286
814.362974940295,21276.0872842262,3301.00055059524
814.546954868473,21249.3336607143,3308.50976934524
814.73091859143,21221.9949032738,3306.39678571429
814.914866106879,21215.1358333333,3342.12246279762
815.09879741253,21197.1267113095,3346.02335565476
815.282712506096,21140.3362127976,3331.39500744048
815.466611385288,21076.8491815476,3311.79302083333
815.650494047817,21019.6035788691,3289.0378125
815.834360491397,21028.608139881,3319.39976190476
816.018210713736,21011.47671875,3333.41046875
816.202044712549,21006.6656175595,3343.35774553571
816.385862485545,21002.1470833333,3378.95339285714
816.569664030437,20996.1332068452,3377.06796130952
816.753449344937,20925.6245684524,3341.0497172619
816.937218426755,20902.999389881,3340.49709077381
817.120971273604,20856.5462574405,3321.15516369048
817.304707883195,20838.6346577381,3327.72166666667
817.488428253239,20805.5095758929,3307.40451636905
817.672132381449,20780.2512946429,3315.17379464286
817.855820265535,20765.0053050595,3334.32067708333
818.03949190321,20745.7283928571,3332.89034970238
818.223147292185,20704.346421131,3314.06854166667
818.406786430172,20676.6825892857,3298.00986607143
818.590409314882,20655.0001264881,3298.82255208333
818.774015944027,20625.2233110119,3282.30877232143
818.957606315318,20607.9943675595,3289.26536458333
819.141180426467,20570.2857366071,3273.14167410714
819.324738275186,20571.7485714286,3300.67547619048
819.508279859186,20548.6682886905,3304.86893601191
819.691805176179,20505.2383482143,3291.8984672619
819.875314223877,20459.1427976191,3282.34127976191
820.05880699999,20430.0486383929,3289.20034970238
820.242283502231,20403.1974925595,3276.81501488095
820.425743728311,20343.5463392857,3261.92660714286
820.609187675942,20332.7538690476,3283.5765625
820.792615342836,20323.3917261905,3306.49430803571
820.976026726703,20285.9106473214,3299.63523809524
821.159421825256,20265.1383928571,3306.00669642857
821.342800636207,20227.6573139881,3300.83801339286
821.526163157266,20196.6777232143,3296.61204613095
821.709509386145,20165.7956547619,3274.79955357143
821.892839320557,20148.2741443452,3296.12443452381
822.076152958212,20115.7341964286,3295.76685267857
822.259450296822,20087.0626339286,3309.81006696429
822.442731334099,20055.3353720238,3310.36269345238
822.625996067754,20020.2923511905,3309.12741071429
822.809244495499,19972.9615178571,3292.19103422619
822.992476615046,19970.8485342262,3317.18925595238
823.175692424106,19903.9482217262,3292.54861607143
823.358891920391,19888.5396949405,3294.69410714286
823.542075101612,19865.1668452381,3307.72959077381
823.725241965481,19865.0368154762,3326.0312797619
823.90839250971,19851.2861681548,3338.22156994048
824.091526732009,19813.1224330357,3330.64733630952
824.274644630092,19792.5127157738,3324.92602678571
824.457746201669,19791.9275818452,3346.86854910714
824.640831444452,19742.41875,3317.54683779762
824.823900356152,19713.682172619,3311.04534970238
825.006952934482,19672.4952455357,3299.8302827381
825.189989177152,19635.0466741071,3297.61977678571
825.373009081875,19619.8982068452,3304.8689360119
825.556012646361,19571.7546875,3296.87210565476
825.738999868323,19545.4886755952,3291.05327380952
825.921970745472,19554.4932366071,3319.85486607143
826.10492527552,19531.7055208333,3331.00491815476
826.287863456178,19532.3881770833,3348.78648809524
826.470785285158,19475.9552604167,3320.44
826.653690760172,19462.3021354167,3339.78192708333
826.836579878931,19404.0162946429,3300.93553571429
827.019452639146,19372.484077381,3302.17081845238
827.202309038529,19334.255327381,3297.2296875
827.385149074793,19301.1952604167,3283.05644345238
827.567972745648,19279.8703794643,3290.403125
827.750780048806,19220.9994047619,3256.07526785714
827.933570981979,19206.6961309524,3268.49311011905
828.116345542878,19195.9686755952,3294.79162946429
828.299103729215,19154.586703869,3276.16486607143
828.481845538702,19125.2975,3285.55951636905
828.664570969049,19131.8965104167,3323.20313244048
828.847280017969,19122.2092931548,3340.13950892857
829.029972683174,19112.0994791667,3345.99084821429
829.212648962374,19090.5795535714,3354.73534970238
829.395308853282,19047.3446577381,3345.17816220238
829.577952353609,19005.7351339286,3340.98470238095
829.760579461066,18947.6768452381,3315.23880952381
829.943190173366,18900.3460119048,3286.37220238095
830.12578448822,18858.4114136905,3283.80411458333
830.308362403339,18850.934702381,3300.25287946429
830.490923916435,18807.1471800595,3280.81343005952
830.673469025219,18801.4583779762,3318.58707589286
830.855997727404,18784.2619419643,3312.8007514881
831.038510020701,18796.4522321429,3353.30502232143
831.221005902821,18768.3007886905,3353.04496279762
831.403485371477,18699.254985119,3321.22017857143
831.585948424378,18693.3061235119,3335.97855654762
831.768395059239,18658.360625,3325.7712202381
831.950825273768,18623.2850967262,3315.59639136905
832.13323906568,18561.6184821429,3292.22354166667
832.315636432684,18556.5148139881,3302.82096726191
832.498017372493,18493.092797619,3268.62313988095
832.680381882818,18457.2045833333,3252.27189732143
832.862729961371,18402.0394568452,3236.76584821429
833.045061605863,18370.3121949405,3225.81084077381
833.227376814007,18347.134389881,3228.67149553571
833.409675583512,18310.8560863095,3205.07109375
833.591957912092,18284.1674776786,3201.62530505952
833.774223797458,18255.5609300595,3193.62847470238
833.956473237321,18234.1710342262,3191.12540178571
834.138706229394,18189.7658705357,3172.88872767857
834.320922771387,18190.4485267857,3192.75077380952
834.503122861012,18159.6639806548,3181.178125
834.68530649598,18145.7182886905,3190.31271577381
834.867473674004,18094.7791294643,3164.9244047619
835.049624392795,18082.263764881,3176.2695014881
835.231758650065,18061.9141071429,3168.56523809524
835.413876443525,18017.2163764881,3161.08852678571
835.595977770886,17991.7305431548,3164.37177827381
835.778062629861,17949.2758258929,3146.07008928571
835.960131018161,17953.6643303571,3171.03580357143
836.142182933497,17935.0375669643,3184.33134672619
836.324218373582,17948.2355877976,3218.30162202381
836.506237336126,17928.7311235119,3226.52600446429
836.688239818842,17926.6831547619,3240.76426339286
836.87022581944,17887.8692708333,3242.09706845238
837.052195335633,17883.7733333333,3258.93592261905
837.234148365132,17858.6775892857,3266.96526041667
837.416084905649,17836.1174255952,3272.13394345238
837.598004954895,17792.5574553571,3257.34305803571
837.779908510583,17738.6926264881,3227.11113839286
837.961795570422,17719.4482217262,3239.26892113095
838.143666132126,17695.1651636905,3243.55990327381
838.325520193406,17649.6222395833,3220.86970982143
838.507357751972,17622.5760491071,3220.96723214286
838.689178805538,17583.5021056548,3204.19339285714
838.870983351814,17551.0921875,3199.51232142857
839.052771388512,17536.0412425595,3222.30003720238
839.234542913344,17520.5351934524,3221.29230654762
839.416297924021,17473.4644196429,3215.3109375
839.598036418256,17450.5466741071,3222.46257440476
839.779758393758,17421.3224851191,3221.81242559524
839.961463848241,17369.4081026786,3191.38546130952
840.143152779415,17344.5399107143,3197.0092485119
840.324825184993,17313.2352455357,3197.78942708333
840.506481062685,17270.3904389881,3185.95671875
840.688120410204,17277.5095684524,3209.49210565476
840.869743225261,17215.5178794643,3176.72460565476
841.051349505568,17201.2471130952,3181.63322916667
841.232939248836,17200.7269940476,3201.33273809524
841.414512452777,17206.6108407738,3225.12818452381
841.596069115102,17193.4128199405,3240.89429315476
841.777609233523,17185.5460193452,3242.68220238095
841.959132805752,17150.1454166667,3235.53056547619
842.1406398295,17180.9949776786,3288.06258928571
842.322130302479,17128.1053720238,3268.52561755952
842.503604222401,17087.0484747024,3262.83681547619
842.685061586976,17100.9616592262,3304.02374255952
842.866502393917,17055.5812723214,3278.37537202381
843.047926640935,17014.3943452381,3278.73295386905
843.229334325743,17005.5523214286,3286.07963541667
843.41072544605,16996.09265625,3294.33652529762
843.59209999957,16968.2337797619,3285.16942708333
843.773457984013,16937.9693526786,3281.82116071429
843.954799397091,16893.1090848214,3254.905
844.136124236516,16892.8165178571,3283.7065922619
844.3174325,16874.9699330357,3281.00847470238
844.498724185254,16836.7411830357,3272.42651041667
844.679999289989,16851.36953125,3304.1862797619
844.861257811917,16829.3294866071,3314.8487202381
845.04249974875,16758.8533556548,3274.73453869048
845.2237250982,16728.5889285714,3274.27943452381
845.404933857977,16711.0674181548,3280.45584821429
845.586126025795,16676.3494717262,3276.6199702381
845.767301599363,16655.5447098214,3275.80728422619
845.948460576394,16604.7355803571,3255.94523809524
846.1296029546,16612.4073363095,3274.63701636905
846.310728731691,16615.1379613095,3299.01759672619
846.49183790538,16561.7932514881,3268.20054315476
846.672930473378,16566.2142633929,3291.70342261905
846.854006433397,16557.3722395833,3294.53156994048
847.035065783148,16530.6836309524,3279.67566964286
847.216108520343,16519.4360565476,3296.90461309524
847.397134642694,16512.3169270833,3317.41680803571
847.578144147912,16528.0505282738,3354.0201860119
847.759137033709,16509.0011681548,3358.7987797619
847.940113297796,16465.7012574405,3329.37954613095
848.121072937885,16448.5698363095,3344.72305803572
848.302015951687,16424.7418824405,3331.85011160714
848.482942336915,16416.3224553571,3348.29887648809
848.663852091279,16389.958921131,3346.5109672619
848.844745212492,16383.2623883929,3364.13
849.025621698264,16343.3107440476,3359.57895833333
849.206481546309,16300.4659375,3344.78807291667
849.387324754336,16277.6782217262,3345.95834077381
849.568151320058,16240.1971428571,3324.69847470238
849.748961241186,16227.5517485119,3333.99560267857
849.929754515432,16174.2070386905,3313.74346726191
850.110531140508,16138.67640625,3292.74366071429
850.291291114125,16121.1874032738,3305.25902529762
850.472034433994,16109.0621279762,3315.95397321429
850.652761097828,16083.0886830357,3318.9446577381
850.833471103337,16033.7098809524,3303.47111607143
851.014164448235,16012.4825223214,3306.16923363095
851.194841130231,15988.5245386905,3307.17696428571
851.375501147038,15935.3423660714,3274.5720014881
851.556144496367,15907.6785342262,3270.7361235119
851.73677117593,15885.5409672619,3276.6199702381
851.917381183438,15869.3522619048,3277.49767113095
852.097974516604,15838.2101339286,3288.4851860119
852.278551173138,15778.7540252976,3249.93136160714
852.459111150753,15763.0204241071,3248.76109375
852.639654447159,15748.4570907738,3258.64335565476
852.820181060069,15741.6630357143,3265.46991815476
853.000690987194,15757.4291443452,3301.78072916667
853.181184226245,15748.6521354167,3310.20015625
853.361660774935,15753.040639881,3337.31136160714
853.542120630975,15735.90921875,3339.29431547619
853.722563792076,15728.0749255952,3354.4427827381
853.90299025595,15704.3444940476,3355.32048363095
854.083400020309,15674.6652008929,3340.10700148809
854.263793082864,15647.098891369,3336.33613839286
854.444169441326,15617.9722247024,3329.9971875
854.624529093409,15623.5960119048,3356.94585565476
854.804872036822,15587.4802455357,3338.31909226191
854.985198269278,15556.1105654762,3329.9971875
855.165507788488,15535.7934151786,3333.50799107143
855.345800592164,15527.7315699405,3337.76646577381
855.526076678017,15518.206889881,3349.85923363095
855.706336043759,15491.4857738095,3340.00947916667
855.886578687102,15463.3993452381,3323.04059523809
856.066804605757,15463.6919122024,3350.44436755952
856.247013797436,15426.0157886905,3336.43366071429
856.42720625985,15374.7515550595,3309.68003720238
856.607381990712,15337.3679985119,3298.4649702381
856.787540987732,15301.4147693452,3286.95733630952
856.967683248622,15276.6440997024,3296.15694196429
857.147808771093,15227.4278348214,3276.42492559524
857.327917552859,15191.8646949405,3257.11550595238
857.508009591629,15188.2563690476,3276.22988095238
857.688084885116,15139.0726116071,3252.59697172619
857.868143431031,15090.8640773809,3235.33552083333
858.048185227085,15056.3736830357,3225.45325892857
858.228210270991,15029.3274925595,3225.48576636905
858.40821856046,15015.7718898809,3232.37734375
858.588210093204,15006.1496875,3250.02888392857
858.768184866934,14979.0709895833,3240.89429315476
858.948142879361,14958.1361979167,3248.6310639881
859.128084128198,14922.3129985119,3251.78428571429
859.308008611156,14872.5441071429,3228.02134672619
859.487916325946,14823.3278422619,3212.12520833333
859.667807270281,14810.6824479167,3226.68854166667
859.847681441871,14754.8346651786,3192.00310267857
860.027538838428,14727.3658779762,3196.94423363095
860.207379457665,14743.5220758929,3236.37575892857
860.387203297292,14734.2249479167,3251.29667410714
860.567010355021,14695.3785565476,3232.86495535714
860.746800628564,14674.6388095238,3233.06
860.926574115632,14661.5383110119,3239.78904017857
861.106330813937,14641.6437574405,3252.174375
861.286070721191,14630.1361235119,3260.17120535714
861.465793835104,14625.2275,3274.53949404762
861.645500153389,14635.7599107143,3293.84891369048
861.825189673758,14627.210453869,3318.58707589286
862.004862393922,14624.7723958333,3332.79282738095
862.184518311592,14618.3684300595,3350.73693452381
862.36415742448,14540.2530505952,3299.76526785714
862.543779730298,14514.1170684524,3307.20947172619
862.723385226757,14516.620141369,3329.21700892857
862.902973911569,14494.2550223214,3325.02354910714
863.082545782446,14483.2675074405,3336.59619791667
863.262100837098,14502.2193452381,3379.44100446429
863.441639073238,14470.4270684524,3370.59898065476
863.621160488578,14461.455014881,3397.87272321429
863.800665080828,14453.4906919643,3413.02119047619
863.980152847701,14395.4974181548,3378.53079613095
864.159623786908,14379.6337872024,3382.65924107143
864.33907789616,14353.3027604167,3386.20255208333
864.51851517317,14330.4500297619,3386.13753720238
864.697935615649,14292.4163244048,3373.94724702381
864.877339221308,14268.0682514881,3372.61444196428
865.056725987859,14216.1213616071,3347.84377232143
865.236095913014,14175.3895386905,3339.81443452381
865.415448994484,14116.3560267857,3321.6752827381
865.594785229981,14079.3625595238,3303.50362351191
865.774104617216,14045.5548214286,3297.7823139881
865.953407153901,14002.579985119,3274.40946428571
866.132692837748,14011.7795907738,3302.43087797619
866.311961666469,14000.2719568452,3306.46180059524
866.491213637774,13961.4255654762,3302.04078869048
866.670448749375,13920.6612351191,3283.05644345238
866.849666998984,13893.5825372024,3277.53017857143
867.028868384313,13833.2487276786,3243.23482886905
867.208052903074,13786.8931175595,3227.53373511905
867.387220552977,13783.1547619048,3237.31847470238
867.566371331734,13752.8253199405,3231.10955357143
867.745505237058,13765.698266369,3258.83840029762
867.924622266659,13732.8007366071,3250.48398809524
868.103722418249,13713.946421131,3246.61560267857
868.28280568954,13682.9668303571,3239.36644345238
868.461872078243,13691.288735119,3268.13552827381
868.640921582071,13700.845922619,3295.76685267857
868.819954198734,13705.8195610119,3323.49569940476
868.998969925944,13692.4264955357,3321.48023809524
869.177968761413,13692.7840773809,3333.44297619048
869.356950702852,13677.8306547619,3336.56369047619
869.535915747973,13670.2239136905,3344.95061011905
869.714863894488,13639.9594866071,3345.21066964286
869.893795140108,13612.4256845238,3340.46458333333
870.072709482545,13584.8268675595,3329.11948660714
870.25160691951,13567.6629389881,3323.82077380952
870.430487448715,13567.3053571429,3345.69828125
870.609351067871,13548.9061458333,3344.65804315476
870.788197774691,13532.5874107143,3338.35159970238
870.967027566885,13559.1134821429,3383.86201636905
871.145840442166,13526.898608631,3369.16865327381
871.324636398245,13515.0659002976,3366.82811755952
871.503415432833,13469.9780803571,3345.95834077381
871.682177543643,13472.90375,3360.48916666667
871.860922728385,13461.98125,3371.73674107143
872.039650984771,13451.9039434524,3372.61444196429
872.218362310514,13411.9197916667,3351.25705357143
872.397056703323,13376.8117559524,3329.60709821429
872.575734160912,13343.7841964286,3304.99896577381
872.754394680992,13343.6216592262,3323.10561011905
872.933038261274,13295.8357217262,3291.57339285714
873.11166489947,13276.233735119,3279.93572916667
873.290274593292,13231.7635565476,3247.62333333333
873.46886734045,13216.8101339286,3238.06614583333
873.647443138657,13197.2081473214,3227.24116815476
873.826001985625,13203.5470982143,3245.73790178571
874.004543879064,13184.5952604167,3231.10955357143
874.183068816687,13170.8771205357,3228.1513764881
874.361576796205,13163.8230059524,3230.84949404762
874.54006781533,13153.9732514881,3231.59716517857
874.718541871772,13143.928452381,3219.37436755952
874.896998963245,13114.3791889881,3194.47366815476
875.07543908746,13108.9179389881,3198.60211309524
875.253862242127,13126.179389881,3206.46891369048
875.432268424959,13096.2075297619,3184.59140625
875.610657633667,13093.411889881,3179.29269345238
875.789029865963,13076.9306175595,3172.49863839286
875.967385119559,13052.7775892857,3151.53133928571
876.145723392165,13016.9218824405,3126.04550595238
876.324044681495,13017.3119717262,3131.4742485119
876.502348985258,12995.6295089286,3116.22825892857
876.680636301168,13022.8707440476,3135.21260416667
876.858906626934,13031.6802604167,3150.19853422619
877.03715996027,13049.7869047619,3158.55294642857
877.215396298886,13036.0362574405,3150.91369791667
877.393615640495,13055.735766369,3160.76345238095
877.571817982808,13033.3056324405,3137.97573660714
877.750003323535,13028.9496354167,3137.94322916667
877.92817166039,13015.7516145833,3119.93410714286
878.106322991084,13038.3442857143,3128.38604166667
878.284457313328,13039.7421056548,3131.40923363095
878.462574624833,13038.7018675595,3126.37058035714
878.640674923312,13046.6661904762,3138.52836309524
878.818758206476,13037.304047619,3121.81953869048
878.996824472037,13036.2963169643,3130.62905505952
879.174873717706,13035.5486458333,3127.02072916667
879.352905941194,13024.8862053571,3116.65085565476
879.530921140214,13026.0564732143,3109.40169642857
879.708919312477,13049.1042485119,3123.835
879.886900455695,13084.6348809524,3150.39357886905
880.064864567579,13068.2186235119,3133.55472470238
880.24281164584,13107.1300297619,3168.53273065476
880.420741688191,13120.2305282738,3177.66732142857
880.598654692343,13138.9548139881,3187.38704613095
880.776550656007,13152.5104166667,3198.56960565476
880.954429576896,13169.056703869,3209.13452380952
881.13229145272,13155.533608631,3202.92560267857
881.310136281192,13159.5970386905,3207.21658482143
881.487964060023,13163.7904985119,3203.73828869048
881.665774786924,13198.6384747024,3228.99656994048
881.843568459607,13181.0194419643,3225.35573660714
882.021345075784,13191.1617633929,3225.48576636905
882.199104633167,13174.3879241071,3207.99676339286
882.376847129466,13195.3877306548,3217.84651785714
882.554572562394,13214.6971502976,3237.70856398809
882.732280929662,13200.8489806548,3221.90994791667
882.909972228982,13217.4927901786,3229.35415178571
883.087646458065,13223.8642485119,3229.28913690476
883.265303614623,13228.2527529762,3231.59716517857
883.442943696368,13223.3116220238,3229.67922619048
883.620566701011,13222.3363988095,3224.21797619048
883.798172626263,13247.1395758929,3247.85088541667
883.975761469837,13239.0127157738,3230.23185267857
884.153333229443,13208.1306473214,3204.90855654762
884.330887902795,13202.0842633929,3190.50776041667
884.508425487602,13187.7159747024,3181.86078125
884.685945981577,13185.9605729167,3176.33451636905
884.863449382431,13203.872172619,3188.52480654762
885.040935687876,13228.577827381,3203.64076636905
885.218404895624,13230.5932886905,3203.70578125
885.395857003386,13236.6071651786,3213.00290922619
885.573292008873,13278.4442410714,3249.67130208333
885.750709909798,13274.2182738095,3245.57536458333
885.928110703872,13260.3050892857,3224.80311011905
886.105494388806,13243.5637574405,3211.18249255952
886.282860962312,13253.4135119048,3208.35434523809
886.460210422102,13261.4428497024,3209.55712053571
886.637542765887,13243.9213392857,3195.54641369048
886.814857991378,13270.3498883929,3217.2288764881
886.992156096289,13280.1346279762,3221.35732142857
887.169437078329,13285.108266369,3228.86654017857
887.346700935212,13285.238296131,3221.16227678571
887.523947664647,13303.7350297619,3227.24116815476
887.701177264347,13294.3403794643,3212.87287946429
887.878389732024,13332.341577381,3250.48398809524
888.055585065389,13317.6482142857,3233.28755208333
888.232763262153,13329.3508928571,3238.45623511905
888.409924320028,13347.6200744048,3241.251875
888.587068236727,13369.3350446429,3260.4962797619
888.76419500996,13358.6075892857,3244.89270833333
888.941304637439,13359.5503050595,3246.94067708333
889.118397116875,13324.4422693452,3209.91470238095
889.295472445981,13283.8404761905,3164.46930059524
889.472530622467,13284.1980580357,3158.87802083333
889.649571644046,13292.7150074405,3167.85007440476
889.826595508429,13330.7487127976,3192.71826636905
890.003602213328,13328.2781473214,3197.13927827381
890.180591756454,13349.1479241071,3211.86514880952
890.357564135518,13363.3861830357,3226.98110863095
890.534519348233,13352.138608631,3219.66693452381
890.71145739231,13317.1280952381,3189.07743303571
890.88837826546,13349.0178943452,3217.9115327381
891.065281965396,13313.909858631,3196.94423363095
891.242168489829,13312.0244270833,3192.6532514881
891.41903783647,13358.6075892857,3243.33235119048
891.595890003031,13333.8044122024,3211.34502976191
891.772724987223,13334.1945014881,3223.89290178571
891.949542786759,13322.3943005952,3215.4409672619
892.126343399349,13323.7271056548,3227.40370535714
892.303126822706,13343.9792410714,3254.12482142857
892.479893054541,13342.0287946429,3261.66654761905
892.656642092565,13336.4050074405,3253.5396875
892.83337393449,13371.6105654762,3287.70500744048
893.010088578028,13366.409375,3282.24375744048
893.186786020891,13353.0813244048,3284.71432291667
893.36346626079,13374.2436681548,3309.35496279762
893.540129295436,13349.7655654762,3297.32720982143
893.716775122541,13351.4884598214,3305.5515922619
893.893403739817,13323.1419717262,3289.36288690476
894.070015144975,13343.1015401786,3305.77914434524
894.246609335727,13326.8153125,3292.51610863095
894.423186309785,13347.4250297619,3316.11651041667
894.59974606486,13328.180625,3302.78845982143
894.776288598663,13374.4062053571,3358.18113839286
894.952813908907,13367.0595238095,3369.88381696429
895.129321993303,13336.7300818452,3344.69055059524
895.305812849562,13351.5859821429,3374.4998735119
895.482286475397,13343.4266145833,3370.04635416667
895.658742868518,13341.6387053571,3377.94566220238
895.835182026638,13352.2361309524,3389.51831101191
896.011603947467,13311.6993526786,3348.2988764881
896.188008628718,13304.2551488095,3346.18589285714
896.364396068102,13277.4365104167,3340.72464285714
896.54076626333,13254.2587053571,3331.72008184524
896.717119212115,13241.5808035714,3334.58073660714
896.893454912168,13254.8438392857,3352.10224702381
897.0697733612,13247.1070684524,3349.37162202381
897.246074556924,13251.3655431548,3362.47212053571
897.42235849705,13243.3362053571,3360.0340625
897.59862517929,13228.6103348214,3358.44119791667
897.774874601356,13193.8923883929,3346.41344494048
897.95110676096,13181.9296502976,3341.01720982143
898.127321655813,13181.3770238095,3358.66875
898.303519283626,13178.5163690476,3363.44734375
898.479699642112,13141.3278571429,3332.92285714286
898.655862728981,13114.0216071429,3306.94941220238
898.832008541946,13095.1347842262,3304.57636904762
899.008137078718,13082.5544047619,3299.08261160714
899.184248337009,13072.2820535714,3302.72344494048
899.36034231453,13059.1165401786,3297.84732886905
899.536419008992,13010.4203943452,3270.89866071429
899.712478418109,13017.0844196429,3297.68479166667
899.88852053959,13005.28421875,3306.94941220238
900.064545371148,13035.6136607143,3339.48936011905
900.240552910494,13048.8116815476,3362.40710565476
900.41654315534,13037.0114806548,3359.38391369048
900.592516103397,13031.22515625,3367.15319196429
900.768471752377,13007.8197991071,3369.20116071429
900.944410099992,12977.7504166667,3351.64714285714
901.120331143953,12962.0493229167,3354.15021577381
901.296234881972,12968.1932291667,3369.91632440476
901.472121311761,12962.894516369,3366.27549107143
901.64799043103,12959.7087872024,3387.53535714286
901.823842237492,12921.1549627976,3359.4814360119
901.999676728858,12882.8937053571,3346.73851934524
902.17549390284,12885.4943005952,3356.19818452381
902.351293757149,12862.0564360119,3355.97063244048
902.527076289498,12857.83046875,3362.50462797619
902.702841497597,12826.6233258929,3347.97380208333
902.878589379158,12797.821733631,3328.30680059524
903.054319931893,12782.9333258929,3331.42751488095
903.230033153513,12797.9192559524,3357.66101934524
903.40572904173,12750.1983333333,3319.43226934524
903.581407594256,12715.9354910714,3296.70956845238
903.757068808802,12664.5087202381,3263.61699404762
903.932712683079,12621.9889880952,3237.61104166667
904.1083392148,12608.595922619,3246.16049851191
904.283948401676,12597.3158407738,3246.90816964286
904.459540241419,12590.294233631,3252.07685267857
904.63511473174,12567.9941294643,3251.32918154762
904.81067187035,12559.7047321429,3259.29350446429
904.986211654962,12532.6585416667,3254.0923139881
905.161734083287,12518.0952083333,3261.89409970238
905.337239153036,12514.0967931548,3271.58131696429
905.512726861921,12545.6615178571,3319.49728422619
905.688197207654,12511.8862872024,3294.01145089286
905.863650187947,12458.2165029762,3264.68973958333
906.03908580051,12461.0121428571,3281.82116071429
906.214504043056,12430.5201636905,3271.19122767857
906.389904913296,12422.6533630952,3279.15555059524
906.565288408942,12421.3205580357,3299.01759672619
906.740654527705,12416.1193675595,3308.05466517857
906.916003267297,12385.6273883929,3299.18013392857
907.091334625429,12369.113608631,3303.14604166667
907.266648599814,12358.2886309524,3307.40451636905
907.441945188162,12369.5362053571,3338.90422619048
907.617224388186,12342.7825818452,3328.20927827381
907.792486197596,12342.9451190476,3343.0976860119
907.967730614105,12314.2735565476,3333.80055803571
908.142957635424,12271.9163616071,3310.20015625
908.318167259265,12348.1788169643,3409.60790922619
908.493359483339,12309.2999181548,3388.28302827381
908.668534305358,12277.57265625,3381.65151041667
908.843691723033,12234.6628348214,3356.49075148809
909.018831734076,12205.7637202381,3353.30502232143
909.1939543362,12134.7024553571,3306.33177083333
909.369059527114,12142.471733631,3339.13177827381
909.544147304531,12143.9670758929,3361.36686755952
909.719217666163,12117.896108631,3361.49689732143
909.89427060972,12089.4520982143,3353.59758928571
910.069306132916,12076.936733631,3366.7305952381
910.24432423346,12036.7900446429,3352.91493303571
910.419324909066,12007.4033184524,3348.16884672619
910.594308157444,11971.5801190476,3336.49867559524
910.769273976306,11939.3977529762,3328.33930803571
910.944222363363,11900.7138988095,3320.70005952381
911.119153316328,11856.8938690476,3296.61204613095
911.294066832912,11831.2129910714,3301.48816220238
911.468962910826,11788.6282440476,3283.12145833333
911.643841547782,11765.1903794643,3290.46813988095
911.818702741492,11746.4986011905,3293.78389880952
911.993546489667,11647.1558630952,3211.01995535714
912.168372790018,11608.0494122024,3194.08357886905
912.343181640258,11607.7243377976,3203.12064732143
912.517973038099,11589.6176934524,3215.63601190476
912.69274698125,11549.113422619,3189.69507440476
912.867503467425,11544.0747693452,3203.44572172619
913.042242494335,11523.1074702381,3206.98903273809
913.216964059691,11527.2359151786,3231.5646577381
913.391668161205,11484.0985416667,3204.09587053571
913.566354796589,11490.0474032738,3227.79379464286
913.741023963554,11454.5167708333,3210.10974702381
913.915675659812,11440.4410491071,3218.10657738095
914.090309883074,11419.538764881,3215.63601190476
914.264926631052,11395.515766369,3213.19795386905
914.439525901458,11370.6475744048,3206.59894345238
914.614107692003,11366.4866220238,3223.08021577381
914.788672000398,11385.1133854167,3265.17735119048
914.963218824356,11379.5221056548,3281.95119047619
915.137748161588,11361.2529241071,3280.94345982143
915.312260009805,11341.6184300595,3277.59519345238
915.48675436672,11342.1060416667,3300.67547619048
915.661231230043,11304.9175297619,3285.65703869048
915.835690597487,11293.6699553571,3289.1678422619
916.010132466763,11263.4705431548,3282.17874255952
916.184556835582,11269.8420014881,3298.20491071429
916.358963701656,11250.85765625,3308.89985863095
916.533353062697,11233.5636979167,3305.90917410714
916.707724916417,11184.9975818452,3270.50857142857
916.882079260526,11156.8786458333,3262.73929315476
917.056416092737,11157.7238392857,3283.5765625
917.230735410761,11118.8449404762,3271.28875
917.40503721231,11091.4411681548,3265.89251488095
917.579321495095,11097.26,3292.77616815476
917.753588256828,11052.7573139881,3282.86139880952
917.92783749522,11047.6211383929,3289.1678422619
918.102069207984,11013.6508630952,3282.24375744048
918.27628339283,11006.1416443452,3294.17398809524
918.450480047471,10955.202485119,3263.74702380952
918.624659169617,10933.8125892857,3261.99162202381
918.798820756981,10930.9194270833,3285.26694940476
918.972964807274,10877.1196130952,3254.77497023809
919.147091318208,10865.774516369,3261.66654761905
919.321200287494,10872.4710491071,3285.0719047619
919.495291712844,10845.8149479167,3280.78092261905
919.669365591969,10817.9560714286,3283.15396577381
919.843421922582,10778.6220684524,3278.63543154762
920.017460702393,10746.0171056548,3264.55970982143
920.191481929115,10728.2680431548,3276.19737351191
920.365485600458,10721.7665550595,3289.78548363095
920.539471714134,10692.1197693452,3280.06575892857
920.713440267856,10654.89875,3264.07209821429
920.887391259335,10642.7084598214,3274.50698660714
921.061324686282,10614.4594940476,3268.03800595238
921.235240546408,10560.1395610119,3234.16525297619
921.409138837426,10559.0018005952,3244.08002232143
921.583019557047,10553.6380729167,3266.02254464286
921.756882702983,10549.6721651786,3279.28558035714
921.930728272945,10518.9526339286,3266.21758928571
922.104556264645,10473.7672916667,3234.88041666667
922.278366675794,10481.9591666667,3260.65881696429
922.452159504104,10443.9254613095,3242.55217261905
922.625934747287,10457.9686755952,3272.55654017857
922.799692403054,10401.63328125,3232.11728422619
922.973432469117,10364.1196949405,3218.17159226191
923.147154943188,10378.0653869048,3258.05822172619
923.320859822977,10369.0608258929,3258.15574404762
923.494547106197,10360.1862946429,3264.26714285714
923.668216790559,10384.5343675595,3302.82096726191
923.841868873775,10364.3147395833,3297.39222470238
924.015503353557,10364.0871875,3312.21561755952
924.189120227615,10338.6988764881,3309.25744047619
924.362719493662,10298.9747842262,3287.6725
924.536301149409,10250.3111458333,3253.4096577381
924.709865192568,10246.1501934524,3270.50857142857
924.883411620851,10240.5589136905,3276.06734375
925.056940431968,10224.760297619,3280.68340029762
925.230451623632,10171.0254985119,3243.4298735119
925.403945193554,10174.8938839286,3262.99935267857
925.577421139446,10138.2905059524,3243.81996279762
925.750879459019,10150.6758407738,3281.04098214286
925.924320149985,10083.1578869048,3233.97020833333
926.097743210056,10076.2338020833,3249.18369047619
926.271148636943,10047.9198214286,3240.56921875
926.444536428358,10063.3283482143,3281.04098214286
926.617906582012,10026.8875074405,3263.2269047619
926.791259095617,9991.19433779762,3249.47625744048
926.964593966884,9957.51662946428,3236.76584821429
927.137911193526,9936.58183779762,3229.22412202381
927.311210773253,9885.61017113095,3200.06494791667
927.484492703778,9873.97250744048,3206.01380952381
927.657756982812,9835.51620535714,3191.9705952381
927.831003608066,9803.13879464286,3181.50319940476
928.004232577253,9812.92353422619,3211.70261160714
928.177443888083,9803.00876488095,3226.42848214286
928.350637538268,9780.87119791667,3221.81242559524
928.523813525521,9766.30786458333,3235.14047619048
928.696971847552,9729.63947172619,3215.21341517857
928.870112502073,9710.39506696429,3224.34800595238
929.043235486795,9681.20338541667,3218.88675595238
929.216340799431,9689.46027529762,3249.89885416667
929.389428437692,9672.4263764881,3256.85544642857
929.56249839929,9678.86284970238,3283.41402529762
929.735550681935,9654.96988095238,3269.04573660714
929.90858528334,9630.52428571428,3266.77021577381
930.081602201217,9591.51535714286,3244.37258928571
930.254601433276,9599.08959077381,3269.9234375
930.42758297723,9572.59602678571,3259.35851934524
930.60054683079,9568.40256696429,3277.46516369048
930.773492991668,9547.46777529762,3279.28558035714
930.946421457575,9534.26975446428,3279.18805803571
931.119332226223,9507.64616071428,3280.32581845238
931.292225295323,9494.57816964286,3287.83503720238
931.465100662587,9468.24714285714,3275.15713541667
931.637958325727,9446.88975446429,3279.18805803572
931.810798282454,9420.39619047619,3271.48379464286
931.98362053048,9424.58965029762,3299.47270089286
932.156425067517,9387.43364583333,3280.13077380952
932.329211891276,9374.56069940476,3287.57497767857
932.501980999468,9379.01421875,3307.89212797619
932.674732389806,9346.47427083333,3294.72661458333
932.84746606,9321.60607886905,3283.80411458333
933.020182007763,9274.6978422619,3251.00410714286
933.192880230806,9224.31130952381,3216.67625
933.36556072684,9209.71546875,3227.69627232143
933.538223493578,9176.85044642857,3209.19953869048
933.71086852873,9166.28552827381,3216.93630952381
933.883495830009,9118.75965029762,3186.21677827381
934.056105395126,9110.8603422619,3189.56504464286
934.228697221793,9088.26767113095,3184.39636160714
934.401271307721,9074.77708333333,3190.21519345238
934.573827650622,9074.28947172619,3216.28616071429
934.746366248207,9051.04665178571,3205.81876488095
934.918887098188,9018.66924107143,3193.4659375
935.091390198276,9008.29936755952,3202.60052827381
935.263875546184,8990.12770833333,3197.98447172619
935.436343139623,8997.409375,3216.57872767857
935.608792976304,8949.39588541666,3180.6254985119
935.781225053939,8942.66684523809,3184.10379464286
935.95363937024,8915.06802827381,3176.07445684524
936.126035922917,8889.45216517857,3163.85165922619
936.298414709684,8879.95999255952,3171.39338541667
936.470775728251,8853.95404017857,3168.59774553571
936.64311897633,8840.69100446428,3170.90577380952
936.815444451632,8848.10270089286,3196.71668154762
936.98775215187,8818.26087053571,3178.87009672619
937.160042074754,8821.54412202381,3196.26157738095
937.332314217997,8783.21784970238,3171.42589285714
937.50456857931,8781.62498511905,3186.93194196429
937.676805156404,8762.80317708333,3194.53868303571
937.849023946992,8746.191875,3193.23838541667
938.021224948784,8698.47095238095,3157.09011160714
938.193408159492,8677.60117559524,3142.42925595238
938.365573576829,8654.94348958333,3140.02370535714
938.537721198505,8658.64933779762,3162.32380952381
938.709851022232,8668.07649553572,3188.32976190476
938.881963045722,8666.25607886905,3203.41321428571
939.054057266687,8615.05686011905,3173.18129464286
939.226133682837,8619.3478422619,3193.75850446429
939.398192291884,8616.61721726191,3213.26296875
939.570233091541,8623.86637648809,3239.78904017857
939.742256079519,8624.06142113095,3251.84930059524
939.914261253528,8595.22732142857,3243.03978422619
940.086248611282,8603.93931547619,3259.58607142857
940.258218150492,8597.24278273809,3276.58746279762
940.430169868868,8556.57597470238,3253.99479166667
940.602103764123,8509.79776785714,3230.29686755952
940.774019833969,8489.93572172619,3228.63898809524
940.945918076116,8528.48954613095,3287.28241071429
941.117798488277,8512.17081101191,3291.34584077381
941.289661068162,8485.18963541667,3279.74068452381
941.461505813485,8469.52104910714,3280.2933110119
941.633332721956,8462.30439732143,3301.42314732143
941.805141791287,8449.98407738095,3313.22334821429
941.976933019189,8459.57377232143,3334.15813988095
942.148706403374,8440.19933779762,3327.23405505952
942.320461941554,8408.24452380952,3319.78985119048
942.49219963144,8388.02489583333,3317.93692708333
942.663919470744,8407.26930059524,3353.10997767857
942.835621457178,8399.59754464286,3367.18569940476
943.007305588452,8370.1783110119,3352.19976934524
943.17897186228,8364.26195684524,3356.55576636905
943.350620276371,8340.14143601191,3359.2213764881
943.522250828439,8313.45282738095,3348.49392113095
943.693863516193,8257.60504464286,3319.65982142857
943.865458337347,8254.25677827381,3328.56686011905
944.037035289612,8239.85598214286,3326.58390625
944.208594370698,8256.40226934524,3356.32821428571
944.380135578319,8260.36817708333,3374.17479910714
944.551658910185,8194.86568452381,3325.96626488095
944.723164364008,8204.45537946429,3353.24000744048
944.8946519375,8191.77747767857,3355.06042410714
945.066121628372,8166.64922619048,3352.39481398809
945.237573434335,8158.78242559524,3353.89015625
945.409007353102,8129.52572916667,3339.58688244048
945.580423382385,8089.63909970238,3320.9926264881
945.751821519893,8095.94554315476,3342.4150297619
945.92320176334,8071.04484375,3322.16289434524
946.094564110437,8070.88230654762,3337.11631696429
946.265908558895,8052.7431547619,3329.34703869048
946.437235106426,8038.86247767857,3323.59322172619
946.608543750742,8025.69696428571,3328.69688988095
946.779834489554,7987.59824404762,3304.12126488095
946.951107320573,7955.5459077381,3277.27011904762
947.122362241513,7940.88505208333,3280.48835565476
947.293599250082,7938.18693452381,3288.19261904762
947.464818343995,7906.26462797619,3269.63087053571
947.636019520962,7913.70883184524,3292.80867559524
947.807202778695,7903.7940625,3303.14604166667
947.978368114904,7867.35322172619,3285.55951636905
948.149515527303,7868.71853422619,3302.20332589286
948.320645013603,7830.97739583333,3273.27170386905
948.491756571515,7795.57679315476,3251.94682291667
948.66285019875,7751.10661458333,3216.51371279762
948.833925893021,7727.14863095238,3212.67783482143
949.004983652038,7694.93375744048,3193.14086309524
949.176023473515,7697.46933779762,3208.3543452381
949.347045355161,7657.03008184524,3189.53253720238
949.518049294689,7649.8459375,3203.99834821429
949.689035289811,7606.44850446429,3173.83144345238
949.860003338237,7576.6716889881,3164.27425595238
950.03095343768,7550.60072172619,3156.99258928571
950.201885585851,7519.97871279762,3140.83639136905
950.372799780462,7485.48831845238,3125.42786458333
950.543696019224,7493.16007440476,3153.44927827381
950.714574299849,7499.75908482143,3169.83302827381
950.885434620049,7488.93410714286,3175.94442708333
951.056276977534,7482.95273809524,3181.66573660714
951.227101370018,7476.71130952381,3193.33590773809
951.39790779521,7442.48097470238,3167.59001488095
951.568696250824,7437.6698735119,3181.86078125
951.73946673457,7414.68711309524,3171.97851934524
951.91021924416,7419.79078125,3196.65166666667
952.080953777306,7414.29702380952,3209.78467261905
952.251670331719,7435.13429315476,3252.85703125
952.422368905111,7439.78285714286,3267.42036458333
952.593049495194,7469.59218005952,3316.79916666667
952.763712099678,7426.81238839286,3293.78389880952
952.934356716277,7418.32794642857,3292.61363095238
953.1049833427,7414.23200892857,3298.69252232143
953.275591976661,7387.31584821429,3287.90005208333
953.446182615869,7373.79275297619,3291.34584077381
953.616755258038,7350.64745535714,3280.68340029762
953.787309900879,7376.65340773809,3325.67369791667
953.957846542103,7380.55430059524,3341.43980654762
954.128365179422,7373.33764880952,3340.52959821429
954.298865810547,7364.88571428571,3346.99857886905
954.46934843319,7335.66152529762,3331.52503720238
954.639813045063,7312.67876488095,3323.78826636905
954.810259643877,7309.26548363095,3333.31294642857
954.980688227344,7306.40482886905,3348.81899553571
955.151098793176,7319.14774553571,3369.59125
955.321491339083,7285.76260416667,3355.938125
955.491865862778,7241.84505208333,3323.75575892857
955.662222361972,7234.01075892857,3332.01264880952
955.832560834378,7205.59925595238,3316.01898809524
956.002881277705,7211.84068452381,3333.34545386905
956.173183689667,7167.30549107143,3300.31789434524
956.343468067974,7169.06089285714,3314.10104910714
956.513734410338,7142.40479166667,3304.96645833333
956.683982714471,7121.27495535714,3297.58726934524
956.854212978085,7097.7070610119,3288.61521577381
957.024425198891,7094.39130208333,3302.00828125
957.1946193746,7089.84026041667,3311.4354389881
957.364795502924,7065.29714285714,3296.05941964286
957.534953581576,7064.74451636905,3309.28994791667
957.705093608265,7029.57146577381,3296.96962797619
957.875215580705,7008.73419642857,3287.15238095238
958.045319496606,7032.78970238095,3324.63345982143
958.21540535368,7026.51576636905,3332.66279761905
958.38547314964,6997.84420386905,3318.22949404762
958.555522882195,6969.9203125,3298.85505952381
958.725554549059,6944.69453869048,3290.82572172619
958.895568147942,6952.91892113095,3309.48499255952
959.065563676556,6951.45608630953,3327.3965922619
959.235541132613,6945.8973139881,3331.00491815476
959.405500513824,6917.84339285714,3309.87508184524
959.575441817901,6865.53892113095,3269.01322916667
959.745365042556,6872.59303571429,3287.73751488095
959.9152701855,6870.51255952381,3293.10124255952
960.085157244445,6849.25269345238,3283.90163690476
960.255026217102,6867.74942708333,3317.28677827381
960.424877101183,6875.42118303571,3339.45685267857
960.5947098944,6814.85982142857,3284.81184523809
960.764524594464,6804.39242559524,3292.32106398809
960.934321199086,6776.79360863095,3274.11689732143
961.104099705979,6756.8015327381,3269.85842261905
961.273860112853,6759.20708333333,3276.88002976191
961.443602417421,6749.77992559524,3281.00847470238
961.613326617395,6693.93214285714,3235.95316220238
961.783032710485,6658.92162946429,3213.58804315476
961.952720694403,6608.89267857143,3175.32678571429
962.122390566862,6684.96008928571,3264.42968005952
962.292042325572,6669.97415922619,3260.62630952381
962.461675968244,6627.42191964286,3229.15910714286
962.631291492592,6585.7148735119,3193.59596726191
962.800888896325,6565.56026041667,3190.11767113095
962.970468177157,6586.88514136905,3221.45484375
963.140029332799,6610.19297619048,3265.66496279762
963.309572360961,6560.39157738095,3229.74424107143
963.479097259356,6523.88572172619,3204.48595982143
963.648604025695,6523.07303571429,3213.23046130952
963.818092657691,6474.18184523809,3173.37633928571
963.987563153053,6468.72059523809,3179.8128125
964.157015509495,6508.54220982143,3230.81698660714
964.326449724727,6465.24229910714,3191.71053571429
964.495865796462,6462.05656994048,3204.19339285714
964.665263722411,6446.8755952381,3198.27703869048
964.834643500285,6422.39749255952,3189.40250744048
965.004005127796,6394.83118303571,3173.70141369048
965.173348602655,6389.36993303571,3178.87009672619
965.342673922576,6409.55705357143,3206.95652529762
965.511981085267,6414.98579613095,3224.08794642857
965.681270088442,6327.34573660714,3148.89823660714
965.850540929813,6307.09360119048,3138.0407514881
966.01979360709,6339.89360863095,3180.91806547619
966.189028117985,6370.97072172619,3226.52600446429
966.35824446021,6358.42284970238,3224.47803571429
966.527442631476,6339.53602678571,3219.69944196429
966.696622629496,6277.34929315476,3167.49249255952
966.86578445198,6275.65890625,3173.96147321429
967.03492809664,6277.77188988095,3187.06197172619
967.204053561188,6278.77962053571,3198.76465029762
967.373160843336,6261.35563244048,3194.7012202381
967.542249940794,6229.69338541667,3170.35314732143
967.711320851275,6190.81448660714,3142.20170386905
967.880373572491,6220.75383928571,3183.84373511905
968.049408102152,6211.94432291667,3191.41796875
968.21842443797,6231.8388764881,3224.64057291667
968.387422577658,6221.76156994048,3231.62967261905
968.556402518926,6232.55404017857,3254.54741815476
968.725364259486,6244.48427083333,3275.02710565476
968.89430779705,6252.51360863095,3299.76526785714
969.06323312933,6263.37109375,3317.05922619048
969.232140254036,6278.61708333333,3344.95061011905
969.401029168881,6241.26603422619,3317.64436011905
969.569899871576,6212.49694940476,3306.52681547619
969.738752359834,6204.98773065476,3307.24197916667
969.907586631364,6196.99090029762,3302.00828125
970.076402683879,6185.84084821429,3300.25287946429
970.245200515091,6269.09240327381,3388.5755952381
970.413980122711,6290.67734375,3423.52109375
970.582741504451,6270.36019345238,3417.21465029762
970.751484658022,6246.59725446428,3404.92683779762
970.920209581136,6250.5306547619,3416.66202380952
971.088916271504,6265.28903273809,3448.71436011905
971.257604726839,6258.72252976191,3456.38611607143
971.426274944852,6233.78932291667,3447.70662946429
971.594926923254,6212.00933779762,3435.38630952381
971.763560659756,6184.08544642857,3416.59700892857
971.932176152072,6179.46938988095,3423.26103422619
972.100773397911,6153.65848214286,3404.63427083333
972.269352394986,6133.76392857143,3397.41761904762
972.437913141009,6076.09572916667,3348.94902529762
972.60645563369,6069.52922619048,3357.49848214286
972.774979870742,6049.63467261905,3342.38252232143
972.943485849876,6054.90087797619,3356.71830357143
973.111973568804,6043.78333333333,3347.09610119048
973.280443025237,6011.66598214286,3329.15199404762
973.448894216887,6020.83308035714,3350.63941220238
973.617327141465,6005.55458333333,3349.9242485119
973.785741796684,5901.07566964286,3256.8229389881
973.954138180254,5861.87169642857,3224.70558779762
974.122516289887,5846.72322916667,3218.33412946429
974.290876123296,5833.42768601191,3214.72580357143
974.45921767819,5788.72995535714,3181.7307514881
974.627540952283,5766.2673139881,3161.9337202381
974.795845943286,5763.50418154762,3166.41974702381
974.96413264891,5742.27682291667,3151.95393601191
975.132401066867,5740.29386904762,3155.33470982143
975.300651194868,5735.45026041667,3160.37336309524
975.468883030625,5704.11308779762,3137.06552827381
975.63709657185,5683.86095238095,3129.75135416667
975.805291816254,5696.60386904762,3153.28674107143
975.973468761549,5701.25243303571,3170.45066964286
976.141627405447,5692.24787202381,3167.81756696429
976.309767745658,5673.16600446428,3158.55294642857
976.477889779895,5678.30218005952,3177.56979910714
976.64599350587,5667.47720238095,3178.18744047619
976.814078921293,5657.95252232143,3177.63481398809
976.982146023877,5653.43398809524,3185.92421130952
977.150194811332,5661.72338541667,3201.39775297619
977.318225281372,5657.92001488095,3214.53075892857
977.486237431706,5669.13508184524,3238.32620535714
977.654231260048,5667.50970982143,3245.4778422619
977.822206764108,5657.20485119048,3239.95157738095
977.990163941597,5683.82844494048,3277.5626860119
978.158102790229,5653.98661458333,3261.79657738095
978.326023307714,5635.35985119048,3254.57992559524
978.493925491763,5657.92001488095,3284.64930803571
978.661809340089,5630.32119791667,3263.61699404762
978.829674850403,5597.97629464286,3240.11411458333
978.997522020416,5592.12495535714,3238.06614583333
979.165350847841,5601.48709821429,3254.57992559524
979.333161330388,5562.05557291667,3224.15296130952
979.50095346577,5553.76617559524,3223.95791666667
979.668727251698,5529.61314732143,3212.25523809524
979.836482685884,5532.34377232143,3228.24889880952
980.004219766038,5521.42127232143,3227.59875
980.171938489873,5511.53901041667,3230.84949404762
980.339638855101,5497.13821428571,3223.34027529762
980.507320859433,5447.88944196429,3185.01400297619
980.67498450058,5441.19290922619,3192.13313244048
980.842629776255,5456.11382440476,3210.88992559524
981.010256684168,5440.60777529762,3201.43026041667
981.177865222031,5443.85851934524,3213.84810267857
981.345455387557,5459.16952380952,3245.83542410714
981.513027178456,5436.38180803571,3236.24572916667
981.68058059244,5476.20342261905,3281.65862351191
981.848115627221,5484.91541666667,3297.84732886905
982.01563228051,5449.28726190476,3277.72522321429
982.18313055002,5456.37388392857,3299.60273065476
982.35061043346,5463.46050595238,3315.92146577381
982.518071928544,5452.60302083333,3316.89668898809
982.685515032983,5439.95762648809,3311.20788690476
982.852939744488,5421.46089285714,3299.14762648809
983.020346060771,5410.96098958333,3298.0423735119
983.187733979543,5400.49359375,3290.2730952381
983.355103498517,5360.70448660714,3260.56129464286
983.522454615403,5309.5702827381,3214.72580357143
983.689787327914,5300.33816964286,3212.51529761905
983.85710163376,5288.92805803571,3206.30637648809
984.024397530654,5289.35065476191,3219.24433779762
984.191675016307,5278.4281547619,3211.37753720238
984.358934088431,5258.98870535714,3198.95969494048
984.526174744737,5245.56313244048,3197.39933779762
984.693396982937,5238.28146577381,3200.71509672619
984.860600800742,5213.08819940476,3185.72916666667
985.027786195865,5215.42873511905,3193.27089285714
985.194953166016,5193.5187202381,3181.08060267857
985.362101708907,5192.86857142857,3193.82351934524
985.529231822251,5160.26360863095,3166.67980654762
985.696343503757,5135.62296875,3147.11032738095
985.863436751139,5117.35378720238,3133.78227678571
986.030511562108,5106.88639136905,3131.05165178571
986.197567934375,5097.39421875,3137.03302083333
986.364605865651,5101.45764880952,3155.17217261905
986.531625353649,5087.21938988095,3147.92301339286
986.698626396081,5073.82632440476,3149.93847470238
986.865608990657,5073.46874255952,3158.81300595238
987.032573135089,5085.85407738095,3181.99081101191
987.199518827089,5075.54921875,3177.76484375
987.366446064368,5088.42216517857,3202.66554315476
987.533354844638,5089.55992559524,3209.36207589286
987.700245165611,5062.0261235119,3195.51390625
987.867117024999,5053.31412946429,3196.26157738095
988.033970420512,5042.81422619048,3193.17337053571
988.200805349863,5027.73077380952,3181.60072172619
988.367621810762,5021.71689732143,3182.86851190476
988.534419800922,4986.51133928571,3159.13808035714
988.701199318055,4967.39696428571,3143.53450892857
988.867960359871,4943.08139880952,3121.2344047619
989.034702924082,4945.61697916667,3132.09188988095
989.201427008401,4971.6554389881,3166.19219494048
989.368132610538,4982.67546130952,3190.50776041667
989.534819728206,4983.58566964286,3205.91628720238
989.701488359115,4959.36762648809,3187.09447916667
989.868138500978,4976.85662946429,3205.91628720238
990.034770151505,4972.69567708333,3213.32798363095
990.201383308409,4982.48041666667,3231.1420610119
990.367977969402,4964.11371279762,3222.88517113095
990.534554132194,4953.12619791667,3220.38209821429
990.701111794497,4947.99002232143,3226.7860639881
990.867650954024,4929.94839285714,3218.10657738095
991.034171608485,4904.98267857143,3202.14542410714
991.200673755592,4904.91766369048,3203.96584077381
991.367157393057,4913.82470238095,3221.16227678571
991.533622518592,4912.71944940476,3230.78447916667
991.700069129907,4894.5152827381,3224.64057291667
991.866497224715,4899.35889136905,3233.22253720238
992.032906800727,4897.96107142857,3231.88973214286
992.199297855655,4905.04769345238,3251.10162946429
992.36567038721,4887.78624255952,3242.29211309524
992.532024393104,4900.59417410714,3262.60926339286
992.698359871049,4863.63321428571,3235.30301339286
992.864676818756,4844.97394345238,3228.60648065476
993.030975233936,4819.91070684524,3208.38685267857
993.197255114302,4808.85817708333,3201.49527529762
993.363516457565,4796.27779761905,3201.43026041667
993.529759261436,4781.19434523809,3193.72599702381
993.695983523628,4756.91128720238,3177.04968005952
993.862189241851,4759.93447916667,3185.24155505952
994.028376413817,4761.81991071429,3198.47208333333
994.194545037239,4741.66529761905,3185.69665922619
994.360695109827,4724.5338764881,3179.13015625
994.526826629292,4708.34517113095,3166.97237351191
994.692939593348,4690.95369047619,3161.28357142857
994.859033999706,4661.40442708333,3138.33331845238
995.025109846075,4635.33345982143,3116.03321428571
995.19116713017,4608.35228422619,3099.61695684524
995.3572058497,4567.75049107143,3070.7178422619
995.523226002378,4550.78160714286,3067.14202380952
995.689227585916,4519.54195684524,3041.65619047619
995.855210598024,4542.58973214286,3069.05996279762
996.021175036415,4504.81608630952,3037.95034226191
996.1871208988,4492.59328869048,3031.96897321429
996.353048182891,4461.51617559524,3005.31287202381
996.518956886399,4484.14135416667,3035.70732886905
996.684847007035,4505.07614583333,3064.28136904762
996.850718542512,4497.56692708333,3066.00426339286
997.016571490542,4485.60418898809,3060.67304315476
997.182405848835,4475.10428571428,3053.29385416667
997.348221615103,4471.2684077381,3057.64985119048
997.514018787058,4482.93857886905,3074.19613839286
997.679797362411,4484.27138392857,3087.88177083333
997.845557338875,4500.33005952381,3110.47444196429
998.01129871416,4530.59448660714,3147.01280505952
998.177021485978,4547.17328125,3169.76801339286
998.342725652041,4531.99230654762,3162.06375
998.508411210061,4540.80182291667,3178.5775297619
998.674078157749,4564.95485119048,3204.81103422619
998.839726492816,4582.05376488095,3228.11886904762
999.005356212975,4572.85415922619,3223.86039434524
999.170967315936,4552.73205357143,3213.00290922619
999.336559799412,4524.22302827381,3196.91172619048
999.502133661114,4548.21351934524,3224.90063244048
999.667688898753,4544.93026785714,3228.76901785714
999.833225510041,4620.83514136905,3310.46021577381
999.998743492691,4588.45773065476,3282.73136904762
1000.16424284441,4587.15743303571,3290.07805059524
1000.32972356292,4534.56039434524,3243.13730654762
1000.49518564592,4550.94414434524,3264.85227678571
1000.66062909113,4536.02322916667,3262.31669642857
1000.82605389626,4540.11916666667,3270.57358630952
1000.99146005901,4528.48150297619,3263.51947172619
1001.15684757711,4517.75404761905,3253.11709077381
1001.32221644827,4465.48208333333,3201.98288690476
1001.48756667019,4429.69139136905,3172.27108630952
1001.65289824058,4399.036875,3150.88119047619
1001.81821115716,4416.94847470238,3180.78803571429
1001.98350541765,4395.23350446429,3167.59001488095
1002.14878101974,4399.32944196429,3183.03104910714
1002.31403796116,4382.84816964286,3173.18129464286
1002.47927623961,4393.60813244047,3191.67802827381
1002.64449585281,4402.19009672619,3205.75375
1002.80969679847,4409.63430059524,3218.20409970238
1002.9748790743,4419.67909970238,3237.80608630952
1003.14004267801,4397.96412946429,3219.53690476191
1003.30518760731,4309.0562797619,3137.84570684524
1003.47031385991,4316.82555803571,3152.66909970238
1003.63542143353,4288.9991889881,3133.00209821429
1003.80051032588,4324.56232886905,3172.30359375
1003.96558053467,4285.61841517857,3143.85958333333
1004.13063205761,4301.87213541667,3167.23243303571
1004.29566489241,4271.31514136905,3143.7620610119
1004.46067903678,4242.48104166667,3126.89069940476
1004.62567448844,4221.77380208333,3111.09208333333
1004.7906512451,4253.98867559524,3153.61181547619
1004.95560930447,4258.21464285714,3168.27267113095
1005.12054866425,4247.61721726191,3159.59318452381
1005.28546932217,4242.41602678571,3157.90279761905
1005.45037127593,4268.51950148809,3189.33749255952
1005.61525452325,4238.61265625,3163.4290625
1005.78011906183,4238.7426860119,3170.87326636905
1005.9449648894,4239.06776041667,3177.95988839286
1006.10979200365,4250.47787202381,3192.84829613095
1006.2746004023,4233.31394345238,3186.37931547619
1006.43939008307,4224.92702380952,3185.37158482143
1006.60416104366,4239.00274553571,3207.89924107143
1006.76891328179,4238.12504464286,3209.16703125
1006.93364679516,4226.19481398809,3202.92560267857
1007.0983615815,4238.19005952381,3219.76445684524
1007.2630576385,4236.27212053571,3224.54305059524
1007.42773496389,4270.04735119048,3262.25168154762
1007.59239355537,4238.38510416667,3238.55375744048
1007.75703341066,4247.77975446429,3256.36783482143
1007.92165452747,4252.9484375,3264.42968005952
1008.0862569035,4260.94526785714,3279.67566964286
1008.25084053648,4249.24258928571,3272.45901785714
1008.41540542411,4247.38966517857,3276.78250744048
1008.5799515641,4231.68857142857,3270.05346726191
1008.74447895416,4202.75694940476,3249.02115327381
1008.90898759202,4163.22790178571,3218.5941889881
1009.07347747537,4186.1781547619,3247.07070684524
1009.23794860194,4175.41819196429,3246.90816964286
1009.40240096942,4171.80986607143,3246.45306547619
1009.56683457554,4164.62572172619,3249.80133184524
1009.731249418,4158.35178571429,3249.44375
1009.89564549452,4136.66932291667,3236.18071428571
1010.06002280281,4125.74682291667,3229.61421130952
1010.22438134058,4115.01936755952,3229.35415178571
1010.38872110554,4116.2871577381,3235.04295386905
1010.5530420954,4108.7779389881,3235.17298363095
1010.71734430788,4076.62808035714,3208.6144047619
1010.88162774068,4053.64531994048,3192.32817708333
1011.04589239152,4079.52124255952,3221.06475446429
1011.21013825811,4074.67763392857,3214.30320684524
1011.37436533816,4076.56306547619,3220.38209821429
1011.53857362939,4118.43264880952,3264.42968005952
1011.70276312949,4104.45444940476,3260.17120535714
1011.8669338362,4081.76425595238,3237.38348958333
1012.03108574721,4108.29032738095,3270.11848214286
1012.19521886024,4111.11847470238,3276.81501488095
1012.359333173,4104.58447916667,3270.93116815476
1012.5234286832,4085.21004464286,3258.80589285714
1012.68750538856,4078.90360119048,3251.81679315476
1012.85156328678,4059.04155505952,3240.11411458333
1013.01560237558,4054.06791666667,3238.52125
1013.17962265267,4047.92401041667,3238.6512797619
1013.34362411576,4021.20289434524,3213.36049107143
1013.50760676256,4045.06335565476,3242.19459077381
1013.67157059078,4075.84790178571,3277.53017857143
1013.83551559814,4063.43005952381,3269.72839285714
1013.99944178234,4038.69189732143,3247.65584077381
1014.16334914111,4043.34046130952,3257.99320684524
1014.32723767214,4067.42847470238,3283.31650297619
1014.49110737315,4059.30161458333,3274.92958333333
1014.65495824186,4062.19477678571,3291.02076636905
1014.81879027597,4069.11886160714,3302.20332589286
1014.9826034732,4012.6534375,3252.66198660714
1015.14639783125,4028.48456101191,3267.03027529762
1015.31017334784,4036.09130208333,3282.73136904762
1015.47393002069,4025.29883184524,3274.11689732143
1015.6376678475,4015.41656994048,3270.41104910714
1015.80138682598,4002.51111607143,3265.33988839286
1015.96508695385,4005.56681547619,3268.81818452381
1016.12876822881,4012.00328869048,3284.29172619048
1016.29243064858,3997.34243303571,3272.32898809524
1016.45607421088,3989.47563244048,3271.32125744048
1016.6196989134,3998.80526785714,3279.05802827381
1016.78330475387,3992.01121279762,3284.45426339286
1016.94689173,3947.60604910714,3247.16822916667
1017.11045983949,4031.60527529762,3338.02652529762
1017.27400908006,4045.5509672619,3358.44119791667
1017.43753944942,4063.36504464286,3377.9131547619
1017.60105094529,4048.99675595238,3370.24139880952
1017.76454356536,4024.29110119048,3349.95675595238
1017.92801730736,4037.55413690476,3370.53396577381
1018.091472169,4022.17811755952,3355.71057291667
1018.25490814798,4006.11944196429,3349.69669642857
1018.41832524203,4026.17653273809,3373.88223214286
1018.58172344884,4006.80209821429,3364.61761160714
1018.74510276614,4032.97058779762,3392.50899553571
1018.90846319164,4015.87167410714,3379.05091517857
1019.07180472303,4016.55433035714,3380.02613839286
1019.23512735805,4050.29705357143,3417.47470982143
1019.3984310944,4035.66870535714,3413.31375744048
1019.56171592978,4008.6875297619,3389.29075892857
1019.72498186192,4029.62232142857,3416.88957589286
1019.88822888853,4017.9846577381,3404.89433035714
1020.05145700731,4016.55433035714,3414.02892113095
1020.21466621597,4022.43817708333,3421.53813988095
1020.37785651224,4051.75988839286,3455.57343005952
1020.54102789381,3930.92973214286,3337.76646577381
1020.70418035841,3897.08948660714,3307.76209821429
1020.86731390374,3866.14240327381,3290.01303571429
1021.03042852752,3883.92397321429,3311.89054315476
1021.19352422745,3885.1267485119,3319.88737351191
1021.35660100125,3856.78026041667,3293.23127232143
1021.51965884663,3829.18144345238,3271.12621279762
1021.68269776131,3827.16598214286,3268.46060267857
1021.84571774298,3798.46191220238,3242.51966517857
1022.00871878937,3785.94654761905,3231.17456845238
1022.17170089819,3744.92215773809,3196.94423363095
1022.33466406715,3726.03533482143,3183.32361607143
1022.49760829395,3726.45793154762,3189.27247767857
1022.66053357632,3688.58676339286,3154.19694940476
1022.82343991196,3668.07456845238,3135.53767857143
1022.98632729858,3691.87001488095,3161.31607886905
1023.1491957339,3683.90569196429,3156.01736607143
1023.31204521562,3677.76178571429,3155.56226190476
1023.47487574147,3667.78200148809,3144.96483630952
1023.63768730915,3659.98021577381,3139.11349702381
1023.80047991637,3631.82877232143,3114.92796130952
1023.96325356084,3660.46782738095,3145.58247767857
1024.12600824028,3687.22145089286,3177.27723214286
1024.28874395239,3696.87616071429,3185.98922619048
1024.4514606949,3679.77724702381,3172.79120535714
1024.6141584655,3630.52847470238,3127.28078869048
1024.77683726192,3611.3815922619,3115.44808035714
1024.93949708186,3629.09814732143,3136.09030505952
1025.10213792303,3612.09675595238,3123.05482142857
1025.26475978316,3611.77168154762,3132.12439732143
1025.42736265994,3599.45136160714,3124.77771577381
1025.58994655109,3602.76712053571,3132.44947172619
1025.75251145432,3626.62758184524,3161.57613839286
1025.91505736734,3607.25314732143,3146.88277529762
1026.07758428787,3620.38615327381,3165.76959821429
1026.24009221362,3630.9185639881,3178.21994791667
1026.40258114229,3622.07654017857,3173.50636904762
1026.56505107161,3624.05949404762,3182.12084077381
1026.72750199927,3607.70825148809,3171.94601190476
1026.889933923,3610.79645833333,3179.2601860119
1027.0523468405,3607.83828125,3178.34997767857
1027.21474074949,3608.81350446429,3180.33293154762
1027.37711564767,3613.13699404762,3183.90875
1027.53947153277,3596.49318452381,3169.83302827381
1027.70180840248,3602.89715029762,3178.02490327381
1027.86412625453,3591.35700892857,3171.52341517857
1028.02642508662,3600.39407738095,3182.60845238095
1028.18870489646,3591.38951636905,3177.73233630952
1028.35096568178,3570.71478422619,3164.43679315476
1028.51320744027,3566.42380208333,3165.63956845238
1028.67543016965,3578.41904761905,3179.68278273809
1028.83763386764,3585.79823660714,3191.58050595238
1028.99981853193,3573.99803571429,3184.29883928571
1029.16198416026,3594.80279761905,3206.46891369048
1029.32413075031,3589.76414434524,3202.99061755952
1029.48625829982,3579.68683779762,3195.48139880952
1029.64836680649,3551.27533482143,3167.94759672619
1029.81045626803,3532.38851190476,3150.26354910714
1029.97252668215,3515.74470238095,3133.06711309524
1030.13457804657,3519.02795386905,3137.03302083333
1030.29661035899,3513.66422619048,3132.90457589286
1030.45862361713,3521.10843005952,3143.14441964286
1030.6206178187,3532.81110863095,3161.38109375
1030.78259296141,3517.85768601191,3154.45700892857
1030.94454904297,3514.41189732143,3155.2371875
1031.1064860611,3506.90267857143,3152.18148809524
1031.2684040135,3521.53102678571,3170.35314732143
1031.4303028979,3536.93955357143,3187.35453869048
1031.59218271199,3551.21031994048,3205.98130208333
1031.75404345349,3553.97345238095,3213.68556547619
1031.91588512011,3562.49040178571,3221.3248139881
1032.07770770956,3557.58177827381,3222.6901264881
1032.23951121957,3563.92072916667,3230.65444940476
1032.40129564783,3559.72726934524,3225.45325892857
1032.56306099205,3526.53717261905,3192.75077380952
1032.72480724996,3547.43945684524,3219.21183035714
1032.88653441926,3549.48742559524,3225.35573660714
1033.04824249766,3572.53520089286,3252.85703125
1033.20993148288,3574.16057291667,3261.01639880952
1033.37160137262,3566.42380208333,3256.88795386905
1033.53325216461,3586.15581845238,3279.05802827381
1033.69488385654,3582.31994047619,3278.27784970238
1033.85649644613,3589.21151785714,3288.58270833333
1034.0180899311,3562.1003125,3259.16347470238
1034.17966430915,3533.94886904762,3233.97020833333
1034.341219578,3524.19663690476,3225.35573660714
1034.50275573535,3530.5680952381,3235.56307291667
1034.66427277893,3511.16115327381,3214.33571428571
1034.82577070643,3509.89336309524,3217.45642857143
1034.98724951558,3512.20139136905,3219.69944196429
1035.14870920408,3547.50447172619,3254.12482142857
1035.31014976965,3520.55580357143,3233.38507440476
1035.47157120999,3520.55580357143,3232.99498511905
1035.63297352283,3500.66125,3208.41936011905
1035.79435670586,3537.26462797619,3248.30598958333
1035.95572075681,3533.26621279762,3248.37100446429
1036.11706567338,3525.26938244048,3238.81381696429
1036.27839145329,3523.83905505952,3239.0738764881
1036.43969809424,3523.05887648809,3239.20390625
1036.60098559395,3542.62835565476,3256.95296875
1036.76225395013,3547.24441220238,3262.18666666667
1036.92350316049,3542.62835565476,3255.55514880952
1037.08473322275,3554.36354166667,3270.15098958333
1037.24594413461,3585.50566964286,3302.04078869048
1037.40713589379,3581.2146875,3304.93395089286
1037.56830849799,3632.77148809524,3363.38232886905
1037.72946194494,3644.86425595238,3372.15933779762
1037.89059623233,3637.15999255952,3360.68421130952
1038.05171135789,3624.83967261905,3350.83445684524
1038.21280731933,3606.21290922619,3331.75258928571
1038.37388411435,3603.54729910714,3331.98014136905
1038.53494174066,3581.99486607143,3311.53296130952
1038.69598019599,3602.31201636905,3332.82533482143
1038.85699947804,3599.97148065476,3332.43524553571
1039.01799958452,3614.92490327381,3355.48302083333
1039.17898051314,4515.0884375,4399.71953125
1039.33994226162,3567.5615625,3196.87921875
1039.50088482767,3616.03015625,3288.35515625
1039.661808209,3043.2815625,2785.92015625
1039.82271240331,3107.45125,2835.7540625
1039.98359740833,3544.35125,3336.14109375
1040.14446322176,3544.35125,3336.14109375
1040.30530984132,3544.35125,3336.14109375
1040.46613726472,3544.35125,3336.14109375
1040.62694548966,3544.35125,3336.14109375
1040.78773451386,3544.35125,3336.14109375

