Layer Title, Color, Specimen ID
Layer 1, Blue, 2WP3_03_20190701

Mode, Integration Time, Boxcar Width, Scans to Average
Reflectance,900 ms,10,3

Wavelength, Raw Spectrometer Data, Calibrated and Averaged Data
345.21991,1353.70734375,0%
345.435498861008,1320.2571875,67.3913043478256%
345.651076862504,1307.969375,0%
345.866644002202,3521.1409375,0%
346.082200277813,3458.3365625,0%
346.297745687047,3415.32921875,100%
346.513280227618,4289.12921875,100%
346.728803897236,3476.085625,100%
346.944316693613,3170.255625,0%
347.15981861446,4297.32109375,0%
347.37530965749,3316.08400297619,100%
347.590789820413,3457.19880208333,100%
347.806259100942,3591.68208333333,100%
348.021717496787,3706.07576636905,100%
348.237165005661,3708.51382440476,100%
348.452601625276,3764.88172619048,100%
348.668027353342,3833.99254464286,100%
348.883442187571,3790.46508184524,100%
349.098846125676,3790.07499255952,100%
349.314239165367,3869.1655952381,100%
349.529621304356,3852.03417410714,100%
349.744992540355,3887.0446875,100%
349.960352871075,3905.28136160714,100%
350.175702294228,3946.76085565476,100%
350.391040807526,3953.945,100%
350.606368408679,3960.57651785714,100%
350.821685095401,3996.98485119048,100%
351.036990865402,4032.45046875,100%
351.252285716393,4046.94878720238,100%
351.467569646088,3995.71706101191,100%
351.682842652196,3980.40605654762,100%
351.89810473243,4014.60388392857,100%
352.113355884501,4022.82826636905,100%
352.328596106122,3993.92915178571,100%
352.543825395002,3985.2171577381,100%
352.759043748855,4025.36384672619,100%
352.974251165392,3996.65977678571,100%
353.189447642324,3940.22686011905,100%
353.404633177362,3952.4496577381,100%
353.619807768219,3949.49148065476,100%
353.834971412607,3897.02447172619,100%
354.050124108236,3868.64547619048,100%
354.265265852818,3829.24645833333,100%
354.480396644065,3835.45537946429,100%
354.695516479689,3867.31267113095,100%
354.9106253574,3848.42584821429,100%
355.125723274911,3833.56994791667,100%
355.340810229934,3856.68273809524,100%
355.555886220179,3851.5465625,100%
355.770951243359,3832.39968005952,100%
355.986005297185,3853.49700892857,100%
356.201048379369,3879.69800595238,100%
356.416080487621,3881.77848214286,100%
356.631101619655,3842.24943452381,100%
356.846111773181,3835.45537946429,100%
357.061110945911,3852.26172619048,100%
357.276099135557,3854.69978422619,100%
357.49107633983,3839.58382440476,90.5342323651457%
357.706042556441,3839.29125744048,84.1203943954341%
357.920997783104,3850.79889136905,89.8395721925135%
358.135942017528,3901.47799107143,84.5500848896435%
358.350875257425,3902.64825892857,82.6914259513982%
358.565797500508,3911.23022321429,78.3902012248473%
358.780708744488,3944.77790178571,75.3919141914187%
358.995608987076,3999.35789434524,72.2563315425942%
359.210498225985,3948.74380952381,64.7016143660441%
359.425376458925,3937.30119047619,60.076234670202%
359.640243683608,3974.13212053571,57.2187642325791%
359.855099897745,3970.97889880952,53.284153780678%
360.06994509905,3940.74697916667,48.8054154499602%
360.284779285232,3931.44985119048,45.5546043781338%
360.499602454003,3936.68354910714,42.4176328779707%
360.714414603076,3984.72954613095,39.8525135022849%
360.929215730162,3956.02547619048,37.1472304601547%
361.144005832972,3952.15709077381,34.4147807637908%
361.358784909218,3989.28058779762,32.7120453239186%
361.573552956612,3978.29307291667,31.8458574181118%
361.788309972865,3946.95590029762,29.6711826136045%
362.003055955688,3931.51486607143,28.6462373933282%
362.217790902794,3961.38920386905,28.1507585712581%
362.432514811894,3996.85482142857,26.3741159436432%
362.647227680699,3967.27305059524,25.1283647113739%
362.861929506922,3956.44807291667,23.2144592362259%
363.076620288273,3979.65838541667,22.8542823336671%
363.291300022465,3982.38901041667,21.4142705005327%
363.505968707208,3943.64014136905,20.4429369513169%
363.720626340215,3939.15411458333,19.8447228264947%
363.935272919197,4008.52499255952,19.3599085583656%
364.149908441866,4001.14580357143,18.9570406537144%
364.364532905934,3975.85501488095,18.5258964143426%
364.579146309111,3997.43995535714,17.9156297047346%
364.79374864911,4027.47683035714,17.4623300799103%
365.008339923641,4033.06811011905,17.1762844062624%
365.222920130418,3983.65680059524,16.5465081481079%
365.437489267151,3991.29604910714,16.0108156354187%
365.652047331552,4023.93351934524,15.9552561332146%
365.866594321332,4017.75710565476,15.5281186850017%
366.081130234203,4006.21696428571,15.0537376451396%
366.295655067877,3999.19535714286,14.9292480411648%
366.510168820066,4019.12241815476,14.894834412835%
366.72467148848,3981.02369791667,14.5657885872129%
366.939163070832,3941.39712797619,14.4161630420398%
367.153643564833,3930.63716517857,14.1805947471239%
367.368112968194,3975.2373735119,14.2207248771485%
367.582571278628,3970.78385416667,13.9334704348379%
367.797018493846,3942.79494791667,13.8197748758044%
368.011454611559,3914.02586309524,13.706575746866%
368.225879629479,3940.35688988095,13.6626108475974%
368.440293545318,3912.53052083333,13.5614053057462%
368.654696356787,3894.6839360119,13.1796557567838%
368.869088061598,3899.52754464286,12.9088654428655%
369.083468657462,3925.20842261905,13.1626426645584%
369.297838142092,3960.51150297619,13.3240200842242%
369.512196513198,3943.73766369048,13.1294165152433%
369.726543768492,3931.35232886905,13.0440932789071%
369.940879905687,3976.44014880952,13.0619598000122%
370.155204922492,3976.40764136905,13.1787798622751%
370.369518816621,3966.10278273809,13.0326373403608%
370.583821585784,3996.3997172619,13.2005614663222%
370.798113227694,3976.53767113095,13.1704519855004%
371.012393740062,4039.89467261905,13.3428329512835%
371.226663120598,4049.22430803571,13.2237594923541%
371.440921367016,4044.08813244048,13.38295418807%
371.655168477027,4090.34622023809,13.4384831221834%
371.869404448341,4079.13115327381,13.4860651865848%
372.083629278672,4074.05999255952,13.3588200795013%
372.29784296573,4079.71628720238,13.5514121557665%
372.512045507227,4113.84909970238,13.7760555852485%
372.726236900874,4130.72046130952,14.0675477239354%
372.940417144384,4109.0379985119,13.9211930496648%
373.154586235468,4109.52561011905,13.8212318823882%
373.368744171837,4139.98508184524,14.2946839681875%
373.582890951202,4140.11511160714,14.6151864946499%
373.797026571277,4084.65741815476,14.3656277910967%
374.011151029772,4079.39121279762,14.4765726425115%
374.225264324398,4113.94662202381,14.5445085611579%
374.439366452868,4103.80430059524,14.6762930524322%
374.653457412893,4072.7271875,14.4301754219384%
374.867537202184,4057.8387797619,14.6307831296657%
375.081605818454,4077.76584077381,14.624243143773%
375.295663259413,4128.60747767857,14.6154211827343%
375.509709522774,4057.31866071429,14.2507892050983%
375.723744606248,4064.69784970238,14.6367370060898%
375.937768507546,4094.76723214286,14.5753191891063%
376.15178122438,4079.16366071429,14.7930929738065%
376.365782754462,4051.56484375,14.4877631670172%
376.579773095504,4049.12678571429,14.5320479058371%
376.793752245216,4078.80607886905,14.4538766270515%
377.007720201311,4076.62808035714,14.1607765947929%
377.2216769615,4046.52619047619,13.8610141019406%
377.435622523495,4044.28317708333,13.9690451206716%
377.649556885007,4078.02590029762,14.0338763620671%
377.863480043748,4036.74145089286,14.0157749609901%
378.07739199743,4006.99714285714,13.4897609114589%
378.291292743764,4001.17831101191,13.4480667489179%
378.505182280461,4032.3204389881,13.6260142407684%
378.719060605234,4033.68575148809,13.3285317419488%
378.932927715794,3995.71706101191,13.1467051858483%
379.146783609852,4016.1967485119,13.0728034146734%
379.36062828512,4025.46136904762,12.9642160569996%
379.57446173931,3992.10873511905,12.6586263206565%
379.788283970133,3969.90615327381,12.2664704857414%
380.002094975302,3990.8084375,12.1229444158616%
380.215894752526,4043.21043154762,11.8924799759899%
380.429683299519,4062.64988095238,11.7693537421216%
380.643460613992,4028.12697916667,11.3281674331028%
380.857226693655,4025.62390625,11.3139916600125%
381.070981536222,4067.75354910714,11.340636411059%
381.284725139403,4031.34521577381,11.4270167324173%
381.49845750091,4010.80051339286,11.3283850352816%
381.712178618455,4012.29585565476,11.2542240070523%
381.925888489749,4036.54640625,11.2169548956302%
382.139587112504,4055.56325892857,11.1017015604172%
382.353274484432,4069.37892113095,10.8349032762027%
382.566950603243,4068.72877232143,10.9224428624953%
382.780615466651,4177.20610119048,10.7075243252763%
382.994269072365,4142.29311011905,10.4209829650092%
383.207911418098,4116.90479910714,10.3027316248944%
383.421542501562,4121.19578125,10.234453515426%
383.635162320468,4147.59182291667,10.1509546056007%
383.848770872527,4180.48935267857,10.1402245175248%
384.062368155452,4182.79738095238,10.1891947623466%
384.275954166954,4183.90263392857,10.0523824550331%
384.489528904744,4195.73534226191,10.0368483529528%
384.703092366534,4113.97912946429,9.89403572509837%
384.916644550035,4071.39438244048,9.67443295787686%
385.13018545296,4084.39735863095,9.55212785727556%
385.34371507302,4111.54107142857,9.48864412179691%
385.557233407926,4101.98388392857,9.35812503479372%
385.77074045539,4118.69270833333,9.05370453230891%
385.984236213123,4124.70658482143,9.01150655606099%
386.197720678838,4152.76050595238,9.0545131448283%
386.411193850246,4167.7464360119,9.06125037073396%
386.624655725058,4136.57180059524,9.01666416453988%
386.838106300986,4153.4106547619,8.99832548301492%
387.051545575742,4189.94901785714,8.83558757040501%
387.264973547037,4103.64176339286,8.66343151638264%
387.478390212582,4124.90162946429,8.60013828070983%
387.69179557009,4135.88914434524,8.70224050221883%
387.905189617272,4149.96486607143,8.54531458755453%
388.11857235184,4152.56546130952,8.60576424646647%
388.331943771505,4131.20807291667,8.46233317525915%
388.545303873978,4141.15534970238,8.27056442247071%
388.758652656972,4186.37319940476,8.37692507635324%
388.971990118198,4184.06517113095,8.38624464919398%
389.185316255368,4208.93336309524,8.39451576988655%
389.398631066192,4212.08658482143,8.29715278095152%
389.611934548384,4207.99064732143,8.30742621129774%
389.825226699653,4214.39461309524,8.26219579099825%
390.038507517713,4207.95813988095,8.18370289600352%
390.251777000274,4213.54941964286,8.18627140919408%
390.465035145049,4283.44041666667,8.10335796206437%
390.678281949748,4289.29175595238,8.07586025174146%
390.891517412083,4264.09848958333,7.8486116545417%
391.104741529767,4264.06598214286,7.77534143183401%
391.31795430051,4255.41900297619,7.67075082376277%
391.531155722024,4260.06756696429,7.61759365713604%
391.74434579202,4237.31235863095,7.66937302105536%
391.957524508211,4242.77360863095,7.55564680732859%
392.170691868309,4264.81365327381,7.47675190966458%
392.383847870023,4271.08758928571,7.45709247306822%
392.596992511067,4242.1559672619,7.29689081541038%
392.810125789151,4258.01959821429,7.21489047322086%
393.023247701988,4291.63229166667,7.304164505127%
393.236358247288,4260.23010416667,7.22664704354602%
393.449457422764,4245.73178571428,7.10696033744514%
393.662545226128,4262.11553571429,7.06193471661505%
393.875621655089,4271.99779761905,7.10660418952314%
394.088686707362,4288.90166666667,7.0083597520344%
394.301740380656,4281.22991071429,6.9098801772069%
394.514782672683,4261.75795386905,6.85445186299862%
394.727813581156,4261.75795386905,6.79791922894702%
394.940833103785,4198.85605654762,6.71084087871544%
395.153841238283,4171.64732886905,6.55867593978345%
395.36683798236,4172.91511904762,6.52965435530542%
395.579823333729,4186.24316964286,6.49648953590095%
395.792797290101,4184.03266369048,6.46676348419505%
396.005759849188,4150.19241815476,6.4334473214247%
396.218711008701,4177.23860863095,6.37368560648191%
396.431650766351,4200.77399553571,6.39734044570288%
396.644579119852,4197.71829613095,6.33759573814839%
396.857496066913,4192.09450892857,6.27436527436529%
397.070401605247,4185.43048363095,6.20440020360839%
397.283295732565,4205.32503720238,6.27882891854213%
397.496178446579,4205.39005208333,6.22689904119973%
397.709049745,4202.5619047619,6.21155329532108%
397.921909625541,4223.36666666667,6.1887754516118%
398.134758085912,4251.06300595238,6.14516061988202%
398.347595123825,4315.59027529762,6.14587838744798%
398.560420736992,4327.81307291667,6.13565897168383%
398.773234923125,4338.73557291667,6.16981775195991%
398.986037679935,4366.52943452381,6.20654576194691%
399.198829005133,4371.43805803571,6.20209651324571%
399.411608896431,4381.87294642857,6.20683381499854%
399.624377351542,4393.86819196429,6.2523768366465%
399.837134368175,4420.23172619048,6.30414286885471%
400.049879944044,4507.02659226191,6.24913632426349%
400.262614076859,4515.67357142857,6.22760155073874%
400.475336764333,4514.66584077381,6.19117298109626%
400.688048004176,4540.21668898809,6.2294804038876%
400.900747794101,4536.44582589286,6.22291301207306%
401.113436131818,4511.96772321428,6.17220165140598%
401.32611301504,4524.35305803571,6.1961879775645%
401.538778441479,4564.69479166667,6.22027429303754%
401.751432408845,4571.52135416667,6.19471748250028%
401.964074914851,4561.99667410714,6.15126592681428%
402.176705957207,4545.90549107143,6.08928216464976%
402.389325533626,4527.40875744048,6.05878072927228%
402.601933641819,4551.91936755952,6.08728513814341%
402.814530279499,4502.76811755952,6.05181668647158%
403.027115444375,4503.64581845238,6.05850652117825%
403.23968913416,4542.58973214286,6.04191187024544%
403.452251346566,4535.0154985119,6.03464215715557%
403.664802079304,4533.91024553571,5.99826300770367%
403.877341330086,4547.92095238095,5.98675252784537%
404.089869096623,4565.57249255952,5.964524937956%
404.302385376627,4574.28448660714,5.94676522111599%
404.51489016781,4490.05770833333,5.93066065845436%
404.727383467883,4485.34412946429,5.91371906262552%
404.939865274557,4494.96633184524,5.96092658440216%
405.152335585545,4485.89675595238,5.92999335463733%
405.364794398558,4492.46325892857,5.90952202047695%
405.577241711307,4511.05751488095,5.92887228738659%
405.789677521504,4509.49715773809,5.9237418229168%
406.002101826862,4535.63313988095,5.93026123774484%
406.21451462509,4527.96138392857,5.90714500747513%
406.426915913901,4535.01549851191,5.91143229595131%
406.639305691007,4562.15921130952,5.93501717945302%
406.851683954119,4585.01194196429,5.95021795533224%
407.064050700949,4544.80023809524,5.92473503914124%
407.276405929208,4544.34513392857,5.92900710125427%
407.488749636608,4590.40817708333,5.95434587038089%
407.70108182086,4581.46863095238,5.95206940001939%
407.913402479676,4605.65416666667,5.88963901669389%
408.125711610768,4625.06110863095,5.90224136654831%
408.338009211848,4621.32275297619,5.93738276482683%
408.550295280626,4623.66328869048,5.93976411418022%
408.762569814815,4618.23454613095,5.92353396450977%
408.974832812126,4589.85555059524,5.9591265189155%
409.18708427027,4646.84109375,5.96200260775483%
409.39932418696,4679.60859375,5.93325689180154%
409.611552559907,4679.86865327381,5.92232521343875%
409.823769386822,4677.39808779762,5.9177657873701%
410.035974665417,4730.51524553571,5.95247775217961%
410.248168393404,4779.66649553571,5.97428102129917%
410.460350568494,4748.94696428571,5.95945344659119%
410.672521188399,4741.69780505952,5.92536437444977%
410.88468025083,4751.22248511905,5.91884047711747%
411.096827753499,4794.4248735119,5.95880274179254%
411.308963694118,4802.06412202381,5.9609129077592%
411.521088070399,4823.22646577381,5.96003111741595%
411.733200880052,4859.34223214286,5.97370814744228%
411.945302120789,4868.99694196429,5.9559429901256%
412.157391790323,4859.47226190476,5.95215060005246%
412.369469886364,4841.56066220238,5.96552462526767%
412.581536406624,4826.28216517857,5.95211948166044%
412.793591348816,4843.18603422619,5.9203487977177%
413.005634710649,4827.32240327381,5.9080216892826%
413.217666489837,4833.7588764881,5.8938843379799%
413.42968668409,4869.28950892857,5.86522034240228%
413.641695291121,4857.03420386905,5.8625876898421%
413.85369230864,4845.46155505952,5.84700398607272%
414.06567773436,4845.88415178571,5.85421530479896%
414.277651565991,4883.46275297619,5.87161432137401%
414.489613801246,4870.36225446429,5.88362673442115%
414.701564437837,4830.08553571429,5.84433973880138%
414.913503473474,4838.76502232143,5.84369674405679%
415.12543090587,4877.51389136905,5.90077277111081%
415.337346732735,4856.77414434524,5.90591260474209%
415.549250951782,4839.96779761905,5.8699374695485%
415.761143560723,4837.98484375,5.8843082427456%
415.973024557268,4861.06512648809,5.89551789832547%
416.184893939129,4869.12697172619,5.89334256116271%
416.396751704019,4821.4710639881,5.87646468827613%
416.608597849648,4829.98801339286,5.88997533212471%
416.820432373728,4845.85164434524,5.92394676827123%
417.032255273971,4894.58029761905,5.95215578725048%
417.244066548088,4895.71805803571,5.96316952458701%
417.455866193791,4924.19457589286,5.97920700576585%
417.667654208792,4931.08615327381,5.99198498255235%
417.879430590802,4945.19438244048,6.03902160907414%
418.091195337533,4934.66197172619,6.05236222072161%
418.302948446696,4938.17277529762,6.07239976085322%
418.514689916002,4953.48377976191,6.09119581522366%
418.726419743165,4949.71291666667,6.0928551975973%
418.938137925894,4914.27980654762,6.06286423999235%
419.149844461903,4928.97316964286,6.09061809313315%
419.361539348901,4923.51191964286,6.10400027370494%
419.573222584602,4901.99199404762,6.06328288495951%
419.784894166716,4919.57851934524,6.0652679683469%
419.996554092955,4905.40527529762,6.06453243407379%
420.208202361031,4924.03203869048,6.07541768261757%
420.419838968655,4913.56464285714,6.07835373462866%
420.631463913539,4893.11746279762,6.06702302631579%
420.843077193395,4920.16365327381,6.08888905461692%
421.054678805933,4947.95751488095,6.08116525144048%
421.266268748867,4964.79636904762,6.0600215157473%
421.477847019906,4953.80885416667,6.05359263822749%
421.689413616764,4955.53174851191,6.0498319183461%
421.900968537151,4948.15255952381,6.053940127527%
422.112511778779,4970.81024553571,6.05281878491428%
422.32404333936,4967.33194940476,6.03225178860506%
422.535563216605,4971.03779761905,6.03386701537312%
422.747071408226,5024.67507440476,6.06969813321632%
422.958567911934,5034.78488839286,6.07136478127266%
423.170052725441,5009.2015327381,6.0681926778353%
423.38152584646,5023.43979166667,6.06432141846647%
423.5929872727,5044.04950892857,6.07878170675578%
423.804437001874,5025.7153125,6.07759291215808%
424.015875031694,5030.23384672619,6.08700991236165%
424.22730135987,5054.02929315476,6.10039863633904%
424.438715984116,5091.77043154762,6.13629000323986%
424.650118902141,5104.18827380952,6.15159809463139%
424.861510111659,5110.52722470238,6.16025130980327%
425.07288961038,5120.7345610119,6.17478707785304%
425.284257396016,5150.70642113095,6.19405766047254%
425.495613466278,5140.23902529762,6.21921270441332%
425.706957818879,5116.99620535714,6.22247336074002%
425.91829045153,5107.24397321429,6.21405699476317%
426.129611361942,5117.51632440476,6.23830162318602%
426.340920547827,5135.81801339286,6.25145847769665%
426.552218006896,5104.05824404762,6.26068547131713%
426.763503736862,5106.3987797619,6.27385118461995%
426.974777735436,5140.46657738095,6.28528676354291%
427.186040000329,5138.15854910714,6.31368251673484%
427.397290529253,5133.24992559524,6.30800245108922%
427.60852931992,5138.67866815476,6.30781511962607%
427.81975637004,5189.58531994048,6.34147207671136%
428.030971677327,5167.41524553571,6.34746854167663%
428.242175239491,5197.06203125,6.36853730540236%
428.453367054244,5205.18889136905,6.37799914025973%
428.664547119298,5196.73695684524,6.37173051472472%
428.875715432364,5170.79601934524,6.36045650494806%
429.086871991153,5155.06241815476,6.33429655430659%
429.298016793378,5147.87827380953,6.3397821240087%
429.50914983675,5168.26043898809,6.35518474374255%
429.72027111898,5132.30720982143,6.36159256867167%
429.931380637781,5116.70363839286,6.34438370657732%
430.142478390864,5154.28223958333,6.34461307600044%
430.353564375939,5164.35954613095,6.37849857977572%
430.56463859072,5183.2788764881,6.41002619570729%
430.775701032917,5157.17540178571,6.3910847645195%
430.986751700243,5167.09017113095,6.36970678597117%
431.197790590408,5188.54508184524,6.39552060325544%
431.408817701124,5174.79443452381,6.41564883282332%
431.619833030104,5123.07509672619,6.35638167091667%
431.830836575058,5121.15715773809,6.37584069444127%
432.041828333698,5177.65508928571,6.39817786520344%
432.252808303736,5129.99918154762,6.40620748373959%
432.463776482883,5136.63069940476,6.39161531922069%
432.674732868851,5131.42950892857,6.38443382164689%
432.885677459352,5165.00969494048,6.42353829008679%
433.096610252096,5170.92604910714,6.44969396636437%
433.307531244797,5170.34091517857,6.45134694693781%
433.518440435165,5171.64121279762,6.48837119388139%
433.729337820911,5185.97699404762,6.5035016690527%
433.940223399749,5176.22476190476,6.51222316371269%
434.151097169388,5154.08719494048,6.49207746478873%
434.361959127541,5152.42931547619,6.51701333258048%
434.572809271919,5149.56866071429,6.5554420490454%
434.783647600234,5144.30245535714,6.56448880747947%
434.994474110198,5105.68361607143,6.53939771312125%
435.205288799522,5110.39719494048,6.5305529883751%
435.416091665917,5126.03327380952,6.56923677948645%
435.626882707096,5138.64616071429,6.59066739340011%
435.837661920769,5118.19898065476,6.58768160280035%
436.048429304649,5121.61226190476,6.60080178173719%
436.259184856448,5143.78233630952,6.60233603003365%
436.469928573875,5090.40511904762,6.63649347468973%
436.680660454645,5108.73931547619,6.65851129185077%
436.891380496466,5099.70224702381,6.66673849878065%
437.102088697053,5097.29669642857,6.68356822411033%
437.312785054115,5047.4302827381,6.67504228423308%
437.523469565365,5035.43503720238,6.68023046387824%
437.734142228515,5059.91313988095,6.70686235908676%
437.944803041275,5067.84495535714,6.72445642903546%
438.155452001357,5073.50125,6.72010571320925%
438.366089106474,5049.96586309524,6.7145454711585%
438.576714354336,5070.80313244048,6.74429417665537%
438.787327742656,5047.65783482143,6.72189756811781%
438.997929269144,5064.20412202381,6.74097420676855%
439.208518931513,5059.26299107143,6.73434968575741%
439.419096727474,5067.55238839286,6.73432981803564%
439.629662654738,5084.87885416667,6.79272346220804%
439.840216711018,5083.02593005952,6.80793112891718%
440.050758894025,5031.59915922619,6.79907926992314%
440.261289201469,5050.71353422619,6.80940357837944%
440.471807631064,5081.88816964286,6.83410113926819%
440.682314180521,5072.59104166667,6.8621222949493%
440.892808847551,5063.22889880952,6.84443871584084%
441.103291629865,5030.16883184524,6.84133306184431%
441.313762525176,5031.56665178571,6.86740320949492%
441.524221531195,5040.08360119048,6.91066795592276%
441.734668645633,5054.58191964286,6.90689593505003%
441.945103866203,5050.55099702381,6.92256844807351%
442.155527190615,5027.37319196429,6.90974762784107%
442.365938616582,5044.24455357143,6.90013262754219%
442.576338141815,5013.32997767857,6.89305388660871%
442.786725764025,5008.97398065476,6.88746493129176%
442.997101480925,5021.13176339286,6.89790107482902%
443.207465290225,5068.00749255952,6.92454066687195%
443.417817189638,5033.84217261905,6.93328683135237%
443.628157176875,5052.24138392857,6.95466281684667%
443.838485249647,5060.46576636905,7.00666440081014%
444.048801405666,5073.33871279762,6.99838268474333%
444.259105642644,5055.49212797619,7.01884056229243%
444.469397958293,5059.68558779762,7.02332861235394%
444.679678350323,5023.86238839286,7.02667061876562%
444.889946816447,5013.06991815476,7.03559279847341%
445.100203354376,5006.0483110119,7.0456867640218%
445.310447961822,5016.51570684524,7.05905649245794%
445.520680636496,5040.47369047619,7.04300921128618%
445.73090137611,5088.81225446429,7.05707310256389%
445.941110178376,5098.076875,7.05438835515779%
446.151307041005,5085.95159970238,7.08356620919497%
446.361491961708,5088.64971726191,7.08594123640598%
446.571664938198,5106.07370535714,7.10845987890017%
446.781825968186,5078.76745535714,7.11407935135904%
446.991975049383,5077.95476934524,7.11703479639957%
447.202112179501,5123.40017113095,7.15724381998064%
447.412237356252,5097.52424851191,7.17593523041481%
447.622350577348,5056.43484375,7.1932415918389%
447.832451840499,5069.89292410714,7.20072333501799%
448.042541143418,5065.53692708333,7.18859257068015%
448.252618483815,5073.95635416667,7.16349129926405%
448.462683859404,5039.3684375,7.14182592338008%
448.672737267895,5040.01858630952,7.14688941711853%
448.882778706999,5078.89748511905,7.1707774990732%
449.092808174429,5123.40017113095,7.209200238177%
449.302825667897,5090.43762648809,7.19594690462521%
449.512831185113,5076.32939732143,7.18009919744233%
449.722824723789,5095.54129464286,7.19758975866866%
449.932806281637,5093.26577380952,7.24916684471483%
450.142775856368,5048.76308779762,7.25799854521658%
450.352733445695,5034.94742559524,7.21845691635852%
450.562679047328,5059.26299107143,7.26144122039684%
450.77261265898,5063.97656994048,7.2937687444951%
450.982534278361,5048.30798363095,7.29414551199119%
451.192443903184,5034.88241071429,7.29073492455271%
451.40234153116,5025.16268601191,7.35446675502888%
451.61222716,5009.42908482143,7.41581903065022%
451.822100787417,5007.77120535714,7.39724541316542%
452.031962411121,5035.66258928571,7.44071287290227%
452.241812028825,5015.83305059524,7.45320285547296%
452.45164963824,5000.19697172619,7.44440797571183%
452.661475237078,4985.43859375,7.45836632145457%
452.87128882305,4998.50658482143,7.49569028755868%
453.081090393868,4991.15990327381,7.48901719737747%
453.290879947243,4998.53909226191,7.47737193218397%
453.500657480887,4976.85662946429,7.44582703594841%
453.710422992512,4982.41540178571,7.44737898966731%
453.920176479828,4987.29151785714,7.45452937260543%
454.129917940549,5001.65980654762,7.45615058349236%
454.339647372385,4985.66614583333,7.42956256676742%
454.549364773049,5004.71550595238,7.45461667835605%
454.75907014025,5007.60866815476,7.52357151773959%
454.968763471702,5002.66753720238,7.45267255986482%
455.178444765116,5001.65980654762,7.46137105292383%
455.388114018203,5021.65188244048,7.50247608421759%
455.597771228675,5059.32800595238,7.52304715656891%
455.807416394244,5112.41265625,7.49888851641311%
456.017049512621,5089.885,7.42109461502744%
456.226670581517,5093.49332589286,7.43260327168121%
456.436279598645,5089.39738839286,7.41555076524082%
456.645876561716,5127.39858630952,7.40812657317512%
456.855461468442,5137.8009672619,7.447219933558%
457.065034316534,5123.01008184524,7.43785740416274%
457.274595103703,5106.17122767857,7.45036827236474%
457.484143827662,5113.71295386905,7.45694203321977%
457.693680486122,5056.66239583333,7.43092815368939%
457.903205076794,5045.86992559524,7.46149433216903%
458.11271759739,5096.54902529762,7.51667801555243%
458.322218045623,5106.04119791667,7.52254217568354%
458.531706419202,5047.46279017857,7.48707492900313%
458.741182715841,5054.19183035714,7.48901033478081%
458.95064693325,5029.71372767857,7.4818839699257%
459.160099069141,5027.6332514881,7.44554918476011%
459.369539121226,5023.43979166667,7.46956243637224%
459.578967087216,5014.20767857143,7.40311300608364%
459.788382964823,4987.90915922619,7.3694876664066%
459.997786751759,4974.3860639881,7.35655466347545%
460.207178445735,4920.65126488095,7.31884377866396%
460.416558044462,4931.89883928571,7.34578439741364%
460.625925545653,4963.7236235119,7.34213740945836%
460.835280947018,4976.85662946429,7.35097547791045%
461.044624246271,4926.27505208333,7.35812267799669%
461.253955441121,4920.97633928571,7.354658236996%
461.463274529281,4931.44373511905,7.3859012967857%
461.672581508462,4987.42154761905,7.4122706718108%
461.881876376376,4980.98507440476,7.39504473503097%
462.091159130735,4988.75435267857,7.42013738534819%
462.30042976925,4982.80549107143,7.43565769401112%
462.509688289632,4960.14780505952,7.42058856081754%
462.718934689594,4943.34145833333,7.39196258231275%
462.928168966846,4967.85206845238,7.43391744855318%
463.137391119102,4963.75613095238,7.44997052374011%
463.346601144071,4986.08874255952,7.43695964528537%
463.555799039465,4988.16921875,7.42731203684073%
463.764984802997,4969.57496279762,7.44496886331388%
463.974158432378,4983.390625,7.47741719638675%
464.18331992532,4974.84116815476,7.48559846908406%
464.392469279533,4976.27149553572,7.48763653882078%
464.60160649273,4992.59023065476,7.52881437502149%
464.810731562622,4999.61183779762,7.51979604668527%
465.019844486922,4991.12739583333,7.53569299973265%
465.228945263339,4962.26078869048,7.52288722040345%
465.438033889587,4962.52084821429,7.5245514694192%
465.647110363376,4978.35197172619,7.52259761337914%
465.856174682419,4991.64751488095,7.52464464581792%
466.065226844426,4967.42947172619,7.48512347878723%
466.27426684711,4971.20033482143,7.45799087871618%
466.483294688181,5030.65644345238,7.4997930856528%
466.692310365353,5053.63920386905,7.46092913722971%
466.901313876335,5040.08360119048,7.44099206744736%
467.110305218841,5042.2290922619,7.47702326303631%
467.319284390581,5038.26318452381,7.45941542698656%
467.528251389266,5049.64078869048,7.45005972040213%
467.73720621261,5039.72601934524,7.43533207591825%
467.946148858323,5016.38567708333,7.45449591674845%
468.155079324116,5023.40728422619,7.455983055131%
468.363997607702,5007.96625,7.46904517614153%
468.572903706792,5004.09786458333,7.49393000067177%
468.781797619097,4990.18468005952,7.49290929648723%
468.99067934233,4984.98348958333,7.4646589181619%
469.199548874201,4960.44037202381,7.48742528719137%
469.408406212423,4931.08615327381,7.4979467491787%
469.617251354706,4950.03799107143,7.46502259565334%
469.826084298764,4998.4090625,7.42484443398223%
470.034905042306,5003.77279017857,7.44737941908399%
470.243713583045,5009.91669642857,7.44577855820796%
470.452509918693,4999.57933035714,7.4528574336832%
470.661294046961,5031.24157738095,7.49568792382391%
470.87006596556,5013.36248511905,7.46514387072273%
471.078825672202,5004.52046130952,7.4932751453133%
471.287573164599,5009.10401041667,7.49797035069525%
471.496308440462,5022.10698660714,7.50709044622386%
471.705031497503,5029.87626488095,7.54957457486665%
471.913742333434,5027.40569940476,7.54232055270117%
472.122440945966,5036.44276785714,7.53929352951834%
472.331127332811,5086.30918154762,7.54366819815248%
472.53980149168,5106.3987797619,7.57342971248224%
472.748463420285,5112.34764136905,7.56196210246371%
472.957113116337,5143.16469494048,7.5412711823437%
473.165750577549,5159.61345982143,7.55289162332795%
473.374375801631,5190.43051339286,7.57499684766785%
473.582988786296,5207.26936755952,7.52603565048526%
473.791589529255,5239.90683779762,7.50582058890664%
474.000178028219,5235.29078125,7.53484956301202%
474.2087542809,5193.06361607143,7.56865966058659%
474.41731828501,5172.97401785714,7.56326188523938%
474.62587003826,5169.56073660714,7.53731089964811%
474.834409538362,5181.00335565476,7.53054678347392%
475.042936783028,5179.31296875,7.5150020513699%
475.251451769968,5164.00196428571,7.50492768232424%
475.459954496896,5170.82852678572,7.48447567781303%
475.668444961521,5157.3379389881,7.49557361267259%
475.876923161557,5152.49433035714,7.484103894126%
476.085389094714,5161.98650297619,7.46009630115021%
476.293842758704,5162.99423363095,7.45644007914707%
476.502284151238,5140.82415922619,7.45851855651937%
476.710713270029,5121.38470982143,7.46509883191562%
476.919130112788,5114.26558035714,7.40656016594746%
477.127534677227,5113.29035714286,7.40079321117586%
477.335926961056,5131.29947916667,7.41701738577923%
477.544306961988,5133.08738839286,7.38391030145534%
477.752674677734,5120.08441220238,7.38416231955724%
477.961030106007,5099.73475446429,7.39628929237361%
478.169373244516,5129.12148065476,7.41147738458861%
478.377704090975,5134.9403125,7.36836550259246%
478.586022643094,5149.79621279762,7.33299639623802%
478.794328898586,5161.72644345238,7.33422161150049%
479.002622855161,5194.65648065476,7.34969572790573%
479.210904510532,5235.12824404762,7.36445746823624%
479.41917386241,5207.04181547619,7.39372585922028%
479.627430908506,5203.04340029762,7.40138587508769%
479.835675646533,5232.85272321429,7.41536479655891%
480.043908074201,5258.92369047619,7.40006628812657%
480.252128189223,5243.67770089286,7.39395392950976%
480.46033598931,5240.42695684524,7.38861130161218%
480.668531472173,5271.92666666667,7.41595167792239%
480.876714635525,5273.29197916667,7.43948358164203%
481.084885477077,5272.28424851191,7.43113667114788%
481.29304399454,5262.27195684524,7.42827390960072%
481.501190185626,5272.12171130952,7.44685929539201%
481.709324048046,5275.14490327381,7.44714277356065%
481.917445579513,5258.01348214286,7.4475644152907%
482.125554777737,5250.92686011905,7.45295528832529%
482.333651640431,5265.71774553571,7.46223787113295%
482.541736165306,5251.21942708333,7.48923823340547%
482.749808350073,5229.92705357143,7.51356877765362%
482.957868192445,5238.60654017857,7.55109932962174%
483.165915690132,5229.63448660714,7.56657733587084%
483.373950840847,5189.97540922619,7.55151998792206%
483.581973642301,5142.22197916667,7.56290376505862%
483.789984092205,5126.00076636905,7.53763419968092%
483.997982188272,5114.91572916667,7.52484527043661%
484.205967928212,5116.47608630952,7.49563328676946%
484.413941309737,5095.76884672619,7.52205417329496%
484.62190233056,5126.68342261905,7.52259562676427%
484.829850988391,5147.81325892857,7.53345972955815%
485.037787280942,5145.01761904762,7.51617666452635%
485.245711205925,5165.72485863095,7.46843463011376%
485.453622761051,5171.77124255952,7.48148292404266%
485.661521944033,5190.30048363095,7.50916940558002%
485.86940875258,5227.00138392857,7.50349067529684%
486.077283184406,5228.91932291667,7.49279414089484%
486.285145237222,5226.02616071429,7.51651332222696%
486.492994908739,5228.78929315476,7.49485228775169%
486.700832196668,5241.01209077381,7.53093189024245%
486.908657098723,5222.4503422619,7.51684136603636%
487.116469612613,5292.56889136905,7.5716760502382%
487.324269736051,5280.18355654762,7.53210547765841%
487.532057466749,5319.97266369048,7.53438919326923%
487.739832802417,5293.12151785714,7.51301975875983%
487.947595740768,5292.24381696429,7.49088649724314%
488.155346279513,5336.32390625,7.54148009302649%
488.363084416364,5326.96176339286,7.55325175986403%
488.570810149032,5309.99287946428,7.60099962872173%
488.778523475229,5300.04560267857,7.54876479894299%
488.986224392666,5305.11676339286,7.56997648981153%
489.193912899055,5289.61071428571,7.54069576668412%
489.401588992108,5232.91773809524,7.53707909119555%
489.609252669537,5223.62061011905,7.58900619173508%
489.816903929052,5238.5740327381,7.58884767260979%
490.024542768366,5219.81723958333,7.59427743334386%
490.23216918519,5212.08046875,7.62382803467577%
490.439783177235,5181.68601190476,7.64040432255023%
490.647384742214,5183.05132440476,7.6592615865286%
490.854973877837,5176.84240327381,7.67957044211869%
491.062550581817,5155.87510416666,7.64229419673599%
491.270114851865,5154.76985119048,7.62591595616968%
491.477666685693,5115.43584821428,7.5841170232346%
491.685206081012,5138.97123511905,7.63864995584152%
491.892733035534,5093.55834077381,7.64309978442652%
492.10024754697,5119.82435267857,7.64006009233164%
492.307749613032,5155.58253720238,7.66435052080361%
492.515239231432,5160.45865327381,7.63836510488018%
492.722716399881,5199.33755208333,7.67872340893447%
492.930181116091,5189.71534970238,7.66849826526479%
493.137633377774,5228.36669642857,7.72082864546982%
493.34507318264,5243.51516369048,7.70405296729203%
493.552500528402,5230.02457589286,7.69619147988588%
493.759915412771,5264.25491071429,7.71377576571866%
493.967317833459,5304.17404761905,7.71690273551536%
494.174707788178,5298.97285714286,7.67792081612826%
494.382085274638,5316.6569047619,7.69981518323798%
494.589450290552,5302.48366071429,7.70024412606183%
494.796802833631,5319.87514136905,7.74462172901124%
495.004142901588,5328.29456845238,7.74409358175121%
495.211470492132,5340.19229166667,7.74751115992346%
495.418785602976,5342.24026041667,7.76790856332787%
495.626088231832,5352.09001488095,7.8072934922952%
495.833378376411,5335.25116071429,7.81837024084008%
496.040656034425,5321.11042410714,7.80379561265559%
496.247921203586,5324.06860119048,7.78801238825117%
496.455173881604,5330.53758184524,7.84394881072384%
496.662414066192,5293.96671130952,7.85853917024015%
496.869641755061,5281.32131696429,7.88230527431233%
497.076856945923,5274.94985863095,7.8810597821242%
497.284059636489,5273.19445684524,7.90548990496826%
497.491249824471,5269.68365327381,7.94849141969855%
497.698427507581,5241.36967261905,7.98459293947323%
497.90559268353,5233.40534970238,8.03906702539983%
498.112745350029,5257.46085565476,8.08067469146027%
498.319885504791,5213.86837797619,8.10474066936323%
498.527013145527,5198.75241815476,8.15903004224515%
498.734128269948,5194.00633184524,8.15405469700302%
498.941230875767,5201.80811755952,8.21307014629152%
499.148320960694,5250.1791889881,8.18150157842113%
499.355398522442,5256.84321428571,8.20215260928476%
499.562463558721,5245.85569940476,8.24369852054672%
499.769516067244,5247.4485639881,8.27475396665997%
499.976556045722,5249.4965327381,8.31074263761514%
500.183583491867,5255.38037946429,8.33858191283069%
500.39059840339,5244.97799851191,8.37854755572027%
500.597600778004,5266.14034226191,8.41224265379682%
500.804590613418,5269.13102678571,8.45360964807007%
501.011567907346,5280.41110863095,8.47073166310141%
501.218532657498,5274.13717261905,8.47892133933398%
501.425484861587,5298.84282738095,8.4997612171105%
501.632424517324,5286.19743303571,8.49060255228077%
501.83935162242,5277.68048363095,8.50523513065601%
502.046266174587,5284.08444940476,8.53401469179176%
502.253168171537,5318.76988839286,8.50608377006412%
502.460057610981,5338.66444196429,8.56991917889046%
502.666934490631,5355.63332589286,8.57800885067181%
502.873798808198,5363.82520089286,8.59225391473258%
503.080650561395,5352.77267113095,8.65114232480114%
503.287489747932,5326.18158482143,8.62097057345391%
503.494316365522,5287.04262648809,8.68999391762396%
503.701130411875,5281.71140625,8.74490934385058%
503.907931884704,5304.62915178571,8.77450057189055%
504.11472078172,5337.13659226191,8.81371830033956%
504.321497100634,5347.53897321429,8.83407586982574%
504.528260839159,5346.79130208333,8.91986688208569%
504.735011995006,5360.50944196429,8.96623524994759%
504.941750565886,5365.25552827381,9.03124711955019%
505.148476549511,5370.65176339286,9.0633500134964%
505.355189943593,5369.74155505952,9.12290587947288%
505.561890745843,5392.984375,9.2471454795248%
505.768578953973,5385.70270833333,9.31967353197937%
505.975254565694,5412.71639136905,9.38545652857117%
506.181917578718,5414.9594047619,9.41817172721596%
506.388567990757,5404.23194940476,9.47440945337012%
506.595205799522,5426.40202380952,9.62311732179627%
506.801831002725,5396.62520833333,9.61701398695292%
507.008443598077,5402.37902529762,9.67197438218794%
507.215043583291,5429.65276785714,9.75397202489251%
507.421630956077,5453.57824404762,9.83841186185908%
507.628205714147,5463.65555059524,9.91788623730669%
507.834767855213,5462.6153125,9.93950592637644%
508.041317376986,5469.63691964286,10.0027186983709%
508.247854277179,5485.66308779762,10.0646565252872%
508.454378553502,5490.01908482143,10.1103449879655%
508.660890203667,5480.85198660714,10.1312180743817%
508.867389225386,5504.67994047619,10.1414747972521%
509.07387561637,5521.09619791667,10.1978960719215%
509.280349374331,5519.43831845238,10.2475705637877%
509.486810496981,5537.44744047619,10.303098134404%
509.693258982031,5538.84526041667,10.3538369662586%
509.899694827193,5566.5090922619,10.3661539251449%
510.106118030178,5557.82960565476,10.4018029168953%
510.312528588698,5568.10195684524,10.4863601845902%
510.518926500465,5584.128125,10.570424312677%
510.72531176319,5601.16202380952,10.6478718998112%
510.931684374585,5585.55845238095,10.7066956885648%
511.13804433236,5603.20999255952,10.79496948902%
511.344391634229,5693.02805059524,10.8892879523369%
511.550726277903,5688.80208333333,10.9679457182967%
511.757048261092,5689.35470982143,11.0230638572652%
511.96335758151,5714.3854389881,11.1096808921446%
512.169654236866,5733.20724702381,11.2219340461789%
512.375938224874,5761.39119791667,11.2527607247136%
512.582209543244,5764.60943452381,11.3387997322962%
512.788468189688,5777.48238095238,11.454269284509%
512.994714161918,5804.4960639881,11.6018947594843%
513.200947457646,5815.48357886905,11.7036101758324%
513.407168074582,5852.9646577381,11.8150460842416%
513.613376010439,5849.09627232143,11.8634317451038%
513.819571262928,5868.73076636905,11.9898871179922%
514.02575382976,5931.79520089286,12.1223447621762%
514.231923708648,5919.1823139881,12.254305563664%
514.438080897303,5924.15595238095,12.3473753458403%
514.644225393436,5928.64197916667,12.4517622245139%
514.850357194759,5927.76427827381,12.5892859226348%
515.056476298984,5959.13395833333,12.6802490650728%
515.262582703823,5974.96508184524,12.7744986148162%
515.468676406986,5976.36290178571,12.8983775508299%
515.674757406185,5883.78171130952,12.9875528362252%
515.880825699133,5893.66397321429,13.092922864287%
516.086881283541,5915.54148065476,13.189268181086%
516.29292415712,5924.35099702381,13.2763062922067%
516.498954317581,5942.84773065476,13.3669458890786%
516.704971762637,5965.34287946429,13.5022544599098%
516.910976489999,5966.57816220238,13.6106248395304%
517.116968497379,5954.84297619048,13.6822113286965%
517.322947782488,5971.58430803571,13.7959602795832%
517.528914343038,5998.82554315476,13.912027536286%
517.73486817674,5976.59045386905,13.9938188815674%
517.940809281307,6053.86063988095,14.1687664770039%
518.146737654449,6089.74885416667,14.2594236221279%
518.352653293878,6076.94092261905,14.3496629883408%
518.558556197306,6085.49037946428,14.4340507976872%
518.764446362445,6128.20515625,14.564925623532%
518.970323787005,6157.29931547619,14.7017423856421%
519.176188468699,6182.135,14.758613956667%
519.382040405239,6189.48168154762,14.8490644529298%
519.587879594335,6195.36552827381,14.977057559389%
519.7937060337,6231.67633928571,15.101034260158%
519.999519721045,6280.3074702381,15.2252645459653%
520.205320654081,6312.6523735119,15.3454732768102%
520.41110883052,6331.63671875,15.4344094999536%
520.616884248075,6351.59628720238,15.5833804461663%
520.822646904455,6357.70768601191,15.681914516611%
521.028396797374,6368.04505208333,15.8137681092254%
521.234133924543,6392.2630952381,15.9917974165565%
521.439858283672,6480.81336309524,16.1117935691631%
521.645569872474,6493.84884672619,16.166204832375%
521.851268688661,6484.22664434524,16.2567282614727%
522.056954729944,6544.10534970238,16.40277925452%
522.262627994034,6524.9584672619,16.4993426418634%
522.468288478643,6506.36421130952,16.6235434358742%
522.673936181484,6515.36877232143,16.71213447692%
522.879571100266,6536.3035639881,16.7866919643063%
523.085193232703,6530.12715029762,16.8996176327382%
523.290802576505,6517.22169642857,16.9433413372737%
523.496399129384,6544.30039434524,17.0668704235496%
523.701982889052,6573.06947916667,17.2013456709562%
523.907553853221,6647.21895089286,17.2702880108709%
524.113112019601,6647.05641369048,17.2834221645356%
524.318657385905,6652.84273809524,17.3564946349268%
524.524189949844,6686.32540178571,17.4375492156489%
524.72970970913,6691.85166666667,17.5616852646047%
524.935216661474,6708.00786458333,17.6222175325271%
525.140710804588,6713.33908482143,17.7540295850795%
525.346192136184,6742.82333333333,17.8226536623382%
525.551660653973,6815.54247767857,17.9140913223396%
525.757116355666,6771.1373139881,17.9895100094282%
525.962559238976,6770.4546577381,18.109643857543%
526.167989301614,6799.58132440476,18.1860578890456%
526.373406541291,6767.3014360119,18.248778671807%
526.578810955719,6761.09251488095,18.330993070539%
526.78420254261,6771.13731398809,18.3783598698853%
526.989581299676,6778.45148809524,18.4945196353116%
527.194947224627,6803.54723214286,18.5837236774291%
527.400300315176,6811.90164434524,18.6371704402788%
527.605640569034,6826.0098735119,18.7087147198515%
527.810967983912,6850.71552827381,18.794620620953%
528.016282557523,6875.90879464286,18.8821937743014%
528.221584287578,6822.85665178571,18.9304126935034%
528.426873171788,6837.77756696429,19.0065089227903%
528.632149207866,6852.30839285714,19.0799138128722%
528.837412393522,6841.35338541667,19.106194227987%
529.042662726468,6857.63961309524,19.1633289839451%
529.247900204417,6878.76944940476,19.2486708910981%
529.453124825078,6882.99541666667,19.2683114461811%
529.658336586165,6891.08976934524,19.314405841%
529.863535485388,6821.45883184524,19.3040184594662%
530.06872152046,6820.67865327381,19.3901307217584%
530.273894689092,6873.17816964286,19.4571748191184%
530.479054988995,6864.85626488095,19.5112499915515%
530.684202417881,6879.22455357143,19.5465311047873%
530.889336973461,6874.18590029762,19.565774621919%
531.094458653448,6886.53872767857,19.6416739848665%
531.299567455553,6931.6915625,19.6369662868433%
531.504663377487,6907.73357886905,19.6473455623345%
531.709746416963,6927.27055059524,19.6816043276039%
531.914816571691,6987.47433035714,19.7434779205385%
532.119873839383,6971.57819196429,19.7604095273602%
532.324918217751,6948.53041666667,19.7448251249108%
532.529949704506,6945.70226934524,19.7429193705711%
532.734968297361,6986.92170386905,19.792902239442%
532.939973994026,7001.38751488095,19.8197557162965%
533.144966792213,6989.06719494048,19.8711945353106%
533.349946689634,6994.69098214286,19.8516650005209%
533.554913684001,6978.76233630952,19.8916017960095%
533.759867773024,7000.0872172619,19.9076409725357%
533.964808954416,6969.49771577381,19.935663612603%
534.169737225888,6990.13994047619,19.9594630955374%
534.374652585152,7009.57938988095,19.9887636736178%
534.57955502992,6953.86163690476,20.0088069839383%
534.784444557903,6950.35083333333,20.0433488527502%
534.989321166812,6948.95301339286,20.0365649972455%
535.194184854359,6988.80713541667,20.0750345698113%
535.399035618256,6998.33181547619,20.0656951717769%
535.603873456214,6976.68186011905,20.0951183512819%
535.808698365946,6996.73895089286,20.1334770353175%
536.013510345162,7025.7680952381,20.1564384200897%
536.218309391574,7036.39802827381,20.2001681133415%
536.423095502894,7030.83925595238,20.139091316473%
536.627868676833,7033.82994047619,20.1449457919244%
536.832628911103,7062.53401041667,20.1810490950801%
537.037376203416,7011.95243303571,20.207676039247%
537.242110551483,6999.33954613095,20.2156450855722%
537.446831953016,7013.57780505953,20.2111024237686%
537.651540405726,7053.78950892857,20.25726384421%
537.856235907325,7081.0632514881,20.2593643183448%
538.060918455524,7079.76295386905,20.2674903753764%
538.265588048036,7112.95305059524,20.3097999566383%
538.470244682572,7136.81351190476,20.3021674057174%
538.674888356842,7162.85197172619,20.2898085285409%
538.87951906856,7169.22343005952,20.2613330938528%
539.084136815436,7193.21392113095,20.2595837943836%
539.288741595183,7184.89201636905,20.2779194234228%
539.49333340551,7170.58874255952,20.2783312909585%
539.697912244132,7165.64761160714,20.2775449063573%
539.902478108758,7142.17723958333,20.2831381499119%
540.107030997101,7133.85533482143,20.2849899355365%
540.311570906872,7120.46226934524,20.2741096947646%
540.516097835782,7098.2596875,20.2375510065864%
540.720611781544,7085.67930803571,20.263599440427%
540.925112741869,7092.60339285714,20.2894820128706%
541.129600714468,7121.24244791667,20.3276204904839%
541.334075697054,7143.21747767857,20.3112652374947%
541.538537687337,7169.54850446429,20.3299989298013%
541.742986683029,7207.67973214286,20.3444870953608%
541.947422681843,7216.58677083333,20.3652073443348%
542.151845681488,7200.658125,20.3528002658857%
542.356255679678,7215.93662202381,20.3671525834343%
542.560652674124,7222.73067708333,20.3572606261974%
542.765036662536,7237.74911458333,20.3668990193646%
542.969407642628,7208.45991071429,20.3778486440579%
543.17376561211,7215.8065922619,20.361757750319%
543.378110568694,7246.23355654762,20.3660424821815%
543.582442510092,7284.78738095238,20.3656511073833%
543.786761434015,7278.90353422619,20.3463059934228%
543.991067338175,7289.76101934524,20.3861999325433%
544.195360220283,7311.2484375,20.4043483559406%
544.399640078052,7324.18639880952,20.4517098943522%
544.603906909192,7311.08590029762,20.4831134711324%
544.808160711415,7310.63079613095,20.5216879664908%
545.012401482433,7386.14558035714,20.5820159097775%
545.216629219958,7389.2012797619,20.5956623854416%
545.4208439217,7373.46767857143,20.6139153881038%
545.625045585373,7384.8452827381,20.6362146661204%
545.829234208686,7363.1303125,20.641403594972%
546.033409789352,7321.65081845238,20.6420800189568%
546.237572325083,7287.45299107143,20.6434048454197%
546.44172181359,7287.74555803572,20.6270556488977%
546.645858252584,7318.72514880952,20.6182863462273%
546.849981639777,7304.19432291667,20.6505374816883%
547.054091972882,7291.38639136905,20.6461889524103%
547.258189249608,7324.86905505952,20.6353445293486%
547.462273467669,7347.85181547619,20.6278479989492%
547.666344624775,7327.20959077381,20.6339821537394%
547.870402718639,7316.74219494048,20.6249534135527%
548.074447746971,7331.50057291667,20.6055694858611%
548.278479707484,7350.2898735119,20.580798437054%
548.482498597888,7349.02208333333,20.563566375573%
548.686504415897,7367.48630952381,20.5440477360083%
548.89049715922,7371.15965029762,20.4971558452491%
549.09447682557,7399.66867559524,20.5005449400566%
549.298443412659,7366.18601190476,20.4424667410968%
549.502396918197,7372.39493303571,20.4203084627899%
549.706337339897,7365.0482514881,20.3798502111386%
549.910264675471,7402.82189732143,20.3316192048699%
550.114178922629,7442.44846726191,20.2871408257136%
550.318080079083,7450.77037202381,20.241930038488%
550.521968142545,7449.63261160714,20.1955909692447%
550.725843110727,7477.68653273809,20.1907588548921%
550.92970498134,7465.07364583333,20.1870320980028%
551.133553752096,7445.79673363095,20.0856408227848%
551.337389420706,7422.71645089286,20.06119614966%
551.541211984882,7425.08949404762,20.0438823431828%
551.745021442336,7429.77056547619,20.0419126700975%
551.948817790778,7424.60188244048,20.0098575582828%
552.152601027922,7425.47958333333,19.96979286253%
552.356371151477,7434.74420386905,19.9654011245619%
552.560128159157,7421.28612351191,19.9378594956%
552.763872048672,7413.67938244048,19.9148190838241%
552.967602817734,7406.6902827381,19.8310050411989%
553.171320464056,7431.29841517857,19.8070472428603%
553.375024985347,7429.41298363095,19.7560808361823%
553.57871637932,7399.50613839286,19.7303264345859%
553.782394643687,7386.340625,19.6648619467503%
553.986059776159,7400.18879464286,19.6365404936627%
554.189711774447,7385.17035714286,19.6135903409302%
554.393350636264,7362.70771577381,19.5996029571502%
554.596976359321,7370.37947172619,19.5408406567205%
554.800588941329,7344.95865327381,19.4875984826379%
555.00418838,7352.14279761905,19.4660902794921%
555.207774673046,7316.93723958333,19.362148747813%
555.411347818178,7335.04388392857,19.336490316623%
555.614907813108,7370.24944196429,19.2705294438058%
555.818454655548,7374.15033482143,19.2081356928958%
556.021988343208,7347.9818452381,19.1170645846254%
556.225508873802,7342.16301339286,19.084010714589%
556.429016245039,7349.6072172619,19.0580884054617%
556.632510454633,7359.71703125,19.0151081948528%
556.835991500294,7343.49581845238,18.9346120347387%
557.039459379734,7336.27916666667,18.8302630668849%
557.242914090664,7327.43714285714,18.8036598538437%
557.446355630797,7302.04883184524,18.7518452766669%
557.649783997844,7257.05853422619,18.6711018169562%
557.853199189516,7264.40521577381,18.6267660226901%
558.056601203525,7276.69302827381,18.5638727096806%
558.259990037583,7250.19946428571,18.4933469883754%
558.463365689401,7204.49400297619,18.4256319452925%
558.66672815669,7193.50648809524,18.3945576155429%
558.870077437164,7229.49222470238,18.3896480094525%
559.073413528532,7273.79986607143,18.3464982170769%
559.276736428507,7232.77547619048,18.209777334827%
559.4800461348,7215.44901041667,18.1882253263197%
559.683342645123,7224.29103422619,18.1463888978575%
559.886625957187,7182.94156994048,18.102573537082%
560.089896068704,7146.56574404762,18.0325318621778%
560.293152977386,7152.15702380952,18.0073600751925%
560.496396680944,7165.71262648809,17.893134857238%
560.69962717709,7135.44819940476,17.8140315846796%
560.902844463536,7105.08625,17.7309519536821%
561.106048537992,7088.73500744048,17.6667119431931%
561.309239398171,7087.49972470238,17.6114062505891%
561.512417041784,7067.86523065476,17.5635852136956%
561.715581466543,7063.3141889881,17.4769572250856%
561.918732670159,7064.87454613095,17.4187837578792%
562.121870650344,7085.64680059524,17.3494066325813%
562.32499540481,7115.74869047619,17.3421823545619%
562.528106931268,7094.68386904762,17.2529081195221%
562.73120522743,7093.18852678572,17.1498998498215%
562.934290291007,7091.53064732143,17.0586564726896%
563.137362119711,7024.4027827381,16.9470285130519%
563.340420711253,6961.95598958333,16.8413137340513%
563.543466063346,6954.80435267857,16.772488645957%
563.746498173701,6995.53617559524,16.7063830421006%
563.949517040028,7005.93855654762,16.6487899275574%
564.152522660041,6999.4045610119,16.5605320420029%
564.355515031451,6982.98830357143,16.4922744398249%
564.558494151968,6964.94667410714,16.4116777325742%
564.761460019305,6916.44557291666,16.3512980117969%
564.964412631174,6899.05409226191,16.2790826808818%
565.167351985285,6886.01860863095,16.200839266419%
565.370278079351,6842.97875744048,16.1253586535333%
565.573190911083,6830.13831845238,16.059342602385%
565.776090478193,6819.6059077381,15.939635703426%
565.978976778392,6798.67111607143,15.8828114490833%
566.181849809392,6802.18191964286,15.7980608984688%
566.384709568905,6791.22691220238,15.7105680642822%
566.587556054641,6717.72758928572,15.57193006975%
566.790389264314,6707.26019345238,15.505158581335%
566.993209195633,6718.99537946429,15.4638266617701%
567.196015846312,6705.92738839286,15.3997831920658%
567.398809214061,6709.92580357143,15.3686512704786%
567.601589296592,6716.36227678571,15.2811008616729%
567.804356091617,6709.69825148809,15.2519677981697%
568.007109596847,6648.9418452381,15.157653416601%
568.209849809994,6606.94223214286,15.0576830709273%
568.412576728769,6591.43618303572,14.9815043156597%
568.615290350885,6570.6964360119,14.9142727065786%
568.817990674052,6580.54619047619,14.8312877576525%
569.020677695982,6572.02924107143,14.7659954492294%
569.223351414388,6573.03697172619,14.6931140173868%
569.426011826979,6552.88235863095,14.62382035206%
569.628658931469,6626.90180059524,14.5753663452634%
569.831292725569,6614.25640625,14.5078670122779%
570.03391320699,6610.55055803571,14.4488050460463%
570.236520373443,6616.92201636905,14.4022197131844%
570.439114222641,6592.44391369048,14.3202310841481%
570.641694752295,6547.51863095238,14.2591004952232%
570.844261960117,6533.73547619048,14.2190354518169%
571.046815843818,6558.89623511905,14.1649471891954%
571.24935640111,6530.48473214286,14.0895694573378%
571.451883629704,6506.98185267857,13.973563237018%
571.654397527312,6469.95587797619,13.8854486934858%
571.856898091646,6469.63080357143,13.8663873035953%
572.059385320417,6495.6042485119,13.7969518737687%
572.261859211337,6502.04072172619,13.730933244388%
572.464319762118,6482.01613839286,13.6724783629294%
572.66676697047,6472.78402529762,13.6310570439155%
572.869200834106,6480.22822916667,13.573379944789%
573.071621350737,6460.62624255953,13.5346436257302%
573.274028518075,6462.77173363095,13.4805969083574%
573.476422333831,6457.47302083333,13.4189855473034%
573.678802795718,6464.72218005952,13.3790352735884%
573.881169901446,6415.18084077381,13.3140764704837%
574.083523648727,6410.17469494048,13.2712832541135%
574.285864035273,6430.42683035714,13.2231756763947%
574.488191058795,6429.8091889881,13.1583657484117%
574.690504717005,6426.07083333333,13.135309675295%
574.892805007615,6409.94714285714,13.0919983519622%
575.095091928336,6471.45122023809,13.0531497245515%
575.29736547688,6486.07956845238,13.0139646558269%
575.499625650958,6477.36757440476,12.9867426414162%
575.701872448282,6476.48987351191,12.9614323855175%
575.904105866564,6505.45400297619,12.9241475687692%
576.106325903515,6495.53923363095,12.8896375939108%
576.308532556847,6445.21771577381,12.8527197241573%
576.51072582427,6437.90354166667,12.838926540072%
576.712905703498,6456.23773809524,12.7960205988402%
576.915072192242,6440.76419642857,12.7613299193293%
577.117225288213,6427.53366815476,12.7043022991122%
577.319364989122,6425.7132514881,12.6583740295462%
577.521491292682,6445.7703422619,12.6373808754291%
577.723604196603,6450.5489360119,12.6050053647601%
577.925703698598,6436.66825892857,12.5664577310533%
578.127789796379,6425.7132514881,12.5197686975302%
578.329862487656,6435.49799107143,12.4773453833283%
578.531921770141,6407.15150297619,12.4435438884902%
578.733967641546,6409.58956101191,12.392756659371%
578.936000099583,6380.36537202381,12.3263455186388%
579.138019141963,6435.14040922619,12.3107776020948%
579.340024766397,6400.78004464286,12.260774452148%
579.542016970598,6356.66744791667,12.1920762659832%
579.743995752277,6346.94772321428,12.147651238664%
579.945961109145,6392.84822916667,12.1487159381191%
580.147913038915,6368.27260416667,12.1379755263694%
580.349851539297,6354.55446428571,12.0837178233504%
580.551776608003,6351.62879464286,12.019442532691%
580.753688242746,6341.58399553572,11.9958245484906%
580.955586441235,6317.10589285714,11.9566934542208%
581.157471201184,6331.66922619048,11.9091291255223%
581.359342520303,6327.47576636905,11.8882640595176%
581.561200396305,6320.22660714286,11.859680953033%
581.763044826901,6289.79964285714,11.791528270455%
581.964875809802,6270.91281994048,11.7526622425559%
582.16669334272,6267.17446428571,11.6924017577628%
582.368497423367,6284.79349702381,11.678937958894%
582.570288049454,6305.46822916667,11.649193019177%
582.772065218693,6272.27813244048,11.6216179395657%
582.973828928795,6249.39289434524,11.5947228546507%
583.175579177473,6310.89697172619,11.6151969398306%
583.377315962437,6252.25354910714,11.5871313308917%
583.5790392814,6236.48744047619,11.5580358352986%
583.780749132072,6237.43015625,11.5776326878751%
583.982445512165,6256.4145014881,11.5812503695694%
584.184128419392,6227.67792410714,11.5597964720014%
584.385797851463,6223.15938988095,11.5357704647724%
584.587453806091,6236.64997767857,11.5093157660753%
584.789096280986,6237.36514136905,11.5136282733259%
584.990725273861,6283.20063244048,11.4749088173459%
585.192340782427,6267.04443452381,11.4517559179945%
585.393942804395,6264.44383928572,11.4164638962442%
585.595531337478,6300.98220238095,11.3966617040482%
585.797106379386,6339.66605654762,11.4137028019712%
585.998667927832,6347.76040922619,11.4353030095279%
586.200215980527,6347.8904389881,11.4527747575313%
586.401750535182,6376.46447916667,11.4801961108357%
586.60327158951,6409.97965029762,11.4881501102722%
586.804779141221,6380.33286458333,11.479700205072%
587.006273188028,6411.83257440476,11.468869427546%
587.207753727642,6400.78004464286,11.4562587071955%
587.409220757774,6346.72017113095,11.4156882226184%
587.610674276137,6347.2077827381,11.3747724697055%
587.812114280441,6329.91382440476,11.3714676102955%
588.013540768399,6330.4014360119,11.3138813098557%
588.214953737721,6309.75921130952,11.3015103980514%
588.416353186121,6289.34453869048,11.2824702170304%
588.617739111308,6293.47298363095,11.245169040219%
588.819111510995,6291.16495535714,11.24385600811%
589.020470382894,6296.43116071429,11.2164945733289%
589.221815724715,6249.52292410714,11.1793921631009%
589.423147534171,6263.27357142857,11.171210950436%
589.624465808973,6284.85851190476,11.199326158412%
589.825770546834,6293.79805803571,11.1931867701785%
590.027061745463,6251.24581845238,11.1393694448552%
590.228339402573,6233.17168154762,11.1118404534467%
590.429603515876,6257.55226190476,11.0643486469478%
590.630854083083,6217.69813988095,11.0434438195995%
590.832091101905,6167.96175595238,10.9954178942599%
591.033314570055,6155.34886904762,10.9415772746955%
591.234524485244,6144.10129464286,10.9317392880352%
591.435720845183,6153.62597470238,10.9234732080372%
591.636903647585,6133.11377976191,10.8843238027244%
591.83807289016,6142.89851934524,10.8985492148702%
592.039228570621,6166.36889136905,10.9149611701151%
592.240370686678,6173.1304389881,10.9472614393516%
592.441499236044,6179.43688244048,10.905275322049%
592.64261421643,6174.69079613095,10.8679093617007%
592.843715625548,6199.42895833333,10.8863906359755%
593.044803461109,6198.29119791667,10.8707957846251%
593.245877720825,6184.60556547619,10.8460241536445%
593.446938402407,6196.79585565476,10.8586107294453%
593.647985503568,6202.0620610119,10.8414017719662%
593.849019022018,6192.43985863095,10.808757833894%
594.05003895547,6153.49594494048,10.7848194309221%
594.251045301634,6150.63529017857,10.7667297176241%
594.452038058223,6186.55601190476,10.7677690009743%
594.653017222948,6219.68109375,10.786874369982%
594.85398279352,6225.0123139881,10.744300326799%
595.054934767652,6226.44264136905,10.7487113215645%
595.255873143055,6242.66385416667,10.7821252376792%
595.45679791744,6227.80795386905,10.7546106894487%
595.657709088519,6236.58496279762,10.7572379501163%
595.858606654004,6231.74135416667,10.7791841393196%
596.059490611606,6257.29220238095,10.7686172001884%
596.260360959037,6219.97366071429,10.7007128363391%
596.461217694009,6209.53877232143,10.6782959705904%
596.662060814232,6187.95383184524,10.6703939236745%
596.862890317419,6198.90883928572,10.695308698881%
597.063706201281,6174.07315476191,10.6499468174439%
597.264508463531,6164.15838541667,10.6548357792648%
597.465297101878,6166.40139880952,10.6727119123173%
597.666072114036,6147.93717261905,10.6858326577252%
597.866833497715,6165.10110119048,10.6838220053889%
598.067581250628,6154.99128720238,10.6658322664476%
598.268315370485,6147.70962053571,10.6643612486161%
598.469035854999,6157.23430059524,10.6731748227756%
598.66974270188,6137.98989583333,10.6517052151965%
598.870435908842,6079.24895089286,10.61498123066%
599.071115473594,6085.13279761905,10.597110210263%
599.271781393849,6080.97184523809,10.5803527628235%
599.472433667319,6095.24261160714,10.5554061110496%
599.673072291715,6112.27651041667,10.5449174614269%
599.873697264748,6100.93141369048,10.5155108407573%
600.07430858413,6146.66938244048,10.4715704434307%
600.274906247574,6135.94192708333,10.4545490422031%
600.475490252789,6149.20496279762,10.4664547421269%
600.676060597489,6143.15857886905,10.4431880300006%
600.876617279384,6153.13836309524,10.4087118839339%
601.077160296186,6141.07810267857,10.3847587648585%
601.277689645608,6121.28107142857,10.3667935449369%
601.478205325359,6124.04420386905,10.3239712318825%
601.678707333153,6134.02398809524,10.304904674095%
601.8791956667,6151.48048363095,10.2654475463214%
602.079670323712,6116.50247767857,10.2611574089341%
602.280131301901,6113.93438988095,10.237058645285%
602.480578598978,6120.33835565476,10.2233333176399%
602.681012212655,6078.43626488095,10.1937375049823%
602.881432140644,6053.795625,10.1525438618509%
603.081838380656,6070.34191220238,10.1534212563991%
603.282230930403,6096.64043154762,10.1648601447935%
603.482609787596,6091.79682291667,10.1627940512615%
603.682974949946,6057.66401041667,10.1326742976067%
603.883326415167,6031.00790922619,10.1194701011383%
604.083664180968,6015.69690476191,10.1045792786739%
604.283988245063,6007.92762648809,10.0690110915716%
604.484298605161,5980.49134672619,10.0160326665581%
604.684595258976,5985.72504464286,9.97523052200541%
604.884878204218,6006.33476190476,9.96676233899286%
605.085147438599,6012.08857886905,9.97111566713113%
605.285402959831,6019.85785714286,9.91910586580171%
605.485644765625,6029.48005952381,9.89259980967055%
605.685872853693,6042.74309523809,9.89925912964138%
605.886087221747,6017.80988839286,9.87069147332357%
606.086287867497,6002.62891369048,9.8213546943765%
606.286474788657,5989.07331101191,9.78341766641547%
606.486647982936,5983.64456845238,9.77797254326471%
606.686807448048,5989.04080357143,9.74348256037035%
606.886953181703,6014.0715327381,9.72161365220497%
607.087085181613,6029.83764136905,9.70690316484709%
607.287203445489,6005.29452380952,9.66043962556653%
607.487307971045,6021.06063244048,9.61749843697136%
607.687398755989,6036.79423363095,9.56860054421981%
607.887475798036,6029.74011904762,9.55836758350133%
608.087539094895,6032.79581845238,9.52817916260955%
608.287588644279,6063.64537946429,9.52284491758627%
608.4876244439,6028.08223958333,9.52194808956776%
608.687646491468,6016.37956101191,9.49939794413109%
608.887654784695,5997.36270833333,9.47602131438721%
609.087649321294,5942.06755208333,9.43047302708042%
609.287630098975,5932.70540922619,9.3712602842184%
609.487597115451,5911.99816964286,9.33141143012973%
609.687550368432,5912.90837797619,9.32107804954043%
609.887489855631,5916.0290922619,9.2832617758308%
610.087415574759,5929.09708333333,9.24907084043378%
610.287327523527,5922.69311755952,9.23407524453773%
610.487225699648,5942.00253720238,9.20712884370553%
610.687110100833,5937.28895833333,9.18827482114569%
610.886980724793,5897.85743303572,9.13253668599899%
611.08683756924,5910.08023065476,9.13256645126958%
611.286680631885,5906.63444196429,9.12009886319773%
611.486509910441,5956.11076636905,9.0853490576168%
611.686325402619,5890.93334821429,9.07521758534306%
611.886127106129,5876.40252232143,9.05122493047146%
612.085915018686,5927.01660714286,9.03238441022325%
612.285689137998,5976.98054315476,9.01500403183832%
612.485449461779,5933.5180952381,8.96486076452566%
612.68519598774,5942.13256696429,8.93623565267235%
612.884928713592,5969.60135416667,8.93492924257427%
613.084647637046,5963.88004464286,8.9122798306915%
613.284352755816,6007.47252232143,8.90270339001449%
613.484044067612,6000.45091517857,8.91596770169781%
613.683721570145,6007.14744791667,8.91593095085816%
613.883385261128,6012.21860863095,8.90657743631968%
614.083035138272,5977.04555803571,8.863953513557%
614.282671199288,5971.97439732143,8.85554242729797%
614.482293441889,5970.41404017857,8.85826132782738%
614.681901863785,5952.53494791667,8.8404964624426%
614.881496462689,5941.22235863095,8.80527600583891%
615.081077236311,5943.56289434524,8.79946576434717%
615.280644182365,5950.8445610119,8.73571686173213%
615.48019729856,5962.83980654762,8.73375553797224%
615.679736582609,5894.57418154762,8.72831534161701%
615.879262032223,5908.90996279762,8.69927357500373%
616.078773645115,5883.78171130952,8.69358297882793%
616.278271418995,5844.9028125,8.66855776149193%
616.477755351575,5800.98526041667,8.6619966584405%
616.677225440567,5795.26395089286,8.63232132685747%
616.876681683682,5792.59834077381,8.64406313169154%
617.076124078632,5802.578125,8.61587207499263%
617.275552623128,5808.91707589286,8.59070398420297%
617.474967314883,5770.52578869048,8.56896265155223%
617.674368151607,5790.77792410714,8.58472280798985%
617.873755131013,5785.57673363095,8.56271160649751%
618.073128250811,5770.72083333333,8.52628202106941%
618.272487508714,5779.9204389881,8.51893603315629%
618.471832902434,5795.81657738095,8.51826958235536%
618.67116442968,5816.55632440476,8.51252184748222%
618.870482088167,5824.13055803571,8.47827832164231%
619.069785875604,5813.24056547619,8.46205679933979%
619.269075789703,5828.32401785714,8.4811065207851%
619.468351828177,5837.36108630952,8.4863040943279%
619.667613988736,5803.16325892857,8.45670531440395%
619.866862269093,5826.14601934524,8.46816079042408%
620.066096666958,5820.71727678571,8.47072079896444%
620.265317180044,5833.75276041667,8.43749292308621%
620.464523806062,5823.77297619048,8.41822336113199%
620.663716542724,5840.57932291667,8.39912078893654%
620.86289538774,5850.16901785714,8.40667646251279%
621.062060338824,5850.26654017857,8.4157639745186%
621.261211393686,5812.0052827381,8.40037564800034%
621.460348550039,5806.41400297619,8.42547868612808%
621.659471805593,5812.65543154762,8.43773539425713%
621.85858115806,5806.60904761905,8.4026573407607%
622.057676605152,5794.02866815476,8.4131360941399%
622.25675814458,5790.32281994048,8.43811970264813%
622.455825774057,5811.68020833333,8.46416680082269%
622.654879491293,5787.91726934524,8.41907691937193%
622.853919294,5773.9065625,8.39898926013601%
623.052945179891,5770.07068452381,8.42288754179155%
623.251957146675,5787.59219494048,8.42721661899744%
623.450955192066,5786.74700148809,8.4083298372557%
623.649939313774,5759.24570684524,8.41500110527812%
623.848909509512,5755.86493303571,8.41302376501761%
624.04786577699,5762.46394345238,8.44005847073756%
624.246808113921,5792.14323660714,8.43735583735674%
624.445736518015,5797.47445684524,8.44134963019508%
624.644650986986,5776.96226190476,8.43336744184649%
624.843551518543,5789.0550297619,8.445153363913%
625.0424381104,5836.06078869048,8.43315972873843%
625.241310760266,5837.88120535714,8.40136590491201%
625.440169465855,5859.92125,8.41270317729517%
625.639014224877,5873.08676339286,8.42689210805101%
625.837845035045,5886.77239583333,8.41981585075988%
626.036661894069,5862.03423363095,8.42678248758846%
626.235464799662,5862.13175595238,8.40763471032217%
626.434253749534,5894.73671875,8.39210567770102%
626.633028741398,5905.39915922619,8.35905508030136%
626.831789772966,5908.48736607143,8.37909657218095%
627.030536841948,5914.50124255952,8.37685200854848%
627.229269946056,5891.74603422619,8.37638940056969%
627.427989083003,5923.24574404762,8.39785916386493%
627.626694250499,5914.63127232143,8.39088082467189%
627.825385446256,5892.00609375,8.3729980541835%
628.024062667986,5899.48280505952,8.3594253717835%
628.2227259134,5881.31114583333,8.29265083425912%
628.42137518021,5862.06674107143,8.29174876442255%
628.620010466128,5829.13670386905,8.28590804123834%
628.818631768865,5898.57259672619,8.2982385687606%
629.017239086133,5844.22015625,8.25796802490898%
629.215832415643,5820.00211309524,8.26470324948528%
629.414411755106,5794.32123511905,8.22158644023276%
629.612977102236,5789.34759672619,8.21599991644796%
629.811528454742,5770.72083333333,8.18548820222708%
630.010065810338,5771.0459077381,8.14739915857982%
630.208589166733,5777.54739583333,8.1094855051515%
630.407098521641,5836.25583333333,8.11412621742427%
630.605593872772,5800.53015625,8.07146634096207%
630.804075217838,5757.97791666667,8.07449347385597%
631.00254255455,5752.38663690476,8.03496713827534%
631.200995880621,5734.57255952381,8.00750536097213%
631.399435193763,5752.15908482143,7.99053388304286%
631.597860491685,5712.10991815476,7.94351687124557%
631.796271772101,5692.67046875,7.93151522636072%
631.994669032721,5709.96442708333,7.9130827890598%
632.193052271257,5733.30476934524,7.90072185788041%
632.391421485422,5723.29247767857,7.92490706319702%
632.589776672926,5708.33905505952,7.90060874541954%
632.788117831481,5738.37593005952,7.87739139877397%
632.986444958798,5707.07126488095,7.88782578436592%
633.18475805259,5731.64688988095,7.89095358376287%
633.383057110568,5709.21675595238,7.85562569580798%
633.581342130443,5758.30299107143,7.86495328698911%
633.779613109928,5717.08355654762,7.84005416456942%
633.977870046733,5742.53688244048,7.81997483410691%
634.17611293857,5736.10040922619,7.82100613220282%
634.374341783151,5750.20863839286,7.83738573877555%
634.572556578188,5735.38524553571,7.83548840029831%
634.770757321391,5739.18861607143,7.84311691852255%
634.968944010473,5722.34976190476,7.82495981749365%
635.167116643146,5746.37276041667,7.82506074690935%
635.36527521712,5740.78148065476,7.82583199812824%
635.563419730108,5743.83718005952,7.79705994286924%
635.76155017982,5738.01834821429,7.78710306856186%
635.95966656397,5781.93590029762,7.75999881583232%
636.157768880267,5782.06593005952,7.73616237800781%
636.355857126425,5760.28594494048,7.7120358757129%
636.553931300154,5767.73014880952,7.68254813237512%
636.751991399166,5768.12023809524,7.65857603503361%
636.950037421172,5775.92202380952,7.66429883450641%
637.148069363885,5749.13589285714,7.61875212387158%
637.346087225015,5734.11745535714,7.58900484124898%
637.544091002275,5719.87919642857,7.57642659782945%
637.742080693376,5681.6179389881,7.580581067087%
637.940056296029,5688.57453125,7.57018899252243%
638.138017807947,5663.73884672619,7.5478357957667%
638.33596522684,5647.64766369048,7.51315299994686%
638.533898550421,5625.44508184524,7.48485443573453%
638.731817776401,5579.80463541667,7.44027273519202%
638.929722902491,5577.62663690476,7.41402642480088%
639.127613926404,5578.95944196429,7.40132015733301%
639.32549084585,5532.89639880952,7.39848249113312%
639.523353658542,5541.02325892857,7.36990129833374%
639.721202362191,5532.60383184524,7.35583873568114%
639.919036954508,5531.95368303571,7.3541071644369%
640.116857433205,5531.82365327381,7.35284582557235%
640.314663795995,5512.70927827381,7.35444240669951%
640.512456040587,5520.12097470238,7.3578629774082%
640.710234164694,5523.98936011905,7.3282971078518%
640.907998166028,5508.48331101191,7.31772677679306%
641.105748042301,5494.11502232143,7.28958620029878%
641.303483791222,5465.76853422619,7.25835053943521%
641.501205410505,5489.95406994048,7.23103200208316%
641.698912897862,5536.24466517857,7.22887845849803%
641.896606251002,5543.33128720238,7.20609466011567%
642.094285467639,5541.41334821429,7.18200151877241%
642.291950545484,5582.56776785714,7.17666936017042%
642.489601482248,5604.08769345238,7.17868205043098%
642.687238275643,5605.55052827381,7.14981944159008%
642.88486092338,5597.45617559524,7.12456166874854%
643.082469423171,5609.71148065476,7.12052811402942%
643.280063772728,5653.2064360119,7.08776459198193%
643.477643969763,5673.39355654762,7.07439257599399%
643.675210011986,5654.92933035714,7.05733063404043%
643.87276189711,5664.48651785714,7.05279071847638%
644.070299622846,5683.99098214286,7.03360598325416%
644.267823186906,5648.68790178572,7.0023013358295%
644.465332587,5626.71287202381,6.97903230293278%
644.662827820842,5608.86628720238,6.96130073111957%
644.860308886143,5602.42981398809,6.95778271068038%
645.057775780613,5603.95766369048,6.93336180369491%
645.255228501965,5582.53526041667,6.92808966416884%
645.45266704791,5586.40364583333,6.92344470324021%
645.650091416161,5587.18382440476,6.94067490679072%
645.847501604427,5538.13009672619,6.92610720874286%
646.044897610422,5524.24941964286,6.90524576187057%
646.242279431856,5562.83575148809,6.91258031221212%
646.439647066442,5535.82206845238,6.9137139088463%
646.637000511891,5514.65972470238,6.88277488913348%
646.834339765914,5542.03098958333,6.88876085735748%
647.031664826223,5591.31226934524,6.89283767515209%
647.228975690529,5604.28273809524,6.89376369400029%
647.426272356545,5564.78619791667,6.89714981161501%
647.623554821982,5566.44407738095,6.86330482604339%
647.820823084551,5567.58183779762,6.8441081232053%
648.018077141964,5552.07578869048,6.83359438513212%
648.215316991933,5512.22166666667,6.79414163767196%
648.412542632169,5508.51581845238,6.8020031544595%
648.609754060384,5528.47538690476,6.78642830659174%
648.80695127429,5534.03415922619,6.76675550205078%
649.004134271597,5511.70154761905,6.74946200467014%
649.201303050018,5498.1134375,6.75665860971019%
649.398457607264,5539.17033482143,6.75584662904387%
649.595597941047,5561.37291666667,6.7452008120419%
649.792724049079,5540.11305059524,6.73046085350121%
649.98983592907,5537.51245535714,6.69540292442219%
650.186933578733,5586.46866071429,6.71682701929743%
650.384016995779,5597.16360863095,6.69523913122303%
650.58108617792,5571.93783482143,6.64015206986398%
650.778141122868,5564.94873511905,6.63736321106319%
650.975181828333,5511.92909970238,6.60570977693782%
651.172208292028,5471.00223214286,6.5669654705327%
651.369220511664,5436.41431547619,6.54296705018189%
651.566218484953,5440.7703125,6.52638627012503%
651.763202209607,5460.59985119048,6.56571147749166%
651.960171683336,5441.90807291667,6.56867321760461%
652.157126903853,5441.81055059524,6.53542085599254%
652.354067868869,5449.83988839286,6.52748701529189%
652.550994576095,5458.35683779762,6.50557513097501%
652.747907023245,5479.87676339286,6.5250159639396%
652.944805208028,5485.04544642857,6.50638806903923%
653.141689128157,5503.37964285714,6.49287822739268%
653.338558781342,5530.8809375,6.46946291278614%
653.535414165297,5487.02840029762,6.42944653785664%
653.732255277732,5463.23295386905,6.42533989074837%
653.929082116359,5449.02720238095,6.41194007375671%
654.125894678889,5488.19866815476,6.41594521293377%
654.322692963035,5449.15723214286,6.36501068654538%
654.519476966507,5389.73363095238,6.35014853979303%
654.716246687017,5368.63630208333,6.35769141160314%
654.913002122278,5391.87912202381,6.3544106167057%
655.10974327,5426.14196428571,6.35510993782448%
655.306470127895,5417.72253720238,6.37518820676879%
655.503182693675,5411.12352678571,6.3387919742237%
655.699880965051,5427.63730654762,6.32471004163615%
655.896564939735,5405.95484375,6.26956667398311%
656.093234615439,5431.3431547619,6.25229147240273%
656.289889989874,5427.44226190476,6.24145897639034%
656.486531060751,5457.08904761905,6.23842590922016%
656.683157825783,5462.03017857143,6.2428347496795%
656.87977028268,5436.21927083333,6.21085226150076%
657.076368429156,5398.70568452381,6.19291389677996%
657.27295226292,5387.94572172619,6.18011791014434%
657.469521781685,5369.12391369048,6.16185686051489%
657.666076983162,5368.66880952381,6.1566811771203%
657.862617865063,5383.68724702381,6.12959921629642%
658.059144425099,5361.90726190476,6.07747779413586%
658.255656660983,5319.58257440476,6.05998170147469%
658.452154570425,5296.95739583333,6.05046955965547%
658.648638151138,5316.13678571429,6.02711250523637%
658.845107400832,5349.09933035714,5.99395117736012%
659.04156231722,5340.09476934524,5.96882838053494%
659.238002898013,5309.86284970238,5.93943998825754%
659.434429140922,5297.99763392857,5.90171484495873%
659.63084104366,5312.10586309524,5.9029811335416%
659.827238603938,5274.39723214286,5.88759086076958%
660.023621819467,5253.23488839286,5.86052409858551%
660.219990687959,5242.53994047619,5.8491879483831%
660.416345207126,5260.77661458333,5.8519993959746%
660.612685374679,5220.1423139881,5.85447769777553%
660.80901118833,5182.36866815476,5.80409089666897%
661.00532264579,5178.04517857143,5.79211552014268%
661.201619744771,5210.13002232143,5.80618356321145%
661.397902482985,5270.33380208333,5.80505423464263%
661.594170858143,5263.11715029762,5.77964639931004%
661.790424867957,5248.09871279762,5.74892884913626%
661.986664510139,5239.38671875,5.74448298215782%
662.182889782399,5272.77186011905,5.76664784863986%
662.37910068245,5274.68979910714,5.77056196234436%
662.575297208003,5289.09059523809,5.76801095251899%
662.77147935677,5276.70526041667,5.77270425327707%
662.967647126463,5251.73954613095,5.7873626759705%
663.163800514792,5225.0509375,5.79256708024393%
663.35993951947,5236.39603422619,5.7888487692118%
663.556064138208,5257.62339285714,5.79839518555667%
663.752174368718,5257.0057514881,5.78966512768224%
663.948270208712,5251.60951636905,5.79108357201031%
664.1443516559,5258.46858630952,5.79495416258682%
664.340418707995,5228.91932291667,5.78296331998015%
664.536471362708,5224.82338541667,5.76927199221446%
664.732509617751,5245.4005952381,5.74914411098326%
664.928533470835,5278.20060267857,5.78098983546535%
665.124542919672,5308.98514880952,5.77195265326622%
665.320537961974,5314.08881696429,5.74190188819221%
665.516518595452,5251.05688988095,5.73808580331206%
665.712484817818,5247.77363839286,5.75344612644702%
665.908436626782,5285.1246875,5.7874723638336%
666.104374020059,5280.28107886905,5.76854373022436%
666.300296995357,5268.83845982143,5.7479983263646%
666.49620555039,5275.89257440476,5.72734460770092%
666.692099682868,5264.74252232143,5.7294509643377%
666.887979390504,5287.69277529762,5.72757969894038%
667.083844671008,5301.93103422619,5.7296859687247%
667.279695522094,5308.30249255952,5.71609868138077%
667.475531941471,5349.55443452381,5.6851322286983%
667.671353926852,5352.12252232143,5.65847019712639%
667.867161475948,5331.70784970238,5.64077694683376%
668.062954586471,5347.70151041667,5.62399875242781%
668.258733256133,5348.41667410714,5.62971273477795%
668.454497482645,5390.77386904762,5.64810879728007%
668.650247263719,5346.30369047619,5.64218702199259%
668.845982597066,5329.75740327381,5.63570216685936%
669.041703480397,5317.40457589286,5.62879355285382%
669.237409911426,5276.28266369048,5.63175433105658%
669.433101887862,5256.71318452381,5.63109848050397%
669.628779407418,5266.92052083333,5.6041302238621%
669.824442467806,5275.04738095238,5.59672284763478%
670.020091066736,5276.60773809524,5.60034067501188%
670.215725201921,5282.2640327381,5.62530496213166%
670.411344871071,5291.00853422619,5.62579952081758%
670.6069500719,5314.80398065476,5.65154105959329%
670.802540802118,5331.57781994048,5.63005938797743%
670.998117059436,5308.95264136905,5.62024951567845%
671.193678841567,5310.15541666667,5.59289459180646%
671.389226146223,5312.49595238095,5.5996810523012%
671.584758971114,5275.50248511905,5.6385085436234%
671.780277313952,5265.32765625,5.64370031692517%
671.975781172449,5271.63409970238,5.65078611151163%
672.171270544316,5257.49336309524,5.64367063455585%
672.366745427266,5277.16036458333,5.64449749532583%
672.562205819009,5247.51357886905,5.60577971415359%
672.757651717257,5254.56769345238,5.62007283996698%
672.953083119722,5270.65887648809,5.63587307554778%
673.148500024116,5250.76432291667,5.63255647611118%
673.343902428149,5260.19148065476,5.63678098533419%
673.539290329535,5273.97463541667,5.64457114764659%
673.734663725983,5259.9964360119,5.66774057318642%
673.930022615206,5240.62200148809,5.67135643765673%
674.125366994916,5221.7676860119,5.65123325679431%
674.320696862824,5209.05727678571,5.62882041846105%
674.516012216641,5232.98275297619,5.6348800912193%
674.71131305408,5216.11139136905,5.62080915720317%
674.906599372851,5216.01386904762,5.62818042586829%
675.101871170667,5202.52328125,5.63683335002942%
675.297128445239,5215.81882440476,5.67265032622113%
675.492371194278,5248.58632440476,5.68281025001657%
675.687599415497,5251.77205357143,5.66822291493293%
675.882813106606,5238.34648065476,5.68027196496379%
676.078012265318,5237.24122767857,5.72156632690475%
676.273196889344,5268.70843005952,5.76489514847562%
676.468366976395,5230.41466517857,5.77768438510563%
676.663522524184,5250.34172619048,5.81096898842178%
676.858663530421,5267.99326636905,5.81765042753609%
677.053789992819,5239.58176339286,5.80406466551808%
677.248901909089,5253.13736607143,5.82663200397004%
677.443999276942,5251.67453125,5.8146646112049%
677.63908209409,5253.00733630952,5.84323903890702%
677.834150358245,5292.24381696429,5.84790214715112%
678.029204067119,5321.20794642857,5.86744499402315%
678.224243218422,5312.85353422619,5.87849927443329%
678.419267809867,5340.64739583333,5.93233000047921%
678.614277839165,5342.56533482143,5.93449021721516%
678.809273304028,5327.67692708333,5.94691892089992%
679.004254202168,5307.7823735119,5.96701961856393%
679.199220531295,5305.0517485119,5.98666997473835%
679.394172289121,5297.02241071429,5.98511297758772%
679.589109473359,5257.94846726191,5.98531504995984%
679.78403208172,5252.12963541667,6.00865261755064%
679.978940111915,5264.87255208333,6.01738537390953%
680.173833561656,5261.71933035714,5.9916246561334%
680.368712428654,5247.77363839286,5.98734510569921%
680.563576710622,5274.39723214286,6.00410029253631%
680.75842640527,5267.73320684524,6.0108374855458%
680.95326151031,5312.52845982143,6.05123432753364%
681.148082023455,5340.22479910714,6.07759571594983%
681.342887942415,5354.91816220238,6.07701741890075%
681.537679264902,5384.53244047619,6.12839264851263%
681.732455988627,5383.55721726191,6.16264589145241%
681.927218111303,5345.03590029762,6.21655689749075%
682.121965630641,5342.24026041667,6.24311153106883%
682.316698544353,5375.49537202381,6.296910467821%
682.511416850149,5377.99844494048,6.29846496918017%
682.706120545742,5343.21548363095,6.35219252282169%
682.900809628844,5346.79130208333,6.39091737332679%
683.095484097165,5411.05851190476,6.40764208021325%
683.290143948418,5434.26882440476,6.44115148232284%
683.484789180314,5431.73324404762,6.4904549252194%
683.679419790564,5451.23770833333,6.53588461855936%
683.874035776881,5454.81352678572,6.60365873283526%
684.068637136976,5473.24524553571,6.66026229939159%
684.26322386856,5481.85971726191,6.73171973026142%
684.457795969345,5502.37191220238,6.78772163411632%
684.652353437043,5507.70313244048,6.830100090636%
684.846896269365,5530.42583333333,6.90077998980496%
685.041424464023,5512.77429315476,6.93894023052067%
685.235938018728,5515.92751488095,6.99732472479293%
685.430436931193,5539.04030505952,7.04021484394083%
685.624921199128,5540.73069196429,7.11502022589893%
685.819390820245,5559.71503720238,7.16063653204787%
686.013845792256,5577.62663690476,7.1805607894039%
686.208286112873,5598.13883184524,7.2630406814002%
686.402711779806,5586.07857142857,7.32757717814337%
686.597122790768,5596.25340029762,7.41754216558128%
686.791519143471,5607.98858630952,7.50264737766604%
686.985900835625,5645.98978422619,7.60374772883948%
687.180267864943,5626.09523065476,7.71983476032295%
687.374620229135,5675.4740327381,7.82160804020101%
687.568957925914,5701.02488095238,7.91626557290141%
687.763280952992,5725.27543154762,8.00609222864268%
687.957589308079,5761.84630208333,8.09373305208213%
688.151882988888,5754.88970982143,8.19788261805687%
688.346161993129,5803.16325892857,8.29083996805855%
688.540426318516,5845.42293154762,8.41541173929102%
688.734675962758,5856.63799851191,8.57252392602971%
688.928910923568,5883.55415922619,8.69423445392789%
689.123131198658,5910.63285714286,8.79918353347638%
689.317336785738,5968.49610119048,8.94380700205943%
689.511527682521,5981.69412202381,9.10189859916092%
689.705703886719,6010.17063988095,9.20711834258487%
689.899865396042,6029.41504464286,9.3564577291992%
690.094012208202,6095.04756696429,9.57135549016519%
690.288144320911,6138.21744791667,9.72371410937472%
690.482261731881,6185.90586309524,9.89834813986426%
690.676364438824,6238.47039434524,10.0757509286069%
690.870452439449,6327.60579613095,10.2450815894309%
691.064525731471,6366.09460565476,10.4122030708147%
691.258584312599,6400.16240327381,10.584634749482%
691.452628180545,6424.38044642857,10.7645750558102%
691.646657333022,6487.11980654762,10.967546068317%
691.840671767741,6547.58364583333,11.1923093532295%
692.034671482413,6565.75530505952,11.4160468402088%
692.228656474749,6649.33193452381,11.6331513752714%
692.422626742463,6708.88556547619,11.8540991057561%
692.616582283264,6758.19935267857,12.0725047553704%
692.810523094865,6827.70026041667,12.2786828306837%
693.004449174978,6888.19660714286,12.5171931802013%
693.198360521313,6961.30584077381,12.7686347599603%
693.392257131583,6990.75758184524,13.0518967811775%
693.586139003499,7038.38098214286,13.3097952747115%
693.780006134773,7096.56930059524,13.5868214825134%
693.973858523116,7152.02699404762,13.8336720791548%
694.16769616624,7213.66110119048,14.0551473104477%
694.361519061856,7274.18995535714,14.3135673644179%
694.555327207677,7338.74973214286,14.5648196002291%
694.749120601413,7380.26173363095,14.8249759384695%
694.942899240777,7416.18245535714,15.0960948838327%
695.136663123479,7472.64787946429,15.3795501348421%
695.330412247232,7540.03580357143,15.6760783042282%
695.524146609747,7650.49608630952,15.9860975878924%
695.717866208735,7703.35318452381,16.2753861661035%
695.91157104191,7744.63763392857,16.5786696301888%
696.10526110698,7827.3365625,16.8510940516751%
696.29893640166,7892.31893601191,17.1879984999524%
696.492596923659,7964.81052827381,17.4921022491284%
696.68624267069,8007.39527529762,17.7753174788686%
696.879873640464,8056.31897321429,18.0909285645283%
697.073489830693,8101.43930059524,18.3909528060849%
697.267091239089,8151.98837053571,18.7216794233359%
697.460677863362,8243.04171130952,19.0096422266996%
697.654249701225,8328.34123511905,19.3233211383939%
697.84780675039,8407.49685267857,19.6410331241792%
698.041349008567,8495.55950892857,19.9754358384099%
698.234876473469,8543.24792410714,20.2959462855105%
698.428389142807,8612.2612202381,20.6413000129192%
698.621887014292,8695.35023809524,20.9889032200051%
698.815370085636,8758.96729910715,21.3360590279731%
699.008838354552,8834.9371875,21.6704415964436%
699.20229181875,8912.36991071429,21.994090333474%
699.395730475942,9004.46348958334,22.334668703752%
699.589154323839,9060.18124255952,22.6088402117774%
699.782563360154,9145.05816964286,22.9359879067762%
699.975957582597,9245.31111607143,23.2728780126024%
700.169336988881,9340.36287202381,23.6072875179113%
700.362701576717,9409.31115327381,23.9102188802754%
700.556051343816,9453.32622767857,24.2496676569853%
700.749386287891,9541.87649553571,24.6009172304665%
700.942706406653,9646.94054315476,24.9433324341844%
701.136011697812,9749.50151785714,25.3131798858956%
701.329302159082,9829.98994047619,25.6391578222188%
701.522577788174,9897.57290922619,25.9658094557695%
701.715838582798,10009.6910714286,26.3257642624428%
701.909084540668,10110.6266741071,26.6836054083386%
702.102315659493,10181.4928943452,27.0177898518973%
702.295531936987,10277.4873660714,27.3901319434237%
702.48873337086,10376.4725223214,27.7573937473577%
702.681919958825,10467.2658035714,28.1221091581869%
702.875091698592,10538.2945610119,28.4646626688566%
703.068248587873,10622.1637574405,28.8409539508592%
703.261390624381,10713.0220535714,29.1748743377259%
703.454517805826,10821.2393229167,29.5202293976613%
703.64763012992,10877.2496428571,29.9140651881178%
703.840727594375,10961.6714657738,30.2926416195121%
704.033810196902,11037.5763392857,30.6461524519924%
704.226877935214,11128.4346354167,31.0175551837477%
704.41993080702,11227.8748958333,31.3922810831621%
704.612968810034,11297.3758035714,31.7673273630152%
704.805991941967,11460.3356026786,32.1345420320008%
704.99900020053,11572.6163020833,32.4727868629749%
705.191993583434,11656.0303943452,32.8505369358352%
705.384972088393,11750.2694642857,33.2326733304344%
705.577935713116,11840.1200297619,33.6254819744052%
705.770884455316,11923.1440327381,33.9849670969142%
705.963818312705,11998.6913244048,34.3382124743324%
706.156737282993,12099.8544791667,34.7263358681265%
706.349641363893,12181.9357663691,35.0948636335268%
706.542530553116,12245.0652157738,35.4233380390599%
706.735404848374,12306.24421875,35.7595884335639%
706.928264247378,12418.7199627976,36.1534735804489%
707.12110874784,12486.3679464286,36.5101714324685%
707.313938347471,12571.732485119,36.9295843889021%
707.506753043984,12612.009203869,37.3055543708506%
707.699552835089,12704.980483631,37.6880061567438%
707.892337718498,12771.4907068452,38.0464140665245%
708.085107691924,12881.8859747024,38.4471023779012%
708.277862753076,12948.2011532738,38.8054640573532%
708.470602899668,13021.7654910714,39.1589058079962%
708.663328129411,13113.891577381,39.5819875625828%
708.856038440015,13120.9131845238,39.9904431115517%
709.048733829194,13172.9575967262,40.3751702887955%
709.241414294658,13241.5808035714,40.7041135853074%
709.434079834119,13342.2238392857,41.1051420676741%
709.626730445289,13430.1889732143,41.4631709078866%
709.819366125879,13492.018125,41.8261616475805%
710.011986873601,13555.0175446429,42.1914462030741%
710.204592686166,13598.6100223214,42.5237563882575%
710.397183561287,13694.6370014881,42.9083479643366%
710.589759496673,13788.225922619,43.324742489209%
710.782320490039,13866.79640625,43.6787578851885%
710.974866539094,13976.4440029762,43.9986783876329%
711.16739764155,14075.8842633929,44.40411927346%
711.35991379512,14127.5060788691,44.742240297061%
711.552414997514,14204.646235119,45.0835731735766%
711.744901246444,14338.4793675595,45.4410510103005%
711.937372539622,14405.5097098214,45.8048733677741%
712.12982887476,14455.8312276786,46.1122514606899%
712.322270249568,14529.7856547619,46.4775862019576%
712.514696661759,14608.5511830357,46.8423141793857%
712.707108109045,14702.5952083333,47.1258537759572%
712.899504589136,14763.6766889881,47.4407540806846%
713.091886099744,14840.946875,47.7914584794768%
713.284252638582,14923.6783110119,48.1474360262065%
713.47660420336,14959.0789136905,48.4969384605445%
713.66894079179,15031.2779389881,48.8528968339436%
713.861262401584,15099.5760714286,49.1949838594515%
714.053569030454,15183.7703422619,49.5355014717496%
714.24586067611,15277.7818601191,49.9163545532155%
714.438137336265,15298.4240848214,50.2531454562438%
714.630399008631,15364.9993229167,50.607644382058%
714.822645690917,15471.786264881,50.9764950376494%
715.014877380838,15528.3492113095,51.349483260878%
715.207094076103,15601.4259375,51.6579323693203%
715.399295774425,15696.2176339286,52.0407281027367%
715.591482473515,15780.8670089286,52.4515996907918%
715.783654171084,15813.5369866071,52.8605640914665%
715.975810864845,15929.4260119048,53.2670917903403%
716.167952552509,16014.7255357143,53.6609668712932%
716.360079231788,16128.2415178571,54.0514798022209%
716.552190900393,16203.593764881,54.4467646352785%
716.744287556035,16255.6381770833,54.8829714226146%
716.936369196427,16347.8942931548,55.2726055738104%
717.128435819279,16427.7000595238,55.6446502806484%
717.320487422305,16514.5599404762,56.0384797899836%
717.512524003214,16609.2541145833,56.4350294303926%
717.704545559719,16673.9114136905,56.8006979026571%
717.896552089531,16753.8472098214,57.2232514345506%
718.088543590363,16810.3776488095,57.5820716446945%
718.280520059924,16898.7328720238,57.9707611030005%
718.472481495928,17024.4391443452,58.3610694987672%
718.664427896086,17114.3222172619,58.6716932281371%
718.856359258109,17149.625297619,59.0467272271133%
719.048275579709,17196.1109375,59.3771747455958%
719.240176858597,17266.2619940476,59.7248124118971%
719.432063092485,17350.5862946429,60.0607410111334%
719.623934279085,17409.1321949405,60.3650609554804%
719.815790416109,17464.1347842262,60.695051494232%
720.007631501267,17499.9904910714,60.9831489849747%
720.199457532271,17572.8071577381,61.3308662722101%
720.391268506834,17585.972671131,61.7051548808722%
720.583064422667,17656.6438467262,62.0390236033407%
720.77484527748,17756.7342559524,62.3520493149399%
720.966611068987,17826.7227752976,62.664093514041%
721.158361794898,17865.6666889881,63.0293439342804%
721.350097452925,17932.69703125,63.347418433177%
721.54181804078,17985.1640401786,63.6062690660113%
721.733523556174,18024.6280729167,63.9112778817645%
721.925213996819,18101.1830952381,64.1868860211453%
722.116889360426,18168.831078869,64.5581759294941%
722.308549644707,18229.9450669643,64.8543577931047%
722.500194847374,18309.4257589286,65.0933943455775%
722.691824966138,18366.7363764881,65.4329254383706%
722.883439998712,18428.988125,65.6795555719069%
723.075039942805,18504.6004315476,66.0147786806411%
723.266624796131,18541.4313616071,66.3340501918998%
723.4581945564,18577.3195758929,66.6194477153406%
723.649749221324,18643.4397098214,66.9517979067735%
723.841288788615,18713.5257514881,67.228328057911%
724.032813255985,18780.5886011905,67.5853592884335%
724.224322621144,18846.1886160714,67.9009350218961%
724.415816881806,18932.0732738095,68.1135699719716%
724.60729603568,18960.4197619048,68.431728139344%
724.798760080479,19010.61125,68.7192505593505%
724.990209013915,19049.9452529762,69.0430062989998%
725.181642833698,19123.6721279762,69.2888236928972%
725.373061537542,19179.3898809524,69.5899577357301%
725.564465123156,19229.5488616071,69.8721614601949%
725.755853588253,19297.5219196429,70.2176048120157%
725.947226930545,19334.4503720238,70.4925029248144%
726.138585147742,19372.1590029762,70.7862735522911%
726.329928237558,19404.1138169643,71.1038116397497%
726.521256197702,19408.6973660714,71.442277612883%
726.712569025887,19446.7310714286,71.7014122998642%
726.903866719824,19505.5045238095,72.0806529563445%
727.095149277226,19552.9653869048,72.4086158544467%
727.286416695803,19638.1673883929,72.7366907945978%
727.477668973267,19671.7150669643,73.0358804767197%
727.66890610733,19692.9749330357,73.3173906946658%
727.860128095703,19723.7919866071,73.6167611342144%
728.051334936098,19757.4696949405,73.8889602393346%
728.242526626227,19763.9061681548,74.1309409545494%
728.433703163801,19785.7186607143,74.4643679693561%
728.624864546532,19863.8015327381,74.7059732422017%
728.816010772131,19884.3462351191,74.9592571536858%
729.007141838309,19911.5549627976,75.157580306442%
729.19825774278,19929.3040252976,75.434936002003%
729.389358483254,19956.6752901786,75.6794268472499%
729.580444057442,20012.5230729167,75.9605420304565%
729.771514463056,20069.0535119048,76.1891585772818%
729.962569697809,20091.1910788691,76.4557736845391%
730.153609759411,20163.5851488095,76.6764718875533%
730.344634645574,20202.4315401786,76.9023831927493%
730.53564435401,20249.7298660714,77.1591580677034%
730.72663888243,20263.968125,77.4130028649966%
730.917618228546,20287.8285863095,77.5820863551516%
731.10858239007,20302.3594122024,77.7296906850472%
731.299531364712,20293.7774479167,77.9381920515996%
731.490465150186,20331.9736904762,78.1713684281587%
731.681383744201,20383.9205803571,78.3755526897568%
731.872287144471,20449.585610119,78.6193692724691%
732.063175348706,20470.3903720238,78.7595137916351%
732.254048354618,20504.7507366071,78.9815029844066%
732.444906159919,20562.0613541667,79.1543656202114%
732.63574876232,20577.924985119,79.3587944039117%
732.826576159533,20590.342827381,79.5339965834441%
733.017388349269,20622.1025967262,79.7566291374669%
733.208185329241,20653.76484375,79.9204848229929%
733.398967097159,20713.83859375,80.175094143296%
733.589733650735,20721.5428571429,80.3543991354757%
733.780484987682,20716.8942931548,80.532721031722%
733.971221105709,20774.0098660714,80.6761522747452%
734.16194200253,20807.1349479167,80.8851642664197%
734.352647675855,20830.637827381,81.0383360991398%
734.543338123397,20838.4721205357,81.1761904094813%
734.734013342867,20902.0566741071,81.3546046279859%
734.924673331976,20951.6955357143,81.5617068812135%
735.115318088435,20960.6350818452,81.743121842538%
735.305947609958,20990.7044642857,81.9038167772176%
735.496561894255,21032.1189434524,82.0277792520394%
735.687160939038,21063.1635491071,82.1904389939072%
735.877744742018,21039.3030877976,82.3070992119285%
736.068313300907,21058.8075520833,82.4567552554784%
736.258866613416,21072.6557217262,82.5721673041889%
736.449404677258,21087.5766369048,82.7101844934067%
736.639927490144,21091.8351116071,82.8433938079583%
736.830435049785,21124.6026116071,83.0069593340872%
737.020927353893,21142.54671875,83.17825403481%
737.21140440018,21195.5338467262,83.3592850218167%
737.401866186357,21156.7849776786,83.3911214777%
737.592312710136,21173.0712053571,83.5174719389119%
737.782743969228,21223.2626934524,83.6301462515376%
737.973159961345,21229.5691369048,83.8138418581798%
738.163560684199,21186.3992559524,83.8732595158544%
738.3539461355,21218.5166071429,84.0538236438903%
738.544316312962,21260.8412946429,84.1978616376019%
738.734671214295,21272.8040327381,84.3123201252867%
738.925010837211,21248.0008556548,84.4125605589351%
739.115335179422,21270.3334672619,84.5454502355438%
739.305644238638,21284.7992782738,84.6087526023046%
739.495938012573,21296.4369419643,84.7211031452176%
739.686216498937,21290.4880803571,84.8200783816951%
739.876479695442,21274.3968973214,84.8738137349993%
740.066727599799,21334.8607366071,85.0125137587906%
740.25696020972,21383.1667931548,85.138185928659%
740.447177522918,21369.5786830357,85.2585667406836%
740.637379537102,21382.0290327381,85.3552701222778%
740.827566249986,21411.9683854167,85.458137858953%
741.01773765928,21424.7763169643,85.4944331130337%
741.207893762696,21387.7503422619,85.5633342994831%
741.398034557946,21388.0429092262,85.6671698582402%
741.588160042741,21382.6466741071,85.7679564359722%
741.778270214794,21397.0474702381,85.8953990544294%
741.968365071814,21371.2365625,85.9771453805957%
742.158444611515,21413.9838467262,86.1259454558851%
742.348508831608,21382.906733631,86.1612277603192%
742.538557729804,21360.6066294643,86.233289848026%
742.728591303814,21312.3655877976,86.3132056788663%
742.918609551352,21314.4135565476,86.4014315807091%
743.108612470127,21343.8002827381,86.4928188752711%
743.298600057852,21346.6284300595,86.5742382146472%
743.488572312238,21329.7570684524,86.6677204573021%
743.678529230998,21316.7865997024,86.6844205572612%
743.868470811841,21379.4284375,86.8108639229971%
744.058397052481,21374.9424107143,86.8868101513123%
744.248307950629,21337.3963169643,86.9034821295583%
744.438203503996,21330.5372470238,86.9306038722096%
744.628083710293,21344.4179241071,87.0042740661742%
744.817948567234,21354.8203050595,87.0698493629896%
745.007798072528,21332.6177232143,87.1527105458841%
745.197632223888,21346.725952381,87.2379259085588%
745.387451019025,21335.9009747024,87.289008224606%
745.577254455651,21340.582046131,87.3806599364825%
745.767042531478,21311.1628125,87.3927133169289%
745.956815244216,21302.1907589286,87.3768124936712%
746.146572591578,21292.4060193452,87.3711314924714%
746.336314571276,21330.1796651786,87.4388614618304%
746.52604118102,21323.515639881,87.4630114566285%
746.715752418523,21331.3174255952,87.5507138844256%
746.905448281496,21356.9332886905,87.591696760963%
747.09512876765,21317.4692559524,87.621735853518%
747.284793874698,21307.1643973214,87.7025547625231%
747.47444360035,21296.82703125,87.7591195941653%
747.664077942319,21292.5685565476,87.8465170258223%
747.853696898316,21243.6123511905,87.9214132027403%
748.043300466053,21198.9471279762,88.0064004654884%
748.23288864324,21167.3498958333,88.1135650864316%
748.422461427591,21188.6747767857,88.2164084850213%
748.612018816816,21173.3962797619,88.2255238524643%
748.801560808627,21123.7249107143,88.2944320860586%
748.991087400736,21118.1336309524,88.3341641741442%
749.180598590854,21120.1490922619,88.3996543968676%
749.370094376692,21146.3175818452,88.5017938348072%
749.559574755963,21119.9215401786,88.4527051932305%
749.749039726378,21104.7080580357,88.529175057021%
749.938489285649,21127.0081622024,88.624577810682%
750.127923431487,21132.4694122024,88.7264349816298%
750.317342161604,21087.5766369048,88.7998712783003%
750.50674547371,21063.4886235119,88.8384139999597%
750.69613336552,21056.467016369,88.8084697017775%
750.885505834742,21053.7363913691,88.880409348861%
751.07486287909,21070.4777232143,88.9972880580342%
751.264204496274,21036.8325223214,89.0274814020113%
751.453530684007,21035.0446130952,89.0121540331131%
751.64284144,21034.4919866071,89.0346055533449%
751.832136761964,21013.2971354167,89.0012906708958%
752.021416647612,20997.1734449405,88.954435083113%
752.210681094654,20999.7740401786,89.0145606043961%
752.399930100803,20967.2665997024,88.9984440535787%
752.589163663769,20930.0455803571,88.9642445994447%
752.778381781266,20914.5720386905,88.9544062444947%
752.967584451003,20901.504047619,88.9586560370261%
753.156771670693,20872.6699479167,88.9466599446281%
753.345943438047,20824.6889657738,88.8332888570851%
753.535099750777,20814.7416889881,88.8465182257162%
753.724240606595,20772.5795386905,88.7773175649899%
753.913366003212,20728.6944940476,88.7200770391076%
754.10247593834,20648.1410565476,88.5816739459541%
754.29157040969,20593.7561086309,88.4342983230663%
754.480649414974,20561.3786979167,88.3521853009362%
754.669712951903,20516.9085193452,88.2449450235491%
754.85876101819,20427.6430877976,88.0797287578341%
755.047793611545,20375.24109375,87.8957226903573%
755.23681072968,20374.7534821429,87.7215938810334%
755.425812370308,20364.8062053571,87.6817515441371%
755.614798531139,20323.7818154762,87.6450139942373%
755.803769209885,20305.4151116071,87.5461632449362%
755.992724404257,20271.2172842262,87.4950859018836%
756.181664111968,20239.8476041667,87.3221613047826%
756.370588330729,20194.7597842262,87.2087967452181%
756.559497058252,20152.7926785714,87.1165517026987%
756.748390292247,20146.0636383929,86.9823732233301%
756.937268030427,20130.6876190476,86.9735649912506%
757.126130270504,20082.6091145833,86.8153375464633%
757.314977010188,20050.0691666667,86.7858794832571%
757.503808247192,20063.8523214286,86.728438960255%
757.692623979226,20029.9795684524,86.6343968493555%
757.881424204004,19998.3173214286,86.5887551763431%
758.070208919236,19985.4118675595,86.5994178721925%
758.258978122633,20012.06796875,86.59998573856%
758.447731811908,20029.5244642857,86.6019627099048%
758.636469984772,20006.7692559524,86.6098956545078%
758.825192638937,19993.9938318452,86.703385909936%
759.013899772114,19989.3777752976,86.7544539116963%
759.202591382015,19945.232671131,86.8410779774357%
759.391267466351,19912.0100669643,86.8545621576892%
759.579928022834,19920.9821205357,86.8576681584455%
759.768573049176,19927.2885639881,86.9037583421145%
759.957202543088,19932.0021428571,86.9342768058324%
760.145816502282,19926.7684449405,86.9880531066847%
760.334414924469,19909.6370238095,87.0761252684033%
760.522997807362,19938.406108631,87.1999435561396%
760.711565148671,19911.4574404762,87.3083544554385%
760.900116946108,19897.7718080357,87.3173510327406%
761.088653197385,19903.2330580357,87.4739146917416%
761.277173900213,19928.0037276786,87.5700944523854%
761.465679052305,19878.8524776786,87.6800440290094%
761.654168651371,19892.9932142857,87.8333724594689%
761.842642695123,19878.1373139881,87.9426711768761%
762.031101181273,19908.9543675595,88.0721188343609%
762.219544107532,19944.6800446429,88.2144037442947%
762.407971471613,19911.4574404762,88.3582863786782%
762.596383271226,19922.022358631,88.4402404177751%
762.784779504083,19947.6707291667,88.5297820371652%
762.973160167896,19981.2834226191,88.682012461652%
763.161525260376,19980.1781696429,88.7742960569122%
763.349874779235,19963.7294047619,88.8904483262439%
763.538208722185,19959.6334672619,89.0228763645733%
763.726527086937,19946.0778645833,89.0413603704064%
763.914829871203,19910.8072916667,89.1888324561039%
764.103117072694,19904.3383110119,89.3306352705883%
764.291388689122,19926.118296131,89.4008413701484%
764.479644718198,19898.8770610119,89.500640437496%
764.667885157635,19886.3942038691,89.5461903635934%
764.856110005144,19861.265952381,89.6268977631358%
765.044319258436,19843.8419642857,89.675441397874%
765.232512915222,19847.0602008929,89.7513615826331%
765.420690973216,19835.1949851191,89.7662894702171%
765.608853430127,19839.5509821429,89.8334313795562%
765.797000283668,19866.1420684524,89.8558516240546%
765.985131531551,19829.7662425595,89.8730342895538%
766.173247171486,19762.6383779762,89.8874089336964%
766.361347201186,19727.2377752976,89.8224725641091%
766.549431618362,19727.1402529762,89.9103838450961%
766.737500420726,19709.1961458333,89.9083382286114%
766.925553605989,19646.781860119,89.874298445431%
767.113591171863,19637.1596577381,89.9394476334163%
767.301613116059,19626.0746205357,89.9614989065987%
767.48961943629,19602.9943377976,89.9408394037088%
767.677610130266,19571.6571651786,90.0650719628118%
767.8655851957,19554.9483407738,89.9256929486559%
768.053544630302,19543.5057217262,89.8892026209169%
768.241488431785,19521.5957068452,89.9778685797385%
768.42941659786,19492.8591294643,89.9764175240836%
768.617329126239,19468.6085788691,90.0307358592531%
768.805226014633,19499.0030357143,90.0155643046098%
768.993107260754,19532.6807440476,90.0237859936946%
769.180972862313,19464.9027306548,90.0559132497458%
769.368822817023,19463.6024330357,90.0705732522476%
769.556657122594,19480.8313764881,90.0594065384935%
769.744475776738,19451.0545610119,90.1283150898697%
769.932278777167,19452.3873660714,90.1435088170546%
770.120066121593,19425.5037127976,90.1525241024456%
770.307837807727,19454.1102604167,90.288366303758%
770.49559383328,19415.7189732143,90.26890574338%
770.683334195965,19378.6929985119,90.2551162162265%
770.871058893492,19355.8727752976,90.2427317608338%
771.058767923574,19367.3479017857,90.2321075795367%
771.246461283922,19354.0198511905,90.2229868552705%
771.434138972248,19316.8313392857,90.2065571325595%
771.621800986262,19284.1938690476,90.1984242442804%
771.809447323678,19288.0622544643,90.3065627912864%
771.997077982206,19269.1429241071,90.314584953297%
772.184692959558,19226.5906845238,90.2548699707715%
772.372292253446,19216.5133779762,90.268795181418%
772.559875861581,19229.1587723214,90.2509869896383%
772.747443781675,19172.8558854167,90.3103996914324%
772.934996011439,19121.1040401786,90.3306064498681%
773.122532548585,19116.8130580357,90.2867033466451%
773.310053390825,19113.1072098214,90.3419306838614%
773.49755853587,19032.2612053571,90.3479151869404%
773.685047981431,18982.7198660714,90.331433724917%
773.872521725221,18938.6722842262,90.3174346558317%
774.059979764952,18944.7511755952,90.3054249445648%
774.247422098333,18961.5575223214,90.2878070218272%
774.434848723079,18929.37515625,90.3117591368235%
774.622259636898,18925.7668303571,90.3415665658316%
774.809654837504,18919.6879389881,90.3913040919497%
774.997034322608,18894.5271800595,90.3907956563418%
775.184398089922,18845.4409449405,90.3330114216368%
775.371746137157,18824.0185416667,90.3738396907024%
775.559078462024,18812.1533258929,90.3548122371359%
775.746395062236,18772.9168452381,90.3594832539286%
775.933695935504,18747.3985044643,90.3861333059017%
776.12098107954,18721.0999851191,90.3799604628775%
776.308250492054,18705.7889806548,90.3818260105204%
776.49550417076,18658.0030431548,90.3692043503149%
776.682742113367,18632.2896577381,90.3529477325287%
776.869964317589,18602.5453497024,90.2962387441231%
777.057170781136,18614.735639881,90.3486479369968%
777.24436150172,18587.6244345238,90.3319376078757%
777.431536477054,18574.0038169643,90.3511912023214%
777.618695704847,18568.5100595238,90.3538736168516%
777.805839182812,18565.3893452381,90.3423709085071%
777.992966908661,18522.51203125,90.3091834807453%
778.180078880105,18432.5314360119,90.2401085036081%
778.367175094856,18422.779203869,90.2557088295489%
778.554255550625,18422.1290550595,90.2903389912628%
778.741320245124,18410.4263764881,90.2521612813939%
778.928369176064,18355.878891369,90.1805135966945%
779.115402341158,18352.4005952381,90.2469958729342%
779.302419738116,18348.4346875,90.2131804576125%
779.489421364651,18351.5228943452,90.2847445225803%
779.676407218473,18332.9611458333,90.2940158410197%
779.863377297295,18297.1054389881,90.2486860293009%
780.050331598828,18294.2447842262,90.2202866340921%
780.237270120784,18269.3765922619,90.2301955679986%
780.424192860874,18251.9526041667,90.2637869041323%
780.61109981681,18222.6959077381,90.207252184195%
780.797990986303,18210.603139881,90.2336696542051%
780.984866367065,18180.9238467262,90.233981600285%
781.171725956809,18134.4056994048,90.2449745243829%
781.358569753244,18119.3547544643,90.1772321373228%
781.545397754083,18105.9291815476,90.157910418115%
781.732209957038,18066.49765625,90.189357279489%
781.91900635982,18033.795171131,90.200828724694%
782.10578696014,18014.7458110119,90.1923608642415%
782.292551755711,17975.0542261905,90.2013557034118%
782.479300744244,17924.1475744048,90.191970182955%
782.66603392345,17868.7874032738,90.2349860714913%
782.852751291041,17842.3588541667,90.2772569680846%
783.039452844728,17836.4099925595,90.2454425307852%
783.226138582224,17813.8498288691,90.3044058464416%
783.41280850124,17759.5949107143,90.2003240536161%
783.599462599487,17742.91859375,90.172434862857%
783.786100874678,17726.6648735119,90.1925524437887%
783.972723324522,17700.4963839286,90.1857923959064%
784.159329946733,17663.9255133929,90.1179397986517%
784.345920739022,17647.34671875,90.0812071109718%
784.532495699101,17627.0945833333,90.1000543358294%
784.71905482468,17608.7603869048,90.130476571205%
784.905598113472,17548.4590848214,90.0812322064815%
785.092125563188,17524.8586830357,90.0567648314128%
785.27863717154,17518.3571949405,90.0513546032147%
785.465132936239,17505.5167559524,90.1173537469024%
785.651612854998,17482.3064434524,90.0870732947342%
785.838076925527,17438.2588616071,90.0913464741035%
786.024525145538,17434.7480580357,90.1356193527825%
786.210957512743,17426.0035565476,90.1606819764897%
786.397374024853,17399.4449776786,90.1569205370996%
786.58377467958,17389.7902678571,90.1151112150099%
786.770159474636,17450.124077381,90.1332512080229%
786.956528407732,17430.4245684524,90.1702108231386%
787.14288147658,17380.2655877976,90.0483544248655%
787.329218678891,17375.2269345238,90.1016779036024%
787.515540012378,17362.9391220238,90.1419882733876%
787.70184547475,17323.8001636905,90.1574613358576%
787.888135063721,17285.1813244048,90.2567077847444%
788.074408777002,17251.2110491071,90.2790774481202%
788.260666612304,17227.7731845238,90.2495686821308%
788.446908567339,17225.6927083333,90.3300217625931%
788.633134639818,17158.4348139881,90.2612926690796%
788.819344827454,17141.2708854167,90.2441408419416%
789.005539127957,17143.9039880952,90.2365355894025%
789.19171753904,17107.0080431548,90.1832606745885%
789.377880058414,17061.8552083333,90.1162491928691%
789.56402668379,17036.4343898809,90.1446895338925%
789.75015741288,17029.2827529762,90.1924202434797%
789.936272243396,17011.3061383929,90.2116859635923%
790.12237117305,17001.8139657738,90.1527368252962%
790.308454199552,16973.7925520833,90.0842855985088%
790.494521320615,16968.4613318452,90.1116520946889%
790.68057253395,16882.4141369048,90.061232507417%
790.866607837268,16825.5586235119,90.0033224318393%
791.052627228282,16822.5029241071,90.0332646919056%
791.238630704703,16781.8686235119,90.0268845234911%
791.424618264243,16751.8642559524,89.9796985403364%
791.610589904612,16765.5823958333,90.0059749234959%
791.796545623523,16764.1520684524,89.9468782746464%
791.982485418688,16754.367328869,89.9529760239146%
792.168409287817,16703.6232142857,89.9602612186863%
792.354317228623,16673.3587872024,89.92127204679%
792.540209238817,16684.7363913691,89.9815803511588%
792.72608531611,16673.5538318452,90.0495662666542%
792.911945458215,16651.8063541667,90.0440584921546%
793.097789662843,16628.758578869,90.0998664642706%
793.283617927705,16621.4769122024,90.1302776851501%
793.469430250513,16641.4364806548,90.0829957988089%
793.655226628979,16652.1639360119,90.0645072898946%
793.841007060814,16640.1686904762,89.9635761135987%
794.02677154373,16631.5217113095,89.9674262639728%
794.212520075439,16645.6299404762,90.002283469961%
794.398252653652,16644.1996130952,89.9718491222542%
794.58396927608,16633.2120982143,89.9994748582688%
794.769669940435,16632.5619494048,90.0197267480091%
794.955354644429,16641.3064508929,90.0691248447659%
795.141023385774,16678.592485119,90.0531850570752%
795.326676162181,16673.87890625,90.0315740964653%
795.512312971361,16681.3556175595,90.0313728351375%
795.697933811027,16706.4188541667,90.0912726899805%
795.88353867889,16735.7730729167,90.1271222164245%
796.06912757266,16756.7728794643,90.1349231823387%
796.254700490051,16760.1211458333,90.1174399723457%
796.440257428774,16784.0141145833,90.057155843418%
796.625798386539,16824.6159077381,90.0558060059623%
796.81132336106,16825.5911309524,90.0456569144103%
796.996832350047,16832.0601116071,90.0840370480539%
797.182325351212,16876.1076934524,90.0373014108283%
797.367802362267,16886.3150297619,90.0527432142736%
797.553263380922,16895.1895610119,90.0319982946338%
797.738708404891,16884.2345535714,90.0800830759883%
797.924137431884,16895.8722172619,90.0955324529362%
798.109550459613,16876.4002604167,90.0396124767984%
798.294947485789,16869.2161160714,90.0480484284725%
798.480328508125,16884.8196875,90.0219434532352%
798.665693524332,16926.9493303571,90.0440968504186%
798.85104253212,16920.6103794643,90.0381532904391%
799.036375529203,16909.2977901786,90.078692152236%
799.221692513292,16918.8224702381,90.1249918199071%
799.406993482097,16910.142983631,90.1024083334838%
799.592278433332,16909.1027455357,90.0022100045553%
799.777547364706,16895.4821279762,89.9653721981783%
799.962800273933,16930.1350595238,89.9764065989482%
800.148037158723,16960.5620238095,89.9889008210691%
800.333258016788,16958.1564732143,89.9700069976172%
800.518462845841,16930.8502232143,89.9417122777654%
800.703651643591,16927.6970014881,89.9356773661219%
800.888824407752,16954.0605357143,89.9431921642504%
801.073981136033,16930.6551785714,90.0076251914733%
801.259121826149,16894.7994717262,90.024003041435%
801.444246475808,16898.2777678571,90.0305627458344%
801.629355082724,16926.0391220238,90.1551828088583%
801.814447644609,16951.5899702381,90.2179514588233%
801.999524159172,16969.1114806548,90.2524670460275%
802.184584624127,16976.3931473214,90.2161416676228%
802.369629037184,16969.7291220238,90.2372917984517%
802.554657396056,16986.2103943452,90.258022130325%
802.739669698454,16981.821889881,90.2450440962353%
802.924665942089,16999.4084151786,90.2033895255744%
803.109646124673,17038.6448958333,90.2251055568928%
803.294610243918,17095.6304389881,90.2355834952155%
803.479558297535,17067.9015922619,90.295692875467%
803.664490283237,17081.9448065476,90.3376162729198%
803.849406198733,17048.2670982143,90.3388399040573%
804.034306041737,17035.4916741071,90.2884034855325%
804.21918980996,17022.8787872024,90.3247697527872%
804.404057501112,17012.9640178571,90.3173751752302%
804.588909112907,17033.7362723214,90.2945421741092%
804.773744643055,17065.2359821429,90.330656237948%
804.958564089268,17055.6787946429,90.2694867263021%
805.143367449258,17057.7267633929,90.2441223135728%
805.328154720736,17080.5794940476,90.2762366144325%
805.512925901414,17091.9896056548,90.1743754498137%
805.697680989003,17061.562641369,90.0742098278368%
805.882419981216,17044.7562946429,90.0673134658534%
806.067142875763,17057.9218080357,90.110962739024%
806.251849670356,17044.3011904762,90.1332815003831%
806.436540362708,16994.8898809524,90.0919723924367%
806.621214950528,16987.6407217262,90.0697590143142%
806.80587343153,16988.4209002976,90.0353952622014%
806.990515803424,16991.6391369048,90.0064139902045%
807.175142063923,16908.6151339286,89.9994778743584%
807.359752210737,16904.4541815476,89.9489007994186%
807.544346241579,16911.7683556548,89.9179593525883%
807.72892415416,16957.3112797619,89.8845607051465%
807.913485946191,16931.5653869048,89.9117147012434%
808.098031615385,16911.8333705357,89.8960578539888%
808.282561159453,16893.9542782738,89.9013379261574%
808.467074576106,16878.5132440476,89.8811424921294%
808.651571863056,16821.2351339286,89.7786360254005%
808.836053018014,16794.3839880952,89.7898892783213%
809.020518038693,16817.23671875,89.8211606031769%
809.204966922804,16798.6424627976,89.7179328803789%
809.389399668058,16743.7699032738,89.7118682093523%
809.573816272167,16721.9574107143,89.6932037946147%
809.758216732842,16715.9110267857,89.6573612785246%
809.942601047796,16696.8941741071,89.5871723644765%
810.12696921474,16664.32171875,89.5638386239623%
810.311321231384,16658.86046875,89.5382786211709%
810.495657095443,16684.6713764881,89.5330489964378%
810.679976804625,16654.6670089286,89.5298722683974%
810.864280356644,16590.3347842262,89.4997363883127%
811.04856774921,16593.1304241071,89.4946435066041%
811.232838980036,16570.9603497024,89.4279214140317%
811.417094046833,16548.27015625,89.3879026834818%
811.601332947312,16498.8588467262,89.3408021530847%
811.785555679186,16496.8108779762,89.3132465087955%
811.969762240165,16459.7523958333,89.2851372996127%
812.153952627961,16458.7446651786,89.2332345090651%
812.338126840287,16412.9416815476,89.2574297513969%
812.522284874853,16377.8011383929,89.2962019453451%
812.706426729371,16391.8118452381,89.3020893487049%
812.890552401553,16368.2439508929,89.2593005278772%
813.074661889111,16331.6080654762,89.3131297163341%
813.258755189755,16330.1452306548,89.3244123807307%
813.442832301198,16310.4782291667,89.3350715255202%
813.62689322115,16343.538296131,89.3829564210492%
813.810937947325,16290.90875,89.4125353859111%
813.994966477433,16302.2863541667,89.3523320308019%
814.178978809186,16283.3670238095,89.3906134203885%
814.362974940295,16258.1737574405,89.355427245767%
814.546954868473,16239.2544270833,89.3722204060706%
814.73091859143,16223.260766369,89.386836324079%
814.914866106879,16240.7172619048,89.3621939339905%
815.09879741253,16238.2466964286,89.4742937365726%
815.282712506096,16198.2950520833,89.4797403200068%
815.466611385288,16165.6250744048,89.5389978420167%
815.650494047817,16139.8141666667,89.5427055854076%
815.834360491397,16165.7551041667,89.5506176125952%
816.018210713736,16153.6623363095,89.5395347729816%
816.202044712549,16151.711889881,89.5456267738715%
816.385862485545,16161.9192261905,89.4811978380856%
816.569664030437,16160.9114955357,89.4948269438367%
816.753449344937,16096.286703869,89.4699210632666%
816.937218426755,16067.3550818452,89.4506731828853%
817.120971273604,16032.6046279762,89.3960839254785%
817.304707883195,16019.4716220238,89.4185845301956%
817.488428253239,15967.0371205357,89.39442077647%
817.672132381449,15954.2616964286,89.3980294236739%
817.855820265535,15970.2553571429,89.4639364450777%
818.03949190321,15951.5635788691,89.4599740957683%
818.223147292185,15904.1027157738,89.523883355904%
818.406786430172,15875.3336309524,89.5043675217406%
818.590409314882,15848.8725744048,89.4560128665797%
818.774015944027,15819.4208333333,89.5752623107698%
818.957606315318,15797.6408482143,89.5472703062583%
819.141180426467,15761.3300372024,89.5819690557407%
819.324738275186,15773.2602678571,89.6023521520183%
819.508279859186,15759.7696800595,89.6555531835013%
819.691805176179,15722.321108631,89.6913961330438%
819.875314223877,15695.7950372024,89.7829741708697%
820.05880699999,15694.1046502976,89.8231094201645%
820.242283502231,15700.3135714286,89.918236582017%
820.425743728311,15647.5865029762,89.9385297751053%
820.609187675942,15651.5524107143,90.0689404663869%
820.792615342836,15659.1266443452,90.0395189945331%
820.976026726703,15635.3311979167,90.0533648830116%
821.159421825256,15619.922671131,90.0632082170682%
821.342800636207,15590.1133482143,90.049624124188%
821.526163157266,15574.737328869,90.0538423886441%
821.709509386145,15539.4342485119,90.0386339128839%
821.892839320557,15531.6324627976,90.0408977857742%
822.076152958212,15512.7131324405,90.0132944171016%
822.259450296822,15509.26734375,89.9995703088468%
822.442731334099,15496.6869642857,90.0091185410334%
822.625996067754,15456.6052901786,89.8757417457017%
822.809244495499,15422.5374925595,89.8396319354872%
822.992476615046,15430.2092485119,89.8361047728793%
823.175692424106,15382.7808928571,89.8484184120898%
823.358891920391,15364.5767261905,89.8341847801124%
823.542075101612,15348.0954538691,89.8414694620391%
823.725241965481,15354.922016369,89.8906068350242%
823.90839250971,15354.304375,89.9230173505865%
824.091526732009,15284.3808705357,89.8756071859981%
824.274644630092,15261.3656026786,89.8532595126497%
824.457746201669,15269.0698660714,89.7292327187219%
824.640831444452,15223.234375,89.733366687212%
824.823900356152,15191.9947247024,89.7022351737607%
825.006952934482,15159.7798511905,89.7175963198728%
825.189989177152,15151.4579464286,89.7438890877865%
825.373009081875,15148.4997693452,89.7895362941453%
825.556012646361,15106.1100669643,89.7458723452992%
825.738999868323,15072.1397916667,89.6907565740613%
825.921970745472,15095.3175967262,89.6835337341349%
826.10492527552,15095.0575372024,89.7499588188999%
826.287863456178,15087.38578125,89.7678170190701%
826.470785285158,15047.6941964286,89.7559018362434%
826.653690760172,15061.0872619048,89.8385951999159%
826.836579878931,15006.767328869,89.8903721341875%
827.019452639146,14986.1901190476,89.8915510053301%
827.202309038529,14958.6563169643,89.8727548275671%
827.385149074793,14942.1750446429,89.9068277731122%
827.567972745648,14933.8206324405,89.8440607844697%
827.750780048806,14864.1896949405,89.8425228242236%
827.933570981979,14864.5472767857,89.8495970541989%
828.116345542878,14878.7530282738,89.8638241172551%
828.299103729215,14843.059858631,89.9507173482409%
828.481845538702,14828.3664955357,90.0033990209749%
828.664570969049,14845.790483631,90.1392238985375%
828.847280017969,14852.2269568452,90.1294185302828%
829.029972683174,14846.7331994048,90.1722003982134%
829.212648962374,14817.4765029762,90.0779825914381%
829.395308853282,14798.3621279762,90.179507408328%
829.577952353609,14784.6114806548,90.2279221570672%
829.760579461066,14741.6366443452,90.2973786900782%
829.943190173366,14676.0041220238,90.2080500407941%
830.12578448822,14655.264375,90.2399271742123%
830.308362403339,14660.9531770833,90.3225806451613%
830.490923916435,14613.1347321429,90.2900140316135%
830.673469025219,14626.7553497024,90.2640046924422%
830.855997727404,14603.9351264881,90.1946847281988%
831.038510020701,14629.2909300595,90.2381803679969%
831.221005902821,14609.7214508929,90.2232497134292%
831.403485371477,14549.7127157738,90.2679195550607%
831.585948424378,14543.1787202381,90.2008334185924%
831.768395059239,14518.4730654762,90.2058327120753%
831.950825273768,14486.9733556548,90.2159240516174%
832.13323906568,14435.9366741071,90.2011176606533%
832.315636432684,14432.6859300595,90.2193610982553%
832.498017372493,14380.7065327381,90.2082797778051%
832.680381882818,14345.1108854167,90.2070487295373%
832.862729961371,14301.7459598214,90.1754238357663%
833.045061605863,14280.6486309524,90.1799592608596%
833.227376814007,14267.0280133929,90.1868869792135%
833.409675583512,14229.7094717262,90.2421706605807%
833.591957912092,14204.646235119,90.2443428700412%
833.774223797458,14189.4327529762,90.3524291326344%
833.956473237321,14183.4188764881,90.3332390381895%
834.138706229394,14148.2133184524,90.3747559112693%
834.320922771387,14152.3092559524,90.3803563924633%
834.503122861012,14121.492202381,90.338379847297%
834.68530649598,14118.8590997024,90.4158277110252%
834.867473674004,14076.7944717262,90.3863921523896%
835.049624392795,14063.2713764881,90.4339030704086%
835.231758650065,14041.2963467262,90.4290523437567%
835.413876443525,14027.4156696429,90.4763816674362%
835.595977770886,14019.02875,90.5355824290119%
835.778062629861,13981.7752232143,90.5150797119786%
835.960131018161,13991.5924702381,90.5234631047214%
836.142182933497,13994.1605580357,90.560589522803%
836.324218373582,14015.2903943452,90.5115249200743%
836.506237336126,14000.3369717262,90.5416165974143%
836.688239818842,14008.8214136905,90.6584827906437%
836.87022581944,13990.1946502976,90.732730370953%
837.052195335633,13991.03984375,90.7544745831995%
837.234148365132,13978.3944494048,90.7395274558781%
837.416084905649,13958.7274479167,90.682380098663%
837.598004954895,13935.8422098214,90.7934773669804%
837.779908510583,13883.3752008929,90.8137533287234%
837.961795570422,13874.5656845238,90.7631468832324%
838.143666132126,13847.9095833333,90.7740565382923%
838.325520193406,13801.9115550595,90.7900306989109%
838.507357751972,13783.1547619048,90.8053070040111%
838.689178805538,13742.55296875,90.8379111079404%
838.870983351814,13718.0748660714,90.7951148638188%
839.052771388512,13725.7466220238,90.8437310594186%
839.234542913344,13711.4108407738,90.8080116894409%
839.416297924021,13670.7765401786,90.7863088623368%
839.598036418256,13660.2441294643,90.8685493945801%
839.779758393758,13645.1281696429,90.8311428966695%
839.961463848241,13587.4599702381,90.8227857635678%
840.143152779415,13571.4988169643,90.8952812382031%
840.324825184993,13554.1073363095,90.9080181186061%
840.506481062685,13520.5271502976,90.8615269892177%
840.688120410204,13544.4201190476,90.8664253360741%
840.869743225261,13485.5816517857,90.8225859813453%
841.051349505568,13482.2658928571,90.8730122554159%
841.232939248836,13496.0490476191,90.9699628343386%
841.414512452777,13496.5691666667,90.8737822607465%
841.596069115102,13495.1713467262,90.9000039737974%
841.777609233523,13475.8294196429,90.890996334596%
841.959132805752,13467.4099925595,90.886506115739%
842.1406398295,13515.846078869,90.8777953162139%
842.322130302479,13472.156078869,90.881471129635%
842.503604222401,13446.897797619,90.8812433097755%
842.685061586976,13483.6637127976,90.9162265643589%
842.866502393917,13431.6193005952,90.8156320189089%
843.047926640935,13404.4105729167,90.8397514834379%
843.229334325743,13391.3750892857,90.7968616484115%
843.41072544605,13385.7513020833,90.7805061817186%
843.59209999957,13364.4914360119,90.8398089599171%
843.773457984013,13337.9328571429,90.8092026725501%
843.954799397091,13298.9564360119,90.7453524969183%
844.136124236516,13322.719375,90.7828092873979%
844.3174325,13300.874375,90.704995417624%
844.498724185254,13255.9815997024,90.7520673904764%
844.679999289989,13269.2771428571,90.7307276378805%
844.861257811917,13260.3050892857,90.6593875287895%
845.04249974875,13194.9326264881,90.6497181400089%
845.2237250982,13169.2192410714,90.6063632472535%
845.404933857977,13149.1946577381,90.6038562135123%
845.586126025795,13131.3805803571,90.6261941762413%
845.767301599363,13114.3791889881,90.6741042366067%
845.948460576394,13068.6737276786,90.7062103540004%
846.1296029546,13076.0529166667,90.7447836970927%
846.310728731691,13097.5403348214,90.8302044221944%
846.49183790538,13040.8148511905,90.8038841696606%
846.672930473378,13048.4540997024,90.7777806398434%
846.854006433397,13035.2885863095,90.8311601125772%
847.035065783148,13020.7252529762,90.8679074576709%
847.216108520343,13024.1060267857,90.7940603920503%
847.397134642694,13013.8661830357,90.7817020738902%
847.578144147912,13037.0439880952,90.7674844735604%
847.759137033709,13021.8630133929,90.7125086879421%
847.940113297796,12969.6885714286,90.6331896187336%
848.121072937885,12962.0168154762,90.6539802535111%
848.302015951687,12939.5216666667,90.6130093184725%
848.482942336915,12953.7599255952,90.6770523619398%
848.663852091279,12933.540297619,90.6966617336983%
848.844745212492,12931.1022395833,90.6444347549561%
849.025621698264,12912.4754761905,90.6975980237569%
849.206481546309,12883.0562425595,90.6247120611812%
849.387324754336,12862.544047619,90.5630203610584%
849.568151320058,12817.8138095238,90.5231068012472%
849.748961241186,12808.7117261905,90.533983795806%
849.929754515432,12768.7275744048,90.5135941644563%
850.110531140508,12726.9555133929,90.3429166141873%
850.291291114125,12708.393764881,90.3352441430251%
850.472034433994,12700.201889881,90.3226128545896%
850.652761097828,12693.245297619,90.3051089246194%
850.833471103337,12657.064516369,90.3859325561893%
851.014164448235,12631.2861160714,90.3816921686142%
851.194841130231,12621.7289285714,90.3489974748237%
851.375501147038,12579.7618229167,90.3913382544741%
851.556144496367,12570.7572619048,90.5214227970897%
851.73677117593,12556.0638988095,90.5591692419806%
851.917381183438,12547.7094866071,90.6196137806106%
852.097974516604,12539.6801488095,90.5952215609025%
852.278551173138,12483.6048139881,90.60625186633%
852.459111150753,12460.52453125,90.5599113281064%
852.639654447159,12461.5647693452,90.61088516013%
852.820181060069,12458.6065922619,90.548473695162%
853.000690987194,12489.2936160714,90.6711290091002%
853.181184226245,12480.5816220238,90.718439818335%
853.361660774935,12496.2502083333,90.7272296942693%
853.542120630975,12498.7857886905,90.7779256004868%
853.722563792076,12490.5939136905,90.7099307636664%
853.90299025595,12470.0492113095,90.7639924857727%
854.083400020309,12460.1994568452,90.8198762059546%
854.263793082864,12449.9271056548,90.8874156579116%
854.444169441326,12426.4892410714,90.9097539375206%
854.624529093409,12435.3962797619,90.8534081338614%
854.804872036822,12404.611733631,90.9612069867899%
854.985198269278,12386.732641369,90.9779561359966%
855.165507788488,12380.718764881,91.024891369428%
855.345800592164,12359.2638541667,90.9701636526284%
855.526076678017,12359.1338244048,90.9060580627263%
855.706336043759,12346.1958630952,90.9331682558888%
855.886578687102,12316.0939732143,90.941817131505%
856.066804605757,12316.5165699405,90.9963323887526%
856.247013797436,12294.2489732143,91.0675866949753%
856.42720625985,12242.6596651786,90.9440788890268%
856.607381990712,12217.3038616071,91.0893659084687%
856.787540987732,12177.8723363095,90.9994303211565%
856.967683248622,12172.44359375,91.0169001723197%
857.147808771093,12136.94546875,91.0348871718042%
857.327917552859,12098.8792559524,91.0031505083774%
857.508009591629,12104.7956101191,91.0403691053644%
857.688084885116,12066.4693377976,91.09980219385%
857.868143431031,12028.5006473214,91.0814181493123%
858.048185227085,12008.4435565476,91.1105413125991%
858.228210270991,11981.6249181548,91.0170129315647%
858.40821856046,11969.8897321429,91.036072442075%
858.588210093204,11977.0413690476,90.9985797363613%
858.768184866934,11950.1577157738,91.0031716669277%
858.948142879361,11929.8405654762,90.9294917406487%
859.128084128198,11914.7896205357,90.9609501924681%
859.308008611156,11875.2280654762,90.960999310112%
859.487916325946,11830.5953497024,90.8883299132852%
859.667807270281,11824.223891369,90.9219931360153%
859.847681441871,11773.1872098214,90.8216947800951%
860.027538838428,11758.1037574405,90.8715244735565%
860.207379457665,11792.3340922619,91.0280484817897%
860.387203297292,11785.2474702381,90.9688141340234%
860.567010355021,11751.8298214286,90.9653350030375%
860.746800628564,11734.5033556548,90.9618920898802%
860.926574115632,11717.9895758929,90.8919294486915%
861.106330813937,11706.3194047619,90.9236380573889%
861.286070721191,11699.2002752976,90.9175371351837%
861.465793835104,11699.1677678571,90.9591779013859%
861.645500153389,11707.2621205357,90.9102244860173%
861.825189673758,11697.6399181548,90.9948652604913%
862.004862393922,11693.3489360119,91.0342233636764%
862.184518311592,11703.1986904762,91.0754268654898%
862.36415742448,11622.0926264881,90.9930751200592%
862.543779730298,11606.8466369048,90.9646871641494%
862.723385226757,11605.9689360119,90.9851368810069%
862.902973911569,11590.5279017857,90.9920291942764%
863.082545782446,11584.9041145833,91.1048418488671%
863.262100837098,11601.0928199405,91.1233458900802%
863.441639073238,11571.088452381,91.0972756012894%
863.621160488578,11589.0975744048,91.0952894865564%
863.800665080828,11583.2787425595,90.9604388000637%
863.980152847701,11517.841264881,90.8664037658208%
864.159623786908,11497.3290699405,90.8021290138667%
864.33907789616,11485.69140625,90.7687734203259%
864.51851517317,11468.0398660714,90.7367125617781%
864.697935615649,11438.523110119,90.7501325843138%
864.877339221308,11421.6517485119,90.7528667333013%
865.056725987859,11385.6660119048,90.7831282508663%
865.236095913014,11355.1740327381,90.742367408955%
865.415448994484,11308.135766369,90.8229216675065%
865.594785229981,11280.6669791667,90.7374839716233%
865.774104617216,11274.9781770833,90.8728483467816%
865.953407153901,11236.5543824405,90.9016864699118%
866.132692837748,11247.0867931548,90.9996275873668%
866.311961666469,11229.7928348214,90.9936804092687%
866.491213637774,11221.1133482143,91.0613670139714%
866.670448749375,11188.0207738095,91.1199202334866%
866.849666998984,11168.3537723214,91.109116491194%
867.028868384313,11123.4284895833,91.1564129385912%
867.208052903074,11092.9365104167,91.1527943142521%
867.387220552977,11091.7012276786,91.2831332171193%
867.566371331734,11071.384077381,91.3931028850276%
867.745505237058,11081.3313541667,91.4138623909903%
867.924622266659,11061.2417559524,91.3827844464964%
868.103722418249,11042.8750520833,91.3738728551868%
868.28280568954,11017.324203869,91.37953045147%
868.461872078243,11027.3039880952,91.4686914228619%
868.640921582071,11043.33015625,91.3754600719573%
868.819954198734,11062.379516369,91.4185334487859%
868.998969925944,11055.682983631,91.3582293008937%
869.177968761413,11049.2140029762,91.2208134884416%
869.356950702852,11035.073266369,91.1738643880238%
869.535915747973,11030.3921949405,91.1071883560789%
869.714863894488,11010.2375818452,91.0711902855618%
869.893795140108,10994.8940699405,90.9854866961381%
870.072709482545,10978.0877232143,90.9633293920542%
870.25160691951,10965.50734375,90.9731416089976%
870.430487448715,10958.6482738095,90.8687497906829%
870.609351067871,10944.410014881,90.9067268410942%
870.788197774691,10934.8853348214,90.869937897594%
870.967027566885,10977.79515625,90.9142501618477%
871.145840442166,10938.3636309524,90.7642507766263%
871.324636398245,10922.434985119,90.6857248838719%
871.503415432833,10903.9707589286,90.6990486320392%
871.682177543643,10919.8668973214,90.8381909717672%
871.860922728385,10923.7677901786,91.0115979381443%
872.039650984771,10919.8994047619,90.9949892019635%
872.218362310514,10903.8082217262,91.0016761791602%
872.397056703323,10879.9802678571,91.1285727649225%
872.575734160912,10838.0131622024,91.094437962545%
872.754394680992,10841.26390625,91.0768745174816%
872.933038261274,10806.0583482143,91.1192427082488%
873.11166489947,10795.7859970238,91.177287508386%
873.290274593292,10744.32671875,91.1103123970407%
873.46886734045,10730.2184895833,91.135894293965%
873.647443138657,10720.6938095238,91.1716628267669%
873.826001985625,10741.0434672619,91.250708531579%
874.004543879064,10708.82859375,91.1837100022377%
874.183068816687,10713.5746800595,91.2387694451493%
874.361576796205,10710.4539657738,91.1485003657644%
874.54006781533,10704.5051041667,91.1674733785092%
874.718541871772,10677.2963764881,91.1284831455832%
874.896998963245,10657.9869568452,91.2541083305297%
875.07543908746,10672.4202604167,91.3523844036618%
875.253862242127,10677.2963764881,91.293777883144%
875.432268424959,10644.65890625,91.2621610432623%
875.610657633667,10637.3447321429,91.1974971882151%
875.789029865963,10635.0041964286,91.3036161215155%
875.967385119559,10602.9843675595,91.2777389065969%
876.145723392165,10557.3114136905,91.172049142087%
876.324044681495,10553.5730580357,91.054580610633%
876.502348985258,10534.9788020833,91.1352346860693%
876.680636301168,10566.7385714286,91.195370806522%
876.858906626934,10575.645610119,91.1523202848821%
877.03715996027,10590.4039880952,91.2175450274249%
877.215396298886,10576.0031919643,91.1531313480572%
877.393615640495,10592.5494791667,91.144904314176%
877.571817982808,10565.535796131,91.1973581268289%
877.750003323535,10570.6394642857,91.1831142860845%
877.92817166039,10554.7108184524,91.0997159851173%
878.106322991084,10578.7663244048,91.2041174972042%
878.284457313328,10578.8313392857,91.1925114739363%
878.462574624833,10569.8267782738,91.1524757606513%
878.640674923312,10584.2600818452,91.0872717229951%
878.818758206476,10565.2107217262,91.0345124921856%
878.996824472037,10567.453735119,91.080225345308%
879.174873717706,10566.8686011905,91.036990131083%
879.352905941194,10554.5157738095,90.9665105578127%
879.530921140214,10548.0467931548,90.8879700897909%
879.708919312477,10562.5126041667,90.8529739449131%
879.886900455695,10583.6749479167,90.8023491779597%
880.064864567579,10570.7044791667,90.8808076113758%
880.24281164584,10615.2721800595,90.8838828941146%
880.420741688191,10616.3124181548,90.8463060118689%
880.598654692343,10621.4811011905,90.8575825706413%
880.776550656007,10639.1651488095,90.7857600061861%
880.954429576896,10658.6371056548,90.7725257415587%
881.13229145272,10643.7161904762,90.7462648130583%
881.310136281192,10639.4902232143,90.5889717326153%
881.487964060023,10645.8291741071,90.7041492209486%
881.665774786924,10672.6478125,90.7009179351394%
881.843568459607,10654.0210491071,90.6751072961373%
882.021345075784,10655.2888392857,90.5927868178196%
882.199104633167,10653.6634672619,90.6767322959398%
882.376847129466,10657.3693154762,90.4938165946339%
882.554572562394,10663.025610119,90.4622172721042%
882.732280929662,10659.9048958333,90.4900849252359%
882.909972228982,10678.726703869,90.5416969748834%
883.087646458065,10685.1631770833,90.6631919482387%
883.265303614623,10685.0981622024,90.6877496072632%
883.442943696368,10692.6398883929,90.7233383663186%
883.620566701011,10711.7542633929,90.8161302320014%
883.798172626263,10750.1455505952,90.8559987363442%
883.975761469837,10729.2107589286,90.8041956550485%
884.153333229443,10704.4725967262,90.8805849804395%
884.330887902795,10708.4059970238,90.8784820484844%
884.508425487602,10699.1088690476,90.9535129424194%
884.685945981577,10688.7715029762,90.9357646577863%
884.863449382431,10705.1552529762,90.9366343121944%
885.040935687876,10732.6240401786,91.0445790981984%
885.218404895624,10728.9181919643,91.0304986036373%
885.395857003386,10738.1828125,91.0423757658271%
885.573292008873,10765.2290029762,90.9426476709908%
885.750709909798,10767.5045238095,91.0163848094384%
885.928110703872,10743.9691369048,90.993084347176%
886.105494388806,10738.1828125,91.131152903393%
886.282860962312,10749.2353422619,91.2430133812052%
886.460210422102,10755.5742931548,91.3260215108552%
886.637542765887,10736.6874702381,91.334261436466%
886.814857991378,10754.9241443452,91.2240752755198%
886.992156096289,10763.8961979167,91.2028603624594%
887.169437078329,10765.7166145833,91.124553412689%
887.346700935212,10759.0200818452,91.0494388197248%
887.523947664647,10755.5742931548,90.9324060537946%
887.701177264347,10744.4567485119,90.9113167404005%
887.878389732024,10787.4315848214,90.8195421161204%
888.055585065389,10766.17171875,90.7481834169053%
888.232763262153,10769.0323735119,90.6300171504903%
888.409924320028,10780.6050223214,90.5702391325394%
888.587068236727,10807.7162276786,90.5470732025429%
888.76419500996,10796.4036383929,90.4888679863274%
888.941304637439,10790.9748958333,90.4347935538279%
889.118397116875,10753.1037276786,90.4007717635216%
889.295472445981,10726.0250297619,90.3915247202646%
889.472530622467,10722.0266145833,90.3668186695279%
889.649571644046,10735.4846949405,90.3626421972221%
889.826595508429,10755.0216666667,90.402317159049%
890.003602213328,10761.5231547619,90.380785887068%
890.180591756454,10773.4533854167,90.2655015611575%
890.357564135518,10777.029203869,90.0852198857584%
890.534519348233,10767.3419866071,89.966361842684%
890.71145739231,10723.4569419643,89.9084954163836%
890.88837826546,10757.7197842262,89.9720677420167%
891.065281965396,10725.7974776786,90.0612610190002%
891.242168489829,10721.6365252976,90.137611785926%
891.41903783647,10775.5338616071,90.1523692535505%
891.595890003031,10738.86546875,90.1113538952853%
891.772724987223,10739.483110119,90.0552091261148%
891.949542786759,10729.7958928571,90.1201736964351%
892.126343399349,10736.5249330357,90.1561261823271%
892.303126822706,10752.583608631,90.1276007185447%
892.479893054541,10747.74,90.1646403242148%
892.656642092565,10742.6688392857,90.1049228483641%
892.83337393449,10782.7180059524,90.1358891934932%
893.010088578028,10767.0819270833,90.154183066497%
893.186786020891,10756.9721130952,90.2093815114093%
893.36346626079,10777.776875,90.1018652030327%
893.540129295436,10766.106703869,90.0581628984158%
893.716775122541,10767.0169122024,89.8863338435906%
893.893403739817,10726.9677455357,89.7855606914884%
894.070015144975,10734.1843973214,89.8142232789951%
894.246609335727,10719.4260193452,89.8774759970693%
894.423186309785,10749.0728050595,89.9359153675965%
894.59974606486,10723.6844940476,89.93861280216%
894.776288598663,10762.0432738095,89.8397697167312%
894.952813908907,10776.8016517857,89.8439424702454%
895.129321993303,10744.8793452381,89.7586038512983%
895.305812849562,10762.1082886905,89.7113287212827%
895.482286475397,10751.9984747024,89.776253122965%
895.658742868518,10746.3746875,89.7037264327845%
895.835182026638,10755.0216666667,89.6926452107606%
896.011603947467,10699.6940029762,89.6243070362473%
896.188008628718,10686.7885491071,89.4961819035024%
896.364396068102,10660.6200595238,89.4262477147299%
896.54076626333,10632.6636607143,89.3456641269678%
896.717119212115,10620.5383854167,89.2267239939532%
896.893454912168,10625.9021130952,89.1676168757126%
897.0697733612,10616.0198511905,89.2289961770182%
897.246074556924,10621.44859375,89.1024813447287%
897.42235849705,10595.4101339286,89.137418767815%
897.59862517929,10593.4271800595,89.1396953780153%
897.774874601356,10588.3560193452,89.2757521634023%
897.95110676096,10574.2152827381,89.3153508999879%
898.127321655813,10576.5883258929,89.3520223575034%
898.303519283626,10568.0063616071,89.2522209648678%
898.479699642112,10544.9585863095,89.2404212024314%
898.655862728981,10511.0208184524,89.3110182281586%
898.832008541946,10483.1294345238,89.3448706418574%
899.008137078718,10464.6001934524,89.4428897385028%
899.184248337009,10465.055297619,89.4890286941844%
899.36034231453,10465.1203125,89.6325044950226%
899.536419008992,10425.461235119,89.6928966696409%
899.712478418109,10456.4408258929,89.7589142786779%
899.88852053959,10468.3060416667,89.9104630114905%
900.064545371148,10514.0115029762,90.0086402228825%
900.240552910494,10525.1615550595,90.1431411530815%
900.41654315534,10523.5686904762,90.3304140127388%
900.592516103397,10533.5484747024,90.3362181544523%
900.768471752377,10517.067202381,90.2800797695546%
900.944410099992,10483.1294345238,90.3865529807056%
901.120331143953,10481.3415252976,90.3815131652039%
901.296234881972,10496.8150669643,90.5210314614449%
901.472121311761,10483.9746279762,90.4965241524555%
901.64799043103,10489.4358779762,90.5471145024503%
901.823842237492,10451.7272470238,90.4546962267026%
901.999676728858,10440.5446875,90.4784570825569%
902.17549390284,10433.3605431548,90.4611272599645%
902.351293757149,10410.7353645833,90.3624612389125%
902.527076289498,10411.3855133929,90.4000541223164%
902.702841497597,10392.4986904762,90.3343761426888%
902.878589379158,10359.5686532738,90.2467462039046%
903.054319931893,10336.845952381,90.1520643781491%
903.230033153513,10338.4063095238,90.0638058414565%
903.40572904173,10283.9563467262,90.0338029963194%
903.581407594256,10243.5170907738,89.9870002508724%
903.757068808802,10175.9016145833,89.9712693634426%
903.932712683079,10135.462358631,89.88403538525%
904.1083392148,10125.905171131,89.8137473302253%
904.283948401676,10113.4548214286,89.7846247262958%
904.459540241419,10104.3527380952,89.8276482142363%
904.63511473174,10086.4086309524,89.7846802568857%
904.81067187035,10094.4054613095,89.7872222170759%
904.986211654962,10067.749360119,89.6997279523198%
905.161734083287,10044.5065401786,89.4933655006031%
905.337239153036,10038.46015625,89.4690392913711%
905.512726861921,10072.3329092262,89.4254500749737%
905.688197207654,10023.0191220238,89.4174068821378%
905.863650187947,9976.20840773809,89.454167972056%
906.03908580051,9976.24091517857,89.4185268222816%
906.214504043056,9953.128125,89.3381473753311%
906.389904913296,9954.91603422619,89.5240065057772%
906.565288408942,9957.54913690476,89.5563278336029%
906.740654527705,9950.23496279762,89.5670574454216%
906.916003267297,9940.35270089286,89.5645141457232%
907.091334625429,9931.12058779762,89.646550906158%
907.266648599814,9919.25537202381,89.5959989360894%
907.441945188162,9942.43317708333,89.5139971853486%
907.617224388186,9926.11444196429,89.5173601038611%
907.792486197596,9937.58956845238,89.587345779066%
907.967730614105,9906.18738095238,89.5809728696068%
908.142957635424,9871.92453869048,89.6498050747612%
908.318167259265,9952.21791666667,89.699764398785%
908.493359483339,9915.35447916667,89.6875540938203%
908.668534305358,9888.17825892857,89.6659627197424%
908.843691723033,9864.48033482143,89.7938174225728%
909.018831734076,9860.09183035714,89.7410946834364%
909.1939543362,9801.90351190476,89.7646459994667%
909.369059527114,9818.57982886905,89.7136385068953%
909.544147304531,9833.76080357143,89.7082460669232%
909.719217666163,9826.7066889881,89.623774557669%
909.89427060972,9804.40658482143,89.5457970815921%
910.069306132916,9795.49954613095,89.3714291314276%
910.24432423346,9764.1623735119,89.2882924026577%
910.419324909066,9753.98754464286,89.235128872446%
910.594308157444,9730.64720238095,89.4174872464112%
910.769273976306,9705.81151785714,89.4628692526316%
910.944222363363,9678.50526785714,89.4214958146004%
911.119153316328,9647.59069196429,89.5496187393714%
911.294066832912,9631.85709077381,89.5152773954606%
911.468962910826,9594.14845982143,89.4434589133768%
911.643841547782,9583.77858630953,89.3872695421714%
911.818702741492,9579.42258928571,89.2945519655575%
911.993546489667,9495.68342261905,89.2877490004689%
912.168372790018,9462.39580357143,89.3749272965441%
912.343181640258,9456.31691220238,89.3231673337049%
912.517973038099,9449.68539434524,89.3457962936594%
912.69274698125,9405.44276785714,89.4137273107572%
912.867503467425,9403.84990327381,89.4620003887428%
913.042242494335,9398.64871279762,89.5952305279022%
913.216964059691,9412.17180803571,89.6226657683742%
913.391668161205,9374.95078869048,89.8179192242224%
913.566354796589,9385.32066220238,90.01427123622%
913.741023963554,9356.71411458333,90.0189710044266%
913.915675659812,9359.2171875,90.2340437707109%
914.090309883074,9347.18943452381,90.320022124471%
914.264926631052,9322.06118303571,90.1781654550301%
914.439525901458,9296.51033482143,90.12489443509%
914.614107692003,9307.3353125,90.2899343544858%
914.788672000398,9341.40311011905,90.2552644337177%
914.963218824356,9342.02075148809,90.3409000777296%
915.137748161588,9325.70201636905,90.3152376353728%
915.312260009805,9315.91727678571,90.3055769793357%
915.48675436672,9325.79953869047,90.4337702011301%
915.661231230043,9294.2348139881,90.5463254164278%
915.835690597487,9273.88515625,90.3702232291454%
916.010132466763,9263.80784970238,90.462711352657%
916.184556835582,9267.96880208333,90.4533690654362%
916.358963701656,9261.17474702381,90.4931524673888%
916.533353062697,9244.36840029762,90.4630122984244%
916.707724916417,9195.70476190476,90.4587085899443%
916.882079260526,9176.52537202381,90.503031528995%
917.056416092737,9179.15847470238,90.5053397179575%
917.230735410761,9153.64013392857,90.3647565084058%
917.40503721231,9131.69761160714,90.4411602392883%
917.579321495095,9141.15727678571,90.2759512416148%
917.753588256828,9103.25360119047,90.1632797941254%
917.92783749522,9100.00285714286,90.1821333718566%
918.102069207984,9079.26311011905,90.1467983916778%
918.27628339283,9073.96439732143,90.0165283718437%
918.450480047471,9006.83653273809,89.8799121745754%
918.624659169617,8997.79946428572,89.8534878635469%
918.798820756981,9009.79470982143,89.8612227462046%
918.972964807274,8963.04901041667,89.9885502856788%
919.147091318208,8942.82938244048,89.9309463349527%
919.321200287494,8950.89122767857,89.8471232193652%
919.495291712844,8945.72254464285,90.077291004328%
919.669365591969,8928.00598958333,90.0336163181585%
919.843421922582,8907.23373511905,90.1763051382314%
920.017460702393,8873.49101190476,90.1019098058097%
920.191481929115,8869.23253720238,90.0709586898519%
920.365485600458,8875.24641369048,90.0944565148485%
920.539471714134,8837.01766369048,90.0126575693999%
920.713440267856,8800.73936011905,89.9152453941495%
920.887391259335,8794.20536458333,89.8578552019875%
921.061324686282,8782.60020833333,89.950513228531%
921.235240546408,8733.64400297619,90.0101256635822%
921.409138837426,8736.56967261905,90.007617485058%
921.583019557047,8745.57423363095,89.9658662900188%
921.756882702983,8750.64539434524,90.0416064209626%
921.930728272945,8720.41347470238,90.0405902749015%
922.104556264645,8685.24042410714,90.1183003666481%
922.278366675794,8700.35638392857,90.0909534637317%
922.452159504104,8664.50067708334,90.1302949093666%
922.625934747287,8671.16470238095,89.9752778991602%
922.799692403054,8627.14962797619,90.0139744381736%
922.973432469117,8601.43624255952,90.0032496058349%
923.147154943188,8619.18530505952,89.8293330116994%
923.320859822977,8602.15140625,89.7984361109599%
923.494547106197,8584.95497023809,89.5986241309982%
923.668216790559,8618.30760416667,89.5802630860761%
923.841868873775,8604.32940476191,89.640148753099%
924.015503353557,8589.76607142857,89.4565886418068%
924.189120227615,8570.65169642857,89.3518773019625%
924.362719493662,8537.94921130952,89.4075040902991%
924.536301149409,8488.50539434524,89.4176450361055%
924.709865192568,8475.30737351191,89.1411375189238%
924.883411620851,8468.15573660714,89.1226836430034%
925.056940431968,8460.67902529762,89.1685362618838%
925.230451623632,8406.45661458333,89.1004930079688%
925.403945193554,8398.06969494048,88.9930499434298%
925.577421139446,8360.84867559524,88.9935538570876%
925.750879459019,8385.91191220238,88.9060313811713%
925.924320149985,8319.82428571429,88.9200060145854%
926.097743210056,8302.14023809524,88.7864272962711%
926.271148636943,8280.0676860119,88.7716245523781%
926.444536428358,8308.21912946429,88.6122412878117%
926.617906582012,8271.51822916667,88.5858029032891%
926.791259095617,8230.94894345238,88.4489183380178%
926.964593966884,8203.22009672619,88.3650505243696%
927.137911193526,8187.09640625,88.2340526228271%
927.311210773253,8135.66963541667,88.1573286241773%
927.484492703778,8119.70848214286,88.1118745890755%
927.657756982812,8091.16694940476,88.0855765627221%
927.831003608066,8066.20123511905,88.06291691541%
928.004232577253,8082.5199702381,88.0262310439722%
928.177443888083,8085.64068452381,88.2434102545659%
928.350637538268,8069.93959077381,88.2928494973175%
928.523813525521,8061.16258184524,88.1288904681064%
928.696971847552,8023.09636904762,88.0404674598359%
928.870112502073,8007.26524553571,88.0418931459631%
929.043235486795,7988.24839285714,87.9966760844275%
929.216340799431,8009.18318452381,87.8894210884444%
929.389428437692,7997.77307291667,87.9300178238786%
929.56249839929,8003.3318452381,87.8615632988026%
929.735550681935,7989.48367559524,87.9023284983108%
929.90858528334,7978.65869791667,88.0007859451329%
930.081602201217,7938.90209821429,88.0597116384673%
930.254601433276,7950.18218005952,88.1213188373157%
930.42758297723,7932.62816220238,88.2595805574765%
930.60054683079,7949.20695684524,88.4515499615258%
930.773492991668,7935.13123511905,88.4516009012175%
930.946421457575,7919.88524553571,88.4519950512499%
931.119332226223,7903.72904761905,88.3667260366061%
931.292225295323,7899.43806547619,88.3791409760685%
931.465100662587,7875.44757440476,88.4023982522632%
931.637958325727,7855.16293154762,88.1733897771403%
931.810798282454,7828.79939732143,88.0299129409949%
931.98362053048,7849.3115922619,88.0737237681037%
932.156425067517,7816.67412202381,88.0972729391656%
932.329211891276,7808.0921577381,87.9763631860161%
932.501980999468,7806.98690476191,87.8815189082935%
932.674732389806,7790.08303571429,87.9233486199334%
932.84746606,7765.73496279762,87.9820069798043%
933.020182007763,7723.15021577381,88.0782675481097%
933.192880230806,7676.14445684524,88.1451502560077%
933.36556072684,7677.63979910714,88.102435778755%
933.538223493578,7647.96050595238,88.0853864961445%
933.71086852873,7633.75475446428,87.9566815322709%
933.883495830009,7586.06633928571,87.7845418930137%
934.056105395126,7587.88675595238,87.7340379716344%
934.228697221793,7565.87921875,87.5996833587428%
934.401271307721,7553.13630208334,87.8036377572078%
934.573827650622,7565.58665178571,87.8409510448202%
934.746366248207,7551.34839285714,88.0153090741867%
934.918887098188,7533.04670386905,88.1191867154618%
935.091390198276,7531.71389880952,88.1202279414503%
935.263875546184,7521.47405505952,88.3045132736747%
935.436343139623,7534.44452380952,88.3515758044067%
935.608792976304,7485.58584077381,88.4175667030444%
935.781225053939,7482.95273809524,88.5513013145278%
935.95363937024,7462.31051339286,88.7522288402444%
936.126035922917,7455.74401041667,88.8973378247877%
936.298414709684,7448.85243303571,88.9019395483285%
936.470775728251,7432.50119047619,88.8955137172166%
936.64311897633,7420.37591517857,88.801109544535%
936.815444451632,7443.35867559524,88.782772254424%
936.98775215187,7406.10514880952,88.7423334128529%
937.160042074754,7411.53389136905,88.7159082129337%
937.332314217997,7382.53725446429,88.8292183940113%
937.50456857931,7392.93963541667,88.8915670144774%
937.676805156404,7386.43814732143,88.9960108978212%
937.849023946992,7368.94914434524,89.0778598710162%
938.021224948784,7325.29165178571,89.0060406370126%
938.193408159492,7307.05497767857,89.0611223075954%
938.365573576829,7292.45913690476,89.0260641822599%
938.537721198505,7294.60462797619,88.9112376366991%
938.709851022232,7304.19432291667,88.9372345071262%
938.881963045722,7313.45894345238,88.9367701645664%
939.054057266687,7265.57548363095,88.8548302121749%
939.226133682837,7264.17766369048,88.7199391781041%
939.398192291884,7263.39748511905,88.5338662685704%
939.570233091541,7281.63415922619,88.4896256873938%
939.742256079519,7289.5334672619,88.4935868941494%
939.914261253528,7264.21017113095,88.4690315772384%
940.086248611282,7267.91601934524,88.5288225041943%
940.258218150492,7273.47479166666,88.3733268037871%
940.430169868868,7232.35287946429,88.2298530675725%
940.602103764123,7197.04979910714,88.3212877792378%
940.774019833969,7184.04682291667,88.3918044275879%
940.945918076116,7233.58816220238,88.2949781280234%
941.117798488277,7229.16715029762,88.3483946990631%
941.289661068162,7201.37328869048,88.3956911849241%
941.461505813485,7193.31144345238,88.3643722664972%
941.633332721956,7200.69063244048,88.2184775318578%
941.805141791287,7205.53424107143,88.1792655861188%
941.976933019189,7204.81907738095,87.9029743192104%
942.148706403374,7188.40281994048,87.954822129041%
942.320461941554,7173.2218452381,87.9757491241795%
942.49219963144,7157.65078125,87.8608526569843%
942.663919470744,7180.76357142857,87.8093429483067%
942.835621457178,7184.69697172619,87.8997021280249%
943.007305588452,7158.3334375,88.0715173699841%
943.17897186228,7157.61827380952,88.0363300120121%
943.350620276371,7132.78258928571,87.9252777368243%
943.522250828439,7112.59546875,87.9655936400365%
943.693863516193,7073.00140625,87.9081268392916%
943.865458337347,7072.15621279762,88.0051842964857%
944.037035289612,7059.41329613095,88.0614085250517%
944.208594370698,7073.74907738095,87.9205000971233%
944.380135578319,7082.42856398809,87.9130820399113%
944.551658910185,7019.39663690476,87.9803753962318%
944.723164364008,7020.07929315476,87.8813324638432%
944.8946519375,7010.35956845238,87.7411108528933%
945.066121628372,6996.18632440476,87.8578612737526%
945.237573434335,6994.17086309524,87.9392597393246%
945.409007353102,6958.60772321429,87.7632291854795%
945.580423382385,6928.21326636905,87.8877199346998%
945.751821519893,6943.29671875,87.7891691759077%
945.92320176334,6915.76291666667,87.7845261545196%
946.094564110437,6904.22277529762,87.7780016854138%
946.265908558895,6888.97678571429,87.9685961214553%
946.437235106426,6885.49848958333,87.9568720203998%
946.608543750742,6889.366875,87.9502461777662%
946.779834489554,6848.4075,88.003496926239%
946.951107320573,6813.46200148809,88.0674339802291%
947.122362241513,6805.14009672619,87.9776301861341%
947.293599250082,6809.33355654762,88.0616669645293%
947.464818343995,6775.88340029762,88.1292792877756%
947.636019520962,6780.53196428571,88.0763658058467%
947.807202778695,6785.89569196429,88.1928925321186%
947.978368114904,6754.36347470238,88.079388207956%
948.149515527303,6761.67764880952,88.0766657107351%
948.320645013603,6735.96426339286,88.1405956533405%
948.491756571515,6704.36703125,88.1845739306164%
948.66285019875,6652.77772321428,88.0601048070334%
948.833925893021,6634.11845238095,88.1124910390793%
949.004983652038,6602.32617559524,88.2525597269625%
949.176023473515,6614.67900297619,88.2170406045656%
949.347045355161,6581.74896577381,88.2356409374539%
949.518049294689,6574.56482142857,88.1702085695972%
949.689035289811,6541.82982886905,88.2564072140484%
949.860003338237,6525.57610863095,88.1337616243333%
950.03095343768,6505.97412202381,88.1619504046771%
950.201885585851,6465.9899702381,87.985675381807%
950.372799780462,6439.33386904762,88.0841636760962%
950.543696019224,6465.95746279762,88.1115784812929%
950.714574299849,6478.14775297619,88.1298596384933%
950.885434620049,6470.2159375,88.1670839372777%
951.056276977534,6467.71286458333,88.1710923447456%
951.227101370018,6480.13070684524,88.2353540291697%
951.39790779521,6442.0970014881,88.1280310378274%
951.568696250824,6445.15270089286,88.2630746801913%
951.73946673457,6422.03991071429,88.3225533582975%
951.91021924416,6439.23634672619,88.4071337526814%
952.080953777306,6446.84308779762,88.3528163740744%
952.251670331719,6477.53011160714,88.3274169972855%
952.422368905111,6484.06410714286,88.3372296596044%
952.593049495194,6536.40108630952,88.4531018776042%
952.763712099678,6501.03299107143,88.5896639248439%
952.934356716277,6486.7297172619,88.6995002964343%
953.1049833427,6477.92020089286,88.5874529965371%
953.275591976661,6460.7887797619,88.5223866266975%
953.446182615869,6449.34616071429,88.5765441231654%
953.616755258038,6421.16220982143,88.5224004394989%
953.787309900879,6449.02108630952,88.4597110338423%
953.957846542103,6459.35845238095,88.4885612056815%
954.128365179422,6447.10314732143,88.4213385484572%
954.298865810547,6437.38342261905,88.495304317404%
954.46934843319,6406.14377232143,88.2827839631438%
954.639813045063,6393.27082589286,88.1457863778791%
954.810259643877,6391.71046875,88.2280145409544%
954.980688227344,6391.77548363095,88.2163097363781%
955.151098793176,6393.33584077381,87.9438370608802%
955.321491339083,6370.97072172619,87.8184890390858%
955.491865862778,6324.61511160714,87.6110342364862%
955.662222361972,6314.11520833333,87.5775770158802%
955.832560834378,6290.90489583333,87.5737981445038%
956.002881277705,6307.77625744048,87.67929344266%
956.173183689667,6256.08942708333,87.5437741536997%
956.343468067974,6264.05375,87.7347110635683%
956.513734410338,6246.17465773809,87.7135910694106%
956.683982714471,6248.51519345238,87.9778037651052%
956.854212978085,6228.49061011905,87.9849106947751%
957.024425198891,6223.74452380952,87.7484969247426%
957.1946193746,6228.75066964286,87.8472863208418%
957.364795502924,6226.67019345238,88.1815440988891%
957.534953581576,6233.26920386905,88.0636512413385%
957.705093608265,6202.77722470238,88.0527567870137%
957.875215580705,6186.52350446429,88.0829984110665%
958.045319496606,6220.59130208333,88.1493982116279%
958.21540535368,6227.41786458333,88.5544861990258%
958.38547314964,6198.35621279762,88.5337679824251%
958.555522882195,6177.58395833333,88.5678391959799%
958.725554549059,6179.33936011905,88.9069096286402%
958.895568147942,6196.69833333333,89.1774684332846%
959.065563676556,6196.92588541667,89.3542526439906%
959.235541132613,6195.91815476191,89.5187075445518%
959.405500513824,6164.02835565476,89.3902483365451%
959.575441817901,6111.33379464286,89.3933311436323%
959.745365042556,6116.86005952381,89.4640414305257%
959.9152701855,6106.94529017857,89.202596766291%
960.085157244445,6091.86183779762,89.1349251235645%
960.255026217102,6108.60316964286,88.9762031063026%
960.424877101183,6118.58295386905,89.0217606820661%
960.5947098944,6062.60514136905,89.2270207105741%
960.764524594464,6062.70266369048,89.2176347795653%
960.934321199086,6029.41504464286,89.0297263073432%
961.104099705979,6009.00037202381,89.0125524066123%
961.273860112853,6008.41523809524,88.9527539161192%
961.443602417421,6007.79759672619,88.936796185452%
961.613326617395,5950.48697916667,88.9383967104175%
961.783032710485,5908.42235119048,88.5324974411464%
961.952720694403,5862.45683035714,88.3701831153999%
962.122390566862,5932.8354389881,88.4619846108239%
962.292042325572,5918.69470238095,88.5322228113967%
962.461675968244,5873.05425595238,88.35903355078%
962.631291492592,5838.07625,88.2489676129132%
962.800888896325,5830.59953869048,88.2861870822312%
962.970468177157,5866.65029017857,88.5750189805482%
963.140029332799,5881.8962797619,88.3603864099362%
963.309572360961,5839.89666666667,88.306323902027%
963.479097259356,5810.37991071429,88.3461085295947%
963.648604025695,5817.27148809524,88.5936358201023%
963.818092657691,5776.83223214286,88.8549597962477%
963.987563153053,5777.44987351191,88.7862214674458%
964.157015509495,5829.00667410714,89.0051298622612%
964.326449724727,5781.41578125,88.989796607879%
964.495865796462,5784.92658482143,89.2117872219131%
964.665263722411,5767.17752232143,89.1244227075187%
964.834643500285,5756.90517113095,89.0926997414748%
965.004005127796,5731.28930803571,89.113235536509%
965.173348602655,5726.44569940476,89.2510708857262%
965.342673922576,5749.36344494048,89.4146016963247%
965.511981085267,5766.2673139881,89.6078021595263%
965.681270088442,5692.05282738095,89.4050928189299%
965.850540929813,5667.63973958333,89.2702539891568%
966.01979360709,5699.20446428571,89.3255107209185%
966.189028117985,5740.87900297619,89.4334017118201%
966.35824446021,5728.49366815476,89.4449098990358%
966.527442631476,5705.25084821429,89.3717053711355%
966.696622629496,5658.08255208333,89.3860250042815%
966.86578445198,5663.05619047619,89.5198886864717%
967.03492809664,5672.02824404762,89.6163668104629%
967.204053561188,5668.51744047619,89.6218755436989%
967.373160843336,5647.61515625,89.3064213784385%
967.542249940794,5623.52714285714,89.3392211729043%
967.711320851275,5588.64665922619,89.0570549553096%
967.880373572491,5616.47302827381,88.919436685629%
968.049408102152,5613.05974702381,88.7690476540343%
968.21842443797,5647.87521577381,89.094726259296%
968.387422577658,5648.23279761905,89.3200142281243%
968.556402518926,5658.27759672619,89.3868802191096%
968.725364259486,5683.30832589286,89.4838844330481%
968.89430779705,5707.00625,89.8301776302948%
969.06323312933,5718.12379464286,89.7957649040486%
969.232140254036,5740.55392857143,90.1361573373676%
969.401029168881,5705.44589285714,89.9317354368933%
969.569899871576,5692.60545386905,89.9568775046856%
969.738752359834,5686.85163690476,90.0210918872655%
969.907586631364,5670.53290178571,89.9642621593017%
970.076402683879,5661.8209077381,89.8414941328255%
970.245200515091,5734.83261904762,90.0164096848101%
970.413980122711,5765.87722470238,90.0609813011418%
970.582741504451,5747.57553571429,89.8448101068392%
970.751484658022,5730.54163690476,89.8928264100759%
970.920209581136,5743.02449404762,90.1357551379548%
971.088916271504,5767.24253720238,90.3911497431845%
971.257604726839,5759.99337797619,90.6287825699178%
971.426274944852,5742.56938988095,90.5540534054365%
971.594926923254,5731.06175595238,90.7548470901422%
971.763560659756,5702.0976264881,90.4614048071045%
971.932176152072,5692.15034970238,90.2943028267923%
972.100773397911,5669.49266369048,90.2029765571804%
972.269352394986,5649.92318452381,90.0516227791619%
972.437913141009,5584.51821428571,89.6336494899123%
972.60645563369,5576.39135416667,89.7104057591623%
972.774979870742,5554.09125,89.832514258477%
972.943485849876,5564.03852678572,90.0979613449828%
973.111973568804,5555.03396577381,90.2302282377919%
973.280443025237,5520.96616815476,89.9783513738551%
973.448894216887,5536.4722172619,89.8655428456753%
973.617327141465,5531.53108630952,89.9949452401011%
973.785741796684,5442.07061011905,89.9005729693292%
973.954138180254,5401.40380208333,89.8333756237842%
974.122516289887,5389.83115327381,90.1630434782608%
974.290876123296,5380.50151785714,89.8433371405193%
974.45921767819,5342.95542410714,90.0664069873193%
974.627540952283,5315.09654761905,89.8702594810379%
974.795845943286,5310.90308779762,89.6392899653263%
974.96413264891,5302.38613839286,90.0384935497295%
975.132401066867,5298.68029017857,89.9385520566784%
975.300651194868,5284.47453869048,89.9559271048305%
975.468883030625,5260.41903273809,90.0794279776685%
975.63709657185,5252.42220238095,90.3974388453579%
975.805291816254,5271.95917410714,90.3865301187683%
975.973468761549,5279.82597470238,90.4604380867234%
976.141627405447,5270.78890625,90.4512859222516%
976.309767745658,5266.30287946429,90.7242556111302%
976.477889779895,5280.34609375,90.6463355004618%
976.64599350587,5262.33697172619,90.4603287282259%
976.814078921293,5256.09554315476,90.640024862434%
976.982146023877,5269.26105654762,90.7132651939774%
977.150194811332,5284.79961309524,90.8568596497669%
977.318225281372,5290.68345982143,91.170431211499%
977.486237431706,5299.16790178571,91.0713290868911%
977.654231260048,5302.48366071429,90.7048655092766%
977.822206764108,5295.68960565476,91.204814759262%
977.990163941597,5315.58415922619,90.8875695175109%
978.158102790229,5290.65095238095,91.0260770975057%
978.326023307714,5279.95600446429,91.156824047366%
978.493925491763,5306.70962797619,91.4372913686218%
978.661809340089,5276.70526041667,91.4925430356938%
978.829674850403,5256.09554315476,91.730743288817%
978.997522020416,5255.90049851191,92.1103544342981%
979.165350847841,5270.85392113095,91.9580555124825%
979.333161330388,5232.82021577381,92.1384746815781%
979.50095346577,5232.17006696429,92.1598470214053%
979.668727251698,5224.95341517857,92.614304760411%
979.836482685884,5232.46263392857,92.4938466082504%
980.004219766038,5220.79246279762,92.4714167029316%
980.171938489873,5214.94112351191,92.5292511311767%
980.339638855101,5207.91951636905,92.8085344862095%
980.507320859433,5154.15220982143,92.9020809808033%
980.67498450058,5138.41860863095,92.8571428571428%
980.842629776255,5147.48818452381,92.5373742311295%
981.010256684168,5145.79779761905,92.8569968312379%
981.177865222031,5156.39522321429,93.2488755003508%
981.345455387557,5176.12723958333,93.018018018018%
981.513027178456,5162.86420386905,93.3219463422762%
981.68058059244,5212.53557291667,93.3560583880547%
981.848115627221,5226.80633928571,93.7000737696279%
982.01563228051,5191.56827380952,93.503637286415%
982.18313055002,5203.59602678571,93.5317663089763%
982.35061043346,5218.25688244048,93.5196271273411%
982.518071928544,5211.59285714286,93.5196514048983%
982.685515032983,5193.5187202381,93.2286618853783%
982.852939744488,5178.01267113095,93.6113402509443%
983.020346060771,5170.89354166667,93.5150683140485%
983.187733979543,5159.09334077381,93.3683749452476%
983.355103498517,5112.54268601191,92.7113958488745%
983.522454615403,5059.88063244048,92.8549334982988%
983.689787327914,5058.25526041667,92.9749677648838%
983.85710163376,5042.71670386905,92.728655808126%
984.024397530654,5047.26774553571,92.849428494285%
984.191675016307,5042.42413690476,92.8674611773204%
984.358934088431,5033.15951636905,93.0008629695236%
984.526174744737,5022.04197172619,93.0115372338%
984.693396982937,5014.14266369048,92.7957382596369%
984.860600800742,4993.85802083333,92.9304997128087%
985.027786195865,5005.95078869048,92.7263116769701%
985.194953166016,4985.17853422619,92.632986695566%
985.362101708907,4978.96961309524,92.1344685171085%
985.529231822251,4941.94363839286,91.8922039534454%
985.696343503757,4924.29209821429,92.1338427694802%
985.863436751139,4906.83560267857,92.1548602729551%
986.030511562108,4889.99674851191,91.7454697908418%
986.197567934375,4878.00150297619,91.5452989047585%
986.364605865651,4889.86671875,91.4403875694198%
986.531625353649,4883.65779761905,91.8194539977704%
986.698626396081,4872.86532738095,91.7049484683311%
986.865608990657,4878.65165178571,92.3047436511739%
987.032573135089,4899.29387648809,92.3857135990001%
987.199518827089,4893.8326264881,92.6987417442029%
987.366446064368,4910.54145089286,92.7639698942426%
987.533354844638,4908.75354166667,92.7347831369215%
987.700245165611,4894.22271577381,93.1097605623489%
987.867117024999,4890.28931547619,93.5292676953222%
988.033970420512,4874.13311755952,93.3981538461538%
988.200805349863,4859.08217261905,93.7664009506362%
988.367621810762,4860.47999255952,93.9750330152244%
988.534419800922,4822.38127232143,93.9301441152922%
988.701199318055,4796.79791666667,94.3645962262244%
988.867960359871,4772.70990327381,94.139315110253%
989.034702924082,4780.21912202381,93.938310693494%
989.201427008401,4812.07641369048,93.8419730297901%
989.368132610538,4827.28989583333,94.1101782752901%
989.534819728206,4835.3842485119,94.423297528418%
989.701488359115,4820.30079613095,94.9103209565765%
989.868138500978,4837.72478422619,94.7686804660583%
990.034770151505,4827.77750744048,94.9511012165063%
990.201383308409,4835.70932291667,94.9160236041761%
990.367977969402,4824.39673363095,94.7710843373493%
990.534554132194,4815.68473958333,94.8371830379952%
990.701111794497,4807.3953422619,94.288409703504%
990.867650954024,4798.87839285714,94.4232486403118%
991.034171608485,4784.44508928571,94.6262571350911%
991.200673755592,4781.81198660714,94.4101246446535%
991.367157393057,4784.90019345238,93.818639936461%
991.533622518592,4787.95589285714,93.9884520816642%
991.700069129907,4774.20524553571,94.0073763900058%
991.866497224715,4775.96064732143,93.5260597637249%
992.032906800727,4771.89721726191,93.7880189499061%
992.199297855655,4780.34915178571,93.3581504702195%
992.36567038721,4771.24706845238,93.8932372318262%
992.532024393104,4796.08275297619,94.6282401091406%
992.698359871049,4762.47005952381,94.6980096087852%
992.864676818756,4744.72099702381,94.4825222755311%
993.030975233936,4725.15151785714,94.6574987772952%
993.197255114302,4715.62683779762,94.7268106734434%
993.363516457565,4696.25240327381,94.1714682803951%
993.529759261436,4683.83456101191,93.5506281479767%
993.695983523628,4673.72474702381,93.6416519549678%
993.862189241851,4676.35784970238,94.0953159677607%
994.028376413817,4687.83297619048,93.771919569792%
994.194545037239,4675.74020833333,94.4066448705487%
994.360695109827,4660.49421875,94.5471294425293%
994.526826629292,4639.98202380952,94.3341418860241%
994.692939593348,4622.29797619048,94.0107530111436%
994.859033999706,4601.68825892857,94.5581113801454%
995.025109846075,4585.10946428571,94.8372206025268%
995.19116713017,4560.07873511905,94.6337594191403%
995.3572058497,4522.14255208333,94.7682788617637%
995.523226002378,4511.25255952381,94.9305063330148%
995.689227585916,4487.87970982143,95.1510630361805%
995.855210598024,4518.07912202381,95.20701230884%
996.021175036415,4474.06404761905,94.9104883306776%
996.1871208988,4458.68802827381,95.1619992465151%
996.353048182891,4431.34927083333,94.9660936760765%
996.518956886399,4462.13381696429,95.0524215260842%
996.684847007035,4483.5562202381,95.0250023887633%
996.850718542512,4483.42619047619,95.6070031424357%
997.016571490542,4475.6244047619,96.1058331441912%
997.182405848835,4461.02856398809,96.3683315899581%
997.348221615103,4453.649375,95.8137238769129%
997.514018787058,4455.37226934524,96.5878040653117%
997.679797362411,4460.99605654762,96.5213606535424%
997.845557338875,4481.83332589286,96.0546180427415%
998.01129871416,4504.45850446429,96.0101351351353%
998.177021485978,4518.79428571429,96.1162402480155%
998.342725652041,4507.90429315476,96.1964157214818%
998.508411210061,4516.09616815476,96.1356141797197%
998.674078157749,4543.69498511905,96.6982277251762%
998.839726492816,4562.48428571429,97.0876171093723%
999.005356212975,4557.83572172619,97.0624320818872%
999.170967315936,4539.24146577381,97.2722466960354%
999.336559799412,4510.08229166667,97.8261648103714%
999.502133661114,4537.19349702381,98.0469876044968%
999.667688898753,4542.5247172619,98.292399360558%
999.833225510041,4607.66962797619,98.3640231824518%
999.998743492691,4568.79072916667,98.2197712720678%
1000.16424284441,4571.91144345238,98.4896957071646%
1000.32972356292,4523.41034226191,98.7240589935079%
1000.49518564592,4546.00301339286,98.8125306291703%
1000.66062909113,4533.61767857143,98.2011664015755%
1000.82605389626,4542.32967261905,98.4813884448505%
1000.99146005901,4545.9379985119,98.5201571379533%
1001.15684757711,4533.35761904762,98.620345105876%
1001.32221644827,4475.59189732143,99.0628146541709%
1001.48756667019,4451.14630208333,99.4448542257075%
1001.65289824058,4436.87553571428,100%
1001.81821115716,4464.89694940476,100%
1001.98350541765,4439.54114583333,100%
1002.14878101974,4446.20517113095,99.5283392786365%
1002.31403796116,4432.55204613095,99.704307520179%
1002.47927623961,4445.06741071429,99.5478401291886%
1002.64449585281,4454.20200148809,99.679500182563%
1002.80969679847,4460.86602678571,99.5369242018037%
1002.9748790743,4481.37822172619,99.6206249490089%
1003.14004267801,4453.55185267857,99.2358885876262%
1003.30518760731,4381.90545386905,99.769034067475%
1003.47031385991,4387.75679315476,99.4183168316832%
1003.63542143353,4366.91952380952,99.4292617897017%
1003.80051032588,4409.01665922619,99.7706135046086%
1003.96558053467,4370.95044642857,100%
1004.13063205761,4388.34192708333,100%
1004.29566489241,4362.01090029762,100%
1004.46067903678,4328.91832589286,100%
1004.62567448844,4304.73279017857,100%
1004.7906512451,4337.24023065476,99.6888504753675%
1004.95560930447,4349.43052083333,99.9432512659335%
1005.12054866425,4336.16748511905,100%
1005.28546932217,4321.50662946429,99.0487045723555%
1005.45037127593,4345.20455357143,99.61326458037%
1005.61525452325,4314.51752976191,99.5023983502937%
1005.78011906183,4317.05311011905,98.8274405858304%
1005.9449648894,4320.14131696429,99.3802026782484%
1006.10979200365,4330.15360863095,99.4343065693432%
1006.2746004023,4328.49572916667,99.5554740845973%
1006.43939008307,4322.48185267857,99.4659791916031%
1006.60416104366,4344.35936011905,99.6898722458804%
1006.76891328179,4344.424375,100%
1006.93364679516,4342.79900297619,100%
1007.0983615815,4361.45827380952,100%
1007.2630576385,4353.46144345238,100%
1007.42773496389,4376.57423363095,100%
1007.59239355537,4347.35004464286,100%
1007.75703341066,4361.49078125,99.9901375807486%
1007.92165452747,4362.53101934524,100%
1008.0862569035,4376.93181547619,100%
1008.25084053648,4373.87611607143,100%
1008.41540542411,4375.20892113095,100%
1008.5799515641,4358.01248511905,100%
1008.74447895416,4333.11178571429,100%
1008.90898759202,4308.40613095238,100%
1009.07347747537,4340.03587053571,100%
1009.23794860194,4338.963125,100%
1009.40240096942,4333.33933779762,100%
1009.56683457554,4340.36094494048,100%
1009.731249418,4333.20930803571,100%
1009.89564549452,4303.56252232143,100%
1010.06002280281,4285.52089285714,100%
1010.22438134058,4272.25785714286,100%
1010.38872110554,4275.83367559524,100%
1010.5530420954,4259.25488095238,100%
1010.71734430788,4229.21800595238,100%
1010.88162774068,4225.90224702381,100%
1011.04589239152,4257.36944940476,100%
1011.21013825811,4249.82772321429,100%
1011.37436533816,4260.75022321429,100%
1011.53857362939,4301.96965773809,100%
1011.70276312949,4292.15241071429,100%
1011.8669338362,4262.08302827381,100%
1012.03108574721,4285.48838541667,100%
1012.19521886024,4292.83506696429,100%
1012.359333173,4284.31811755952,100%
1012.5234286832,4267.08917410714,100%
1012.68750538856,4253.40354166667,100%
1012.85156328678,4242.51354910714,100%
1013.01560237558,4236.23961309524,100%
1013.17962265267,4222.9115625,100%
1013.34362411576,4197.94584821429,100%
1013.50760676256,4237.50740327381,100%
1013.67157059078,4277.29651041667,100%
1013.83551559814,4260.3276264881,100%
1013.99944178234,4237.63743303571,100%
1014.16334914111,4248.36488839286,100%
1014.32723767214,4268.87708333333,100%
1014.49110737315,4253.24100446429,100%
1014.65495824186,4255.45151041667,100%
1014.81879027597,4263.90344494048,100%
1014.9826034732,4210.16864583333,100%
1015.14639783125,4221.48123511905,100%
1015.31017334784,4232.14367559524,100%
1015.47393002069,4234.25665922619,100%
1015.6376678475,4225.5121577381,100%
1015.80138682598,4214.1670610119,100%
1015.96508695385,4214.58965773809,100%
1016.12876822881,4229.34803571429,100%
1016.29243064858,4210.10363095238,100%
1016.45607421088,4197.39322172619,100%
1016.6196989134,4210.72127232143,100%
1016.78330475387,4214.36210565476,100%
1016.94689173,4167.19380952381,100%
1017.11045983949,4266.27648809524,100%
1017.27400908006,4283.37540178571,100%
1017.43753944942,4308.69869791667,100%
1017.60105094529,4299.56410714286,100%
1017.76454356536,4271.28263392857,100%
1017.92801730736,4274.92346726191,100%
1018.091472169,4265.00869791667,100%
1018.25490814798,4253.01345238095,100%
1018.41832524203,4274.17579613095,100%
1018.58172344884,4257.27192708334,100%
1018.74510276614,4294.52545386905,100%
1018.90846319164,4278.23922619048,100%
1019.07180472303,4273.98075148809,100%
1019.23512735805,4303.53001488095,100%
1019.3984310944,4296.80097470238,100%
1019.56171592978,4269.39720238095,100%
1019.72498186192,4289.811875,100%
1019.88822888853,4280.64477678572,100%
1020.05145700731,4288.60909970238,100%
1020.21466621597,4293.25766369048,100%
1020.37785651224,4318.38591517857,100%
1020.54102789381,4184.97537946428,100%
1020.70418035841,4152.14286458333,100%
1020.86731390374,4123.76386904762,100%
1021.03042852752,4134.39380208333,100%
1021.19352422745,4137.7095610119,100%
1021.35660100125,4131.01302827381,100%
1021.51965884663,4104.84453869048,100%
1021.68269776131,4094.63720238095,100%
1021.84571774298,4065.18546130952,100%
1022.00871878937,4056.14839285714,100%
1022.17170089819,4010.34540922619,100%
1022.33466406715,3986.74500744048,100%
1022.49760829395,3990.35333333333,100%
1022.66053357632,3961.35669642857,100%
1022.82343991196,3939.83677083333,100%
1022.98632729858,3961.58424851191,100%
1023.1491957339,3958.20347470238,100%
1023.31204521562,3958.07344494048,100%
1023.47487574147,3948.25619791667,100%
1023.63768730915,3937.52874255952,100%
1023.80047991637,3913.53825148809,100%
1023.96325356084,3947.76858630952,100%
1024.12600824028,3982.42151785714,100%
1024.28874395239,3991.45858630952,100%
1024.4514606949,3977.61041666667,100%
1024.6141584655,3931.5473735119,100%
1024.77683726192,3908.14201636905,100%
1024.93949708186,3927.02883928571,100%
1025.10213792303,3910.22249255952,100%
1025.26475978316,3917.79672619048,100%
1025.42736265994,3905.44389880952,100%
1025.58994655109,3906.1590625,100%
1025.75251145432,3934.18047619048,100%
1025.91505736734,3921.50257440476,100%
1026.07758428787,3936.09841517857,100%
1026.24009221362,3942.43736607143,100%
1026.40258114229,3941.72220238095,100%
1026.56505107161,3953.3923735119,100%
1026.72750199927,3938.86154761905,100%
1026.889933923,3930.99474702381,100%
1027.0523468405,3929.14182291667,100%
1027.21474074949,3929.75946428571,100%
1027.37711564767,3928.71922619048,100%
1027.53947153277,3906.93924107143,100%
1027.70180840248,3914.96857886905,100%
1027.86412625453,3908.07700148809,100%
1028.02642508662,3914.87105654762,100%
1028.18870489646,3907.91446428571,100%
1028.35096568178,3891.6932514881,100%
1028.51320744027,3900.24270833333,100%
1028.67543016965,3917.50415922619,100%
1028.83763386764,3934.18047619048,100%
1028.99981853193,3933.14023809524,100%
1029.16198416026,3963.92478422619,100%
1029.32413075031,3953.39237351191,100%
1029.48625829982,3942.50238095238,100%
1029.64836680649,3912.88810267857,100%
1029.81045626803,3892.63596726191,100%
1029.97252668215,3870.62843005952,100%
1030.13457804657,3872.54636904762,100%
1030.29661035899,3868.67798363095,100%
1030.45862361713,3879.86054315476,100%
1030.6206178187,3900.27521577381,100%
1030.78259296141,3882.55866071429,100%
1030.94454904297,3878.59275297619,100%
1031.1064860611,3870.75845982143,100%
1031.2684040135,3890.29543154762,100%
1031.4303028979,3907.45936011905,100%
1031.59218271199,3923.16045386905,100%
1031.75404345349,3929.01179315476,100%
1031.91588512011,3934.66808779762,100%
1032.07770770956,3926.99633184524,100%
1032.23951121957,3929.07680803571,100%
1032.40129564783,3920.49484375,100%
1032.56306099205,3884.15152529762,100%
1032.72480724996,3901.73805059524,100%
1032.88653441926,3906.77670386905,100%
1033.04824249766,3938.66650297619,100%
1033.20993148288,3943.96521577381,100%
1033.37160137262,3934.34301339286,100%
1033.53325216461,3948.93885416667,100%
1033.69488385654,3952.80723958333,100%
1033.85649644613,3960.54401041667,100%
1034.0180899311,3922.44529017857,100%
1034.17966430915,3901.83557291667,100%
1034.341219578,3897.21951636905,100%
1034.50275573535,3909.34479166667,100%
1034.66427277893,3882.36361607143,100%
1034.82577070643,3888.31247767857,100%
1034.98724951558,3893.44865327381,100%
1035.14870920408,3933.30277529762,100%
1035.31014976965,3907.19930059524,100%
1035.47157120999,3902.81079613095,100%
1035.63297352283,3877.6175297619,100%
1035.79435670586,3916.88651785714,100%
1035.95572075681,3906.25658482143,100%
1036.11706567338,3906.77670386905,100%
1036.27839145329,3906.90673363095,100%
1036.43969809424,3906.84171875,100%
1036.60098559395,3910.28750744048,100%
1036.76225395013,3916.72398065476,100%
1036.92350316049,3923.68057291667,100%
1037.08473322275,3937.72378720238,100%
1037.24594413461,3952.41715029762,100%
1037.40713589379,3954.7576860119,100%
1037.56830849799,4004.49406994048,100%
1037.72946194494,4018.21220982143,100%
1037.89059623233,4003.06374255952,100%
1038.05171135789,3993.47404761905,100%
1038.21280731933,3970.94639136905,100%
1038.37388411435,3968.24827380952,100%
1038.53494174066,3939.99930803571,100%
1038.69598019599,3961.12914434524,100%
1038.85699947804,3962.85203869048,100%
1039.01799958452,3983.03915922619,100%
1039.17898051314,4924.6821875,100%
1039.33994226162,3978.520625,100%
1039.50088482767,3947.1184375,100%
1039.661808209,3391.43625,100%
1039.82271240331,3456.97125,100%
1039.98359740833,3946.43578125,100%
1040.14446322176,3946.43578125,100%
1040.30530984132,3946.43578125,100%
1040.46613726472,3946.43578125,100%
1040.62694548966,3946.43578125,100%
1040.78773451386,3946.43578125,100%

Peak Wavelengths
546.849981639777
774.809654837504
868.461872078243
1001.65289824058

Wavelength, Light Calibration Value, Darkness Calibration Value
345.21991,1342.1021875,1351.659375
345.435498861008,1310.01734375,1341.41953125
345.651076862504,1360.53390625,1352.34203125
345.866644002202,3491.78671875,3519.775625
346.082200277813,3357.98609375,3412.59859375
346.297745687047,3349.1115625,3299.9603125
346.513280227618,4264.55359375,4227.69015625
346.728803897236,3459.01921875,3423.52109375
346.944316693613,3110.181875,3152.5065625
347.15981861446,4134.16625,4162.15515625
347.37530965749,3271.80886904762,3260.69132440476
347.590789820413,3408.6326860119,3393.25666666667
347.806259100942,3540.35283482143,3520.39326636905
348.021717496787,3651.78834077381,3627.47277529762
348.237165005661,3651.91837053571,3624.83967261905
348.452601625276,3710.39925595238,3673.37328125
348.668027353342,3777.16953869048,3740.8262202381
348.883442187571,3734.19470238095,3698.92412946429
349.098846125676,3731.95168898809,3694.92571428572
349.314239165367,3809.7745014881,3768.49005208333
349.529621304356,3800.11979166667,3752.95149553571
349.744992540355,3832.39968005952,3782.33822172619
349.960352871075,3851.25399553571,3798.1693452381
350.175702294228,3888.9626264881,3828.79135416667
350.391040807526,3899.52754464286,3830.35171130952
350.606368408679,3908.43458333333,3835.58540922619
350.821685095401,3946.43578125,3870.62843005952
351.036990865402,3979.75590773809,3903.72100446429
351.252285716393,3994.64431547619,3922.12021577381
351.467569646088,3943.90020089286,3876.44726190476
351.682842652196,3924.4607514881,3857.52793154762
351.89810473243,3955.57037202381,3890.55549107143
352.113355884501,3966.20030505952,3896.30930803571
352.328596106122,3942.63241071429,3869.91326636905
352.543825395002,3930.27958333333,3858.21058779762
352.759043748855,3969.71110863095,3894.61892113095
352.974251165392,3936.91110119048,3867.41019345238
353.189447642324,3885.06173363095,3810.0345610119
353.404633177362,3910.05995535714,3825.4755952381
353.619807768219,3908.72715029762,3820.07936011905
353.834971412607,3860.81118303571,3768.03494791667
354.050124108236,3834.12257440476,3740.27359375
354.265265852818,3793.68331845238,3701.75227678571
354.480396644065,3796.47895833333,3706.14078125
354.695516479689,3826.67837053571,3737.28290922619
354.9106253574,3808.24665178571,3722.84960565476
355.125723274911,3793.00066220238,3707.08349702381
355.340810229934,3813.57787202381,3729.28607886905
355.555886220179,3814.06548363095,3725.28766369048
355.770951243359,3797.77925595238,3705.42561755952
355.986005297185,3826.67837053571,3726.4904389881
356.201048379369,3853.00939732143,3751.61869047619
356.416080487621,3861.13625744048,3750.05833333333
356.631101619655,3823.81771577381,3715.99053571429
356.846111773181,3817.96637648809,3707.70113839286
357.061110945911,3846.83298363095,3728.47339285714
357.276099135557,3852.55429315476,3733.73959821429
357.49107633983,3851.44904017857,3726.10034970238
357.706042556441,3859.1858110119,3733.90213541667
357.920997783104,3863.76936011905,3736.11264136905
358.135942017528,3922.18523065476,3788.15705357143
358.350875257425,3927.1913764881,3785.39392113095
358.565797500508,3943.34757440476,3794.72355654762
358.780708744488,3983.55927827381,3825.96320684524
358.995608987076,4046.36365327381,3876.9348735119
359.210498225985,4012.00328869048,3832.78976934524
359.425376458925,4015.61161458333,3819.46171875
359.640243683608,4065.73808779762,3851.61157738095
359.855099897745,4078.02590029762,3848.88095238095
360.06994509905,4066.12817708333,3821.21712053571
360.284779285232,4076.17297619048,3810.35963541667
360.499602454003,4099.74087053571,3816.56855654762
360.714414603076,4172.98013392857,3859.99849702381
360.929215730162,4169.59936011905,3829.79908482143
361.144005832972,4193.32979166667,3825.605625
361.358784909218,4255.6790625,3859.77094494048
361.573552956612,4265.75636904762,3843.97232886905
361.788309972865,4270.95755952381,3810.26211309524
362.003055955688,4290.29948660714,3787.47439732143
362.217790902794,4352.42120535714,3808.18163690476
362.432514811894,4426.63569196429,3842.89958333333
362.647227680699,4436.55046130952,3809.7745014881
362.861929506922,4470.19566220238,3801.12752232143
363.076620288273,4530.72451636905,3816.40601934524
363.291300022465,4582.08627232143,3818.97410714286
363.505968707208,4591.74098214286,3777.10452380952
363.720626340215,4633.870625,3767.15724702381
363.935272919197,4742.41296875,3832.33466517857
364.149908441866,4778.13864583333,3819.39670386905
364.364532905934,4800.17869047619,3788.41711309524
364.579146309111,4865.90873511905,3807.88906994048
364.79374864911,4937.39259672619,3834.96776785714
365.008339923641,4985.79617559524,3835.48788690476
365.222920130418,4980.82253720238,3785.94654761905
365.437489267151,5031.33909970238,3793.03316964286
365.652047331552,5098.59699404762,3819.91682291667
365.866594321332,5132.01464285714,3812.92772321429
366.081130234203,5157.27292410714,3802.23277529762
366.295655067877,5181.55598214286,3791.70036458333
366.510168820066,5227.9115922619,3807.56399553571
366.72467148848,5217.70425595238,3770.18043898809
366.939163070832,5202.75083333333,3728.92849702381
367.153643564833,5215.88383928572,3718.26605654762
367.368112968194,5274.68979910714,3759.81056547619
367.582571278628,5290.42340029762,3757.14495535714
367.797018493846,5279.30585565476,3728.47339285714
368.011454611559,5263.34470238095,3699.70430803571
368.225879629479,5301.28088541667,3724.99509672619
368.440293545318,5284.18197172619,3697.33126488095
368.654696356787,5276.96531994048,3684.84840773809
368.869088061598,5292.17880208333,3693.10529761905
369.083468657462,5317.69714285714,3714.13761160714
369.297838142092,5352.18753720238,3746.58003720238
369.512196513198,5342.43530505952,3732.34177827381
369.726543768492,5330.18,3721.51680059524
369.940879905687,5372.6347172619,3766.66963541667
370.155204922492,5374.00002976191,3764.26408482143
370.369518816621,5360.70448660714,3757.11244791667
370.583821585784,5383.4271875,3785.45893601191
370.798113227694,5354.78813244048,3767.48232142857
371.012393740062,5403.97188988095,3829.86409970238
371.226663120598,5405.07714285714,3842.60701636905
371.440921367016,5387.03551339286,3836.59313988095
371.655168477027,5414.11421130952,3884.83418154762
371.869404448341,5388.95345238095,3874.95191964286
372.083629278672,5370.68427083333,3874.13923363095
372.29784296573,5356.31598214286,3879.60048363095
372.512045507227,5372.47218005952,3912.75807291667
372.726236900874,5367.23848214286,3928.29662946429
372.940417144384,5336.16136904762,3910.58007440476
373.154586235468,5325.27137648809,3914.54598214286
373.368744171837,5338.04680059524,3940.16184523809
373.582890951202,5325.56394345238,3937.20366815476
373.797026571277,5269.03350446429,3885.97194196429
374.011151029772,5257.20079613095,3880.02308035714
374.225264324398,5288.57047619048,3914.02586309524
374.439366452868,5275.53499255952,3902.25816964286
374.653457412893,5244.55540178571,3875.11445684524
374.867537202184,5225.11595238095,3857.78799107143
375.081605818454,5246.60337053571,3877.55251488095
375.295663259413,5296.37226190476,3928.71922619048
375.509709522774,5231.71496279762,3862.14398809524
375.723744606248,5240.32943452381,3863.11921130952
375.937768507546,5271.43905505952,3894.0012797619
376.15178122438,5264.57998511905,3873.35905505952
376.365782754462,5254.40515625,3847.77569940476
376.579773095504,5262.40198660714,3842.83456845238
376.793752245216,5307.26225446429,3871.24607142857
377.007720201311,5324.16612351191,3870.82347470238
377.2216769615,5313.37365327381,3842.67203125
377.435622523495,5323.58098958333,3836.56063244048
377.649556885007,5373.15483630952,3866.59750744048
377.863480043748,5344.3857514881,3823.59016369048
378.07739199743,5334.95859375,3799.92474702381
378.291292743764,5346.66127232143,3792.12296130952
378.505182280461,5388.82342261905,3818.32395833333
378.719060605234,5402.83412946428,3823.13505952381
378.932927715794,5383.49220238095,3785.65398065476
379.146783609852,5419.70549107143,3805.1259375
379.36062828512,5447.07675595238,3813.70790178571
379.57446173931,5435.21154017857,3782.95586309524
379.788283970133,5443.04583333333,3763.93901041667
380.002094975302,5489.95406994048,3783.99610119048
380.215894752526,5570.11741815476,3837.11325892857
380.429683299519,5623.52714285714,3854.43972470238
380.643460613992,5620.24389136905,3824.72792410714
380.857226693655,5650.31327380952,3818.35646577381
381.070981536222,5725.24292410714,3855.74002232143
381.284725139403,5724.59277529762,3812.89521577381
381.49845750091,5742.82944940476,3789.52236607143
381.712178618455,5779.4978422619,3788.18956101191
381.925888489749,5842.26970982143,3808.4091889881
382.139587112504,5898.2800297619,3825.44308779762
382.353274484432,5961.79956845238,3839.42128720238
382.566950603243,6000.87351190476,3831.81454613095
382.780615466651,6155.05630208333,3940.03181547619
382.994269072365,6166.23886160714,3906.84171875
383.207911418098,6187.7262797619,3879.04785714286
383.421542501562,6240.77842261905,3879.53546875
383.635162320468,6310.76694196429,3903.20088541667
383.848770872527,6394.89619791667,3930.60465773809
384.062368155452,6448.11087797619,3925.79355654762
384.275954166954,6500.41534970238,3925.01337797619
384.489528904744,6560.81417410714,3931.87244791667
384.703092366534,6532.69523809524,3848.39334077381
384.916644550035,6545.27561755952,3806.42623511905
385.13018545296,6615.81676339286,3817.05616815476
385.34371507302,6697.34542410714,3840.46152529762
385.557233407926,6748.41461309524,3828.75884672619
385.77074045539,6827.70026041667,3849.01098214286
385.984236213123,6888.03406994048,3851.02644345238
386.197720678838,6981.00534970238,3871.18105654762
386.411193850246,7058.27553571429,3879.73051339286
386.624655725058,7091.69318452381,3843.71226934524
386.838106300986,7174.32709821429,3854.69978422619
387.051545575742,7283.74714285714,3890.10038690476
387.264973547037,7260.76438244048,3804.18322172619
387.478390212582,7347.88432291667,3821.6397172619
387.69179557009,7426.29226934524,3822.25735863095
387.905189617272,7510.0314360119,3836.00800595238
388.11857235184,7591.43006696428,3828.75884672619
388.331943771505,7645.09985119048,3806.3612202381
388.545303873978,7735.76310267857,3817.05616815476
388.758652656972,7853.17997767857,3851.12396577381
388.971990118198,7927.03688244048,3841.43674851191
389.185316255368,8033.72630208333,3858.43813988095
389.398631066192,8125.75486607143,3857.98303571429
389.611934548384,8206.0807514881,3845.76023809524
389.825226699653,8291.21773809524,3847.22307291667
390.038507517713,8368.61795386905,3837.11325892857
390.251777000274,8460.2889360119,3834.90275297619
390.465035145049,8617.68996279762,3901.2504389881
390.678281949748,8712.12407738095,3900.73031994048
390.891517412083,8781.20238839286,3879.37293154762
391.104741529767,8871.70310267857,3875.60206845238
391.31795430051,8946.43770833333,3865.68729910714
391.531155722024,9040.15665922619,3865.91485119048
391.74434579202,9109.65756696429,3832.59472470238
391.957524508211,9219.20764136905,3836.04051339286
392.170691868309,9336.26693452381,3854.99235119048
392.383847870023,9440.09569940476,3854.56975446428
392.596992511067,9511.90463541667,3827.36102678571
392.810125789151,9626.65590029762,3840.55904761905
393.023247701988,9751.67951636905,3861.39631696429
393.236358247288,9833.95584821428,3826.06072916667
393.449457422764,9929.98282738095,3810.84724702381
393.662545226128,10054.2587723214,3821.99729910714
393.875621655089,10162.2159821429,3821.37965773809
394.088686707362,10277.0647693452,3837.60087053571
394.301740380656,10387.8826339286,3827.94616071429
394.514782672683,10479.3260639881,3804.21572916667
394.727813581156,10592.77703125,3799.98976190476
394.940833103785,10642.8709970238,3735.29995535714
395.153841238283,10727.2928199405,3711.50450892857
395.36683798236,10840.7112797619,3707.11600446429
395.579823333729,10961.5739434524,3715.50292410714
395.792797290101,11072.1317485119,3707.79866071429
396.005759849188,11150.1821130952,3668.88725446429
396.218711008701,11291.7845238095,3692.91025297619
396.431650766351,11422.3018973214,3707.21352678571
396.644579119852,11536.1754613095,3701.16714285714
396.857496066913,11632.3324702381,3694.01550595238
397.070401605247,11732.877983631,3686.18121279762
397.283295732565,11853.9031845238,3692.91025297619
397.496178446579,11966.0863616071,3690.04959821429
397.709049745,12068.1272172619,3681.63017113095
397.921909625541,12189.7700595238,3697.81887648809
398.134758085912,12324.9034895833,3722.42700892857
398.347595123825,12498.135639881,3779.77013392857
398.560420736992,12633.7891889881,3784.87380208333
398.773234923125,12750.4583928571,3785.62147321429
398.986037679935,12878.4726934524,3803.27301339286
399.198829005133,12984.2844122024,3801.94020833333
399.411608896431,13096.2725446429,3805.19095238095
399.624377351542,13208.7482886905,3805.97113095238
399.837134368175,13336.6650669643,3820.30691220238
400.049879944044,13549.1662053571,3904.30613839286
400.262614076859,13668.0134077381,3907.84944940476
400.475336764333,13767.7787425595,3903.9810639881
400.688048004176,13889.7466592262,3919.09702380952
400.900747794101,13990.0646205357,3909.11723958333
401.113436131818,14075.5916964286,3882.85122767857
401.32611301504,14217.8117485119,3884.05400297619
401.538778441479,14365.1679761905,3914.64350446428
401.751432408845,14486.4857440476,3916.75648809524
401.964074914851,14584.8532589286,3905.05380952381
402.176705957207,14681.9854910714,3888.67005952381
402.389325533626,14768.2277306548,3866.92258184524
402.601933641819,14892.14609375,3881.68095982143
402.814530279499,14937.2989285714,3830.61177083333
403.027115444375,15037.8119345238,3824.27281994048
403.23968913416,15182.3725223214,3858.40563244048
403.452251346566,15272.9707589286,3845.40265625
403.664802079304,15370.7206324405,3842.41197172619
403.877341330086,15501.3355282738,3850.40880208333
404.089869096623,15614.1688541667,3864.77709077381
404.302385376627,15709.3831473214,3870.23834077381
404.51489016781,15727.9448958333,3781.55804315476
404.727383467883,15830.8959598214,3772.2284077381
404.939865274557,15937.8454389881,3769.6278125
405.152335585545,16036.0829241071,3757.79510416667
405.364794398558,16134.3529166667,3761.27340029762
405.577241711307,16250.7945684524,3771.15566220238
405.789677521504,16323.0261011905,3765.62939732143
406.002101826862,16437.9724107143,3785.29639880952
406.21451462509,16517.0955208333,3775.28410714286
406.426915913901,16618.3887053571,3775.83673363095
406.639305691007,16727.9387797619,3794.56101934524
406.851683954119,16851.8571428571,3808.92930803571
407.064050700949,16909.0377306548,3766.11700892857
407.276405929208,16998.140625,3759.42047619048
407.488749636608,17130.0883258929,3796.47895833333
407.70108182086,17198.15890625,3782.98837053571
407.913402479676,17325.5880729167,3809.61196428571
408.125711610768,17435.8533110119,3821.5096875
408.338009211848,17499.3403422619,3808.44169642857
408.550295280626,17609.4430431548,3803.6305952381
408.762569814815,17697.0831026786,3794.72355654762
408.974832812126,17732.3861830357,3757.04743303571
409.18708427027,17869.7951339286,3808.50671130952
409.39932418696,17987.1795014881,3840.23397321429
409.611552559907,18055.3801116071,3837.86093005952
409.823769386822,18145.003125,3830.28669642857
410.035974665417,18266.1583556548,3873.81415922619
410.248168393404,18382.502485119,3915.35866815476
410.460350568494,18421.1213244048,3882.52615327381
410.672521188399,18497.5138095238,3875.27699404762
410.88468025083,18576.376860119,3881.4534077381
411.096827753499,18695.971733631,3913.57075892857
411.308963694118,18767.0980133929,3916.85401041667
411.521088070399,18852.0074479167,3934.11546130952
411.733200880052,18972.6750669643,3962.6895014881
411.945302120789,19030.1807291667,3972.14916666667
412.157391790323,19079.55953125,3959.50377232143
412.369469886364,19116.9105803571,3935.93587797619
412.581536406624,19163.5587574405,3918.90197916667
412.793591348816,19250.90625,3936.52101190476
413.005634710649,19273.7264732143,3920.23478422619
413.217666489837,19331.0045833333,3925.79355654762
413.42968668409,19431.3875595238,3961.97433779762
413.641695291121,19483.4969866071,3946.14321428571
413.85369230864,19534.2736086309,3933.27026785714
414.06567773436,19593.3721354167,3928.84925595238
414.277651565991,19666.8714583333,3961.29168154762
414.489613801246,19705.4252827381,3942.95748511905
414.701564437837,19744.9218229167,3904.30613839286
414.913503473474,19817.6734747024,3909.11723958333
415.12543090587,19911.4574404762,3934.76561011905
415.337346732735,19939.9989732143,3910.05995535714
415.549250951782,19975.5621130952,3896.11426339286
415.761143560723,20024.7783779762,3888.47501488095
415.973024557268,20115.2465848214,3905.41139136905
416.184893939129,20163.0325223214,3911.36025297619
416.396751704019,20196.4176636905,3861.55885416667
416.608597849648,20270.3070758929,3863.63933035714
416.820432373728,20320.62859375,3871.40860863095
417.032255273971,20412.10453125,3912.49801339286
417.244066548088,20472.9909672619,3907.91446428571
417.455866193791,20566.9374702381,3929.40188244048
417.667654208792,20624.5406547619,3930.79970238095
417.879430590802,20695.7644568452,3932.88017857143
418.091195337533,20718.4221428571,3917.82923363095
418.302948446696,20770.0764657738,3914.64350446429
418.514689916002,20827.094516369,3923.87561755952
418.726419743165,20866.818608631,3916.98404017857
418.938137925894,20895.5876934524,3882.8187202381
419.149844461903,20951.0453869048,3889.84032738095
419.361539348901,20982.187514881,3879.56797619048
419.573222584602,21011.0541220238,3862.20900297619
419.784894166716,21076.394077381,3876.34973958333
419.996554092955,21096.0285714286,3860.12852678571
420.208202361031,21177.7522767857,3872.67639880952
420.419838968655,21183.5386011905,3860.61613839286
420.631463913539,21230.674389881,3837.8934375
420.843077193395,21294.031391369,3858.53566220238
421.054678805933,21368.570952381,3884.73665922619
421.266268748867,21428.7747321429,3902.71327380952
421.477847019906,21461.1196354167,3890.13289434524
421.689413616764,21499.510922619,3890.19790922619
421.900968537151,21524.5741592262,3879.95806547619
422.112511778779,21584.8104464286,3900.40524553571
422.32404333936,21610.231264881,3898.94241071429
422.535563216605,21649.695297619,3900.04766369048
422.747071408226,21724.8199925595,3945.52557291667
422.958567911934,21787.8844270833,3951.89703125
423.170052725441,21815.9058407738,3923.45302083333
423.38152584646,21859.6933630952,3936.52101190476
423.5929872727,21892.9159672619,3953.55491071428
423.804437001874,21904.7161681548,3933.49781994048
424.015875031694,21935.5982366071,3934.50555059524
424.22730135987,21976.4275818452,3954.62765625
424.438715984116,22044.0105505952,3983.52677083333
424.650118902141,22057.1110491071,3992.95392857143
424.861510111659,22094.5271130952,3995.58703125
425.07288961038,22134.7388169643,4001.01577380952
425.284257396016,22171.3096875,4026.82668154762
425.495613466278,22171.7647916667,4010.76800595238
425.706957818879,22164.9707366071,3985.80229166667
425.91829045153,22188.1810491071,3975.49743303571
426.129611361942,22199.4936383929,3980.99119047619
426.340920547827,22243.8012797619,3995.00189732143
426.552218006896,22232.3586607143,3960.08890625
426.763503736862,22231.8060342262,3960.05639880952
426.974777735436,22283.0377604167,3990.74342261905
427.186040000329,22285.7683854167,3982.55154761905
427.397290529253,22280.9247767857,3978.74817708333
427.60852931992,22269.5146651786,3985.3471875
427.81975637004,22335.2447098214,4028.67960565476
428.030971677327,22352.3761309524,4002.67365327381
428.242175239491,22394.4407589286,4027.34680059524
428.453367054244,22409.1991369048,4033.16563244048
428.664547119298,22422.1696056548,4024.48614583333
428.875715432364,22392.9454166667,4000.98326636905
429.086871991153,22393.5630580357,3989.28058779762
429.298016793378,22408.8740625,3979.49584821429
429.50914983675,22408.0613764881,3998.28514880952
429.72027111898,22381.7953645833,3960.41398065476
429.931380637781,22382.0879315476,3947.1184375
430.142478390864,22440.1137127976,3983.26671130952
430.353564375939,22436.1152976191,3987.62270833333
430.56463859072,22464.916889881,3999.65046130952
430.775701032917,22425.4528571429,3978.19555059524
430.986751700243,22474.3440476191,3989.67067708333
431.197790590408,22491.6054985119,4006.31448660714
431.408817701124,22482.9260119048,3988.24034970238
431.619833030104,22456.6274925595,3946.50079613095
431.830836575058,22448.3380952381,3941.16957589286
432.041828333698,22517.7414806548,3992.36879464286
432.252808303736,22461.1135193452,3943.73766369048
432.463776482883,22460.9834895833,3953.71744791667
432.674732868851,22485.6566369048,3947.89861607143
432.885677459352,22497.7819122024,3975.20486607143
433.096610252096,22501.1951934524,3976.11507440476
433.307531244797,22506.2338467262,3974.81477678571
433.518440435165,22468.7852752976,3971.46651041667
433.729337820911,22467.1924107143,3983.91686011905
433.940223399749,22463.4865625,3972.01913690476
434.151097169388,22419.6015178571,3955.37532738095
434.361959127541,22374.806264881,3951.79950892857
434.572809271919,22366.3543303571,3941.75470982143
434.783647600234,22339.8607663691,3936.1959375
434.994474110198,22280.7947470238,3903.94855654762
435.205288799522,22272.2452901786,3911.32774553571
435.416091665917,22229.6930505952,3923.45302083333
435.626882707096,22241.7533110119,3931.90495535714
435.837661920769,22190.4240625,3914.22090773809
436.048429304649,22162.1100818452,3917.30911458333
436.259184856448,22159.3469494048,3940.94202380952
436.469928573875,22069.3663541667,3883.5013764881
436.680660454645,22049.8943973214,3900.24270833333
436.891380496466,21994.7942857143,3892.89602678571
437.102088697053,21920.4822767857,3892.3759077381
437.312785054115,21854.1020833333,3845.33764136905
437.523469565365,21794.5159449405,3835.74794642857
437.734142228515,21774.3613318452,3858.30811011905
437.944803041275,21777.352016369,3863.21673363095
438.155452001357,21733.2394196429,3873.29404017857
438.366089106474,21644.1040178571,3855.54497767857
438.576714354336,21631.4261160714,3873.13150297619
438.787327742656,21594.8227380952,3855.21990327381
438.997929269144,21560.267328869,3871.83120535714
439.208518931513,21489.8887202381,3872.87144345238
439.419096727474,21434.3009970238,3885.77689732143
439.629662654738,21392.6589657738,3896.40683035714
439.840216711018,21344.1578645833,3895.10653273809
440.050758894025,21234.3477306548,3849.59611607143
440.261289201469,21176.3869642857,3872.41633928571
440.471807631064,21149.0156994048,3903.29840773809
440.682314180521,21086.503891369,3892.73348958333
440.892808847551,21039.2705803571,3889.41773065476
441.103291629865,20944.0562872024,3861.49383928571
441.313762525176,20897.7981994048,3861.62386904762
441.524221531195,20844.3234598214,3866.82505952381
441.734668645633,20791.8564508929,3886.97967261905
441.945103866203,20750.8645684524,3882.85122767857
442.155527190615,20660.8839732143,3866.95508928571
442.365938616582,20606.8566071429,3890.81555059524
442.576338141815,20529.0012872024,3864.64706101191
442.786725764025,20469.6101934524,3865.36222470238
442.997101480925,20412.3320833333,3880.80325892857
443.207465290225,20396.0458556548,3927.64648065476
443.417817189638,20300.9615922619,3896.4718452381
443.628157176875,20304.6024255952,3912.20544642857
443.838485249647,20269.6894345238,3914.51347470238
444.048801405666,20214.6543377976,3933.95292410714
444.259105642644,20145.4785044643,3916.39890625
444.469397958293,20083.3567857143,3924.81833333333
444.679678350323,20012.750625,3891.04310267857
444.889946816447,19947.150610119,3882.85122767857
445.100203354376,19881.5180877976,3878.52773809524
445.310447961822,19816.3081622024,3892.44092261905
445.520680636496,19796.3160863095,3922.47779761905
445.73090137611,19790.7573139881,3972.5067485119
445.941110178376,19756.7870386905,3985.50972470238
446.151307041005,19677.56640625,3973.54698660714
446.361491961708,19614.0468675595,3980.89366815476
446.571664938198,19578.5487425595,3998.57771577381
446.781825968186,19505.8295982143,3973.80704613095
446.991975049383,19451.8997544643,3976.57017857143
447.202112179501,19433.5980654762,4020.22767113095
447.412237356252,19360.8464136905,3994.87186755952
447.622350577348,19251.7514434524,3956.18801339286
447.832451840499,19216.2208110119,3972.21418154762
448.042541143418,19140.2184151786,3975.39991071429
448.252618483815,19114.5700446429,3990.54837797619
448.462683859404,19048.0923288691,3961.94183035714
448.672737267895,18995.3977678571,3965.87523065476
448.882778706999,18998.0958854167,4003.68138392857
449.092808174429,19003.6871651786,4044.99834077381
449.302825667897,18911.0734672619,4018.79734375
449.512831185113,18855.4532366071,4010.44293154762
449.722824723789,18843.6205282738,4029.26473958333
449.932806281637,18781.6938541667,4023.41340029762
450.142775856368,18684.7566666667,3981.60883184524
450.352733445695,18647.8607217262,3975.85501488095
450.562679047328,18623.9352455357,3997.14738839286
450.77261265898,18579.1074851191,4000.65819196429
450.982534278361,18535.417485119,3987.13509672619
451.192443903184,18478.3669270833,3977.67543154762
451.40234153116,18408.5084375,3962.75451636905
451.61222716,18354.0259672619,3940.55193452381
451.822100787417,18327.1098065476,3943.80267857143
452.031962411121,18315.8622321429,3968.08573660714
452.241812028825,18244.5409077381,3950.46670386905
452.45164963824,18200.5258333333,3938.47145833333
452.661475237078,18132.4552529762,3925.85857142857
452.87128882305,18116.1040104167,3935.57829613095
453.081090393868,18059.1509747024,3933.27026785714
453.290879947243,18014.5182589286,3946.63082589286
453.500657480887,17956.2649255952,3932.68513392857
453.710422992512,17942.7418303571,3939.54420386905
453.920176479828,17911.9897916667,3946.20822916667
454.129917940549,17896.2886979167,3962.75451636905
454.339647372385,17858.8726339286,3952.48216517857
454.549364773049,17829.9735193452,3971.62904761905
454.75907014025,17770.5824255952,3969.25600446429
454.968763471702,17768.5669642857,3974.65223958333
455.178444765116,17732.1261235119,3975.20486607143
455.388114018203,17742.0734002976,3989.89822916667
455.597771228675,17737.7499107143,4027.93193452381
455.807416394244,17760.0175074405,4087.09547619048
456.017049512621,17728.7453497024,4076.75811011905
456.226670581517,17708.78578125,4080.56148065476
456.436279598645,17669.0616889881,4081.82927083333
456.645876561716,17683.2999479167,4122.82115327381
456.855461468442,17662.9177827381,4129.97279017857
457.065034316534,17625.1116294643,4118.40014136905
457.274595103703,17576.7080505952,4102.27645089286
457.484143827662,17572.7746502976,4109.78566964286
457.693680486122,17518.7147767857,4056.27842261905
457.903205076794,17473.334389881,4043.82807291667
458.11271759739,17503.0136830357,4088.20072916667
458.322218045623,17508.4424255952,4097.17278273809
458.531706419202,17437.4786830357,4044.73828125
458.741182715841,17429.9044494048,4052.34502232143
458.95064693325,17406.1090029762,4028.84214285714
459.160099069141,17380.0055282738,4033.9458110119
459.369539121226,17344.182328869,4028.84214285714
459.578967087216,17319.4766741071,4030.4025
459.788382964823,17261.0608035714,4011.48316964286
459.997786751759,17255.2744791667,3999.19535714286
460.207178445735,17205.2130208333,3950.56422619048
460.416558044462,17210.9018229167,3958.39851934524
460.625925545653,17218.5410714286,3992.66136160714
460.835280947018,17234.2096577381,4004.3315327381
461.044624246271,17174.4609821429,3953.45738839286
461.253955441121,17172.9331324405,3948.3537202381
461.463274529281,17178.0042931548,3954.79019345238
461.672581508462,17227.5456324405,4007.51726190476
461.881876376376,17228.2933035714,4002.9662202381
462.091159130735,17220.9466220238,4008.36245535714
462.30042976925,17212.1045982143,4000.43063988095
462.509688289632,17196.4035044643,3979.36581845238
462.718934689594,17172.5430431548,3967.20803571429
462.928168966846,17180.40984375,3987.07008184524
463.137391119102,17160.8078571429,3981.93390625
463.346601144071,17174.2334300595,4006.83460565476
463.555799039465,17195.0381919643,4008.78505208333
463.764984802997,17183.5630654762,3987.10258928572
463.974158432378,17209.6990476191,3995.29446428571
464.18331992532,17201.5721875,3985.54223214286
464.392469279533,17211.4544494048,3985.99733630952
464.60160649273,17234.8923139881,3995.84709077381
464.810731562622,17239.8009375,4004.3315327381
465.019844486922,17246.0748735119,3992.36879464286
465.228945263339,17230.1787351191,3964.28236607143
465.438033889587,17252.6738839286,3962.49445684524
465.647110363376,17277.1519866071,3977.90298363095
465.856174682419,17302.4102678571,3989.93073660714
466.065226844426,17289.017202381,3970.52379464286
466.27426684711,17306.1486235119,3977.12280505952
466.483294688181,17383.1262425595,4029.13470982143
466.692310365353,17418.8194122024,4056.70101934524
466.901313876335,17416.8039508929,4045.09586309524
467.110305218841,17438.5839360119,4040.44729910714
467.319284390581,17446.4832440476,4038.07425595238
467.528251389266,17492.8713616071,4047.98902529762
467.73720621261,17499.4703720238,4038.88694196429
467.946148858323,17493.5865252976,4011.35313988095
468.155079324116,17522.1280580357,4016.42430059524
468.363997607702,17526.1589806548,3997.5049702381
468.572903706792,17537.9591815476,3988.72796130952
468.781797619097,17543.5504613095,3973.38444940476
468.99067934233,17550.2144866071,3971.36898809524
469.199548874201,17534.1883184524,3942.79494791667
469.408406212423,17525.8664136905,3910.18998511905
469.617251354706,17577.0656324405,3931.38483630952
469.826084298764,17654.6934002976,3983.33172619048
470.034905042306,17674.035327381,3984.24193452381
470.243713583045,17689.1837946429,3989.89822916667
470.452509918693,17708.6232440476,3976.11507440476
470.661294046961,17758.0995684524,3999.97553571429
470.87006596556,17766.2914434524,3984.5345014881
471.078825672202,17793.5976934524,3968.57334821429
471.287573164599,17824.4147470238,3970.32875
471.496308440462,17860.2379464286,3980.11348958333
471.705031497503,17904.5455877976,3978.520625
471.913742333434,17926.2280505952,3975.17235863095
472.122440945966,17975.1517485119,3981.41378720238
472.331127332811,18058.3382886905,4027.89942708333
472.53980149168,18091.5283854167,4042.39774553571
472.748463420285,18128.7168973214,4047.53392113095
472.957113116337,18198.9654761905,4078.28595982143
473.165750577549,18230.6927380952,4091.7115327381
473.374375801631,18295.6100967262,4116.35217261905
473.582988786296,18349.5724479167,4137.67705357143
473.791589529255,18412.4743452381,4170.96467261905
474.000178028219,18414.4247916667,4161.3424702381
474.2087542809,18399.4388616071,4111.67110119048
474.41731828501,18402.6570982143,4090.50875744048
474.62587003826,18451.7108258929,4086.83541666667
474.834409538362,18497.6113318452,4096.52263392857
475.042936783028,18516.1080654762,4095.61242559524
475.251451769968,18526.9655505952,4079.74879464286
475.459954496896,18557.1974702381,4087.87565476191
475.668444961521,18557.5875595238,4071.52441220238
475.876923161557,18580.5703199405,4066.22569940476
476.085389094714,18612.9802380952,4077.6358110119
476.293842758704,18633.6224627976,4077.6358110119
476.502284151238,18627.9661681548,4053.80785714286
476.710713270029,18633.5574479167,4031.31270833333
476.919130112788,18667.0726190476,4030.17494791667
477.127534677227,18699.0599404762,4027.47683035714
477.335926961056,18725.5535044643,4042.23520833333
477.544306961988,18757.7033630952,4046.85126488095
477.752674677734,18758.0609449405,4032.74303571429
477.961030106007,18757.9309151786,4008.85006696429
478.169373244516,18796.4847395833,4035.08357142857
478.377704090975,18829.4147767857,4045.61598214286
478.586022643094,18858.4764285714,4064.99041666667
478.794328898586,18884.7749479167,4075.58784226191
479.002622855161,18923.8163839286,4105.55970238095
479.210904510532,18974.6580208333,4142.84573660714
479.41917386241,18963.1828943452,4108.74543154762
479.627430908506,18977.9737797619,4102.01639136905
479.835675646533,19017.0802306548,4128.83502976191
480.043908074201,19063.7609151786,4155.71868303572
480.252128189223,19050.6604166667,4141.28537946429
480.46033598931,19068.3769717262,4137.22194940476
480.668531472173,19113.8223735119,4163.19539434524
480.876714635525,19121.6891741071,4160.2372172619
481.084885477077,19127.7680654762,4160.00966517857
481.29304399454,19133.6519122024,4149.1846875
481.501190185626,19137.6178199405,4156.49886160714
481.709324048046,19159.4628199405,4157.96169642857
481.917445579513,19146.3298139881,4140.44018601191
482.125554777737,19158.2600446429,4130.94801339286
482.333651640431,19174.513764881,4144.11352678571
482.541736165306,19160.4380431548,4125.19419642857
482.749808350073,19139.2756994048,4099.93591517857
482.957868192445,19149.2229761905,4102.40648065476
483.165915690132,19155.1393303571,4089.69607142857
483.373950840847,19124.0297098214,4051.79239583333
483.581973642301,19073.0580431548,4002.44610119048
483.789984092205,19048.7424776786,3991.00348214286
483.997982188272,19035.2843973214,3982.19396577381
484.205967928212,19044.1589285714,3987.91527529762
484.413941309737,19023.3216592262,3962.91705357143
484.62190233056,19056.34921875,3993.57156994048
484.829850988391,19067.7268229167,4013.72618303571
485.037787280942,19051.1480282738,4014.86394345238
485.245711205925,19076.14625,4042.98287946429
485.453622761051,19070.8475372024,4047.82648809524
485.661521944033,19076.82890625,4062.87743303571
485.86940875258,19116.8780729167,4100.22848214286
486.077283184406,19115.3502232143,4104.16188244048
486.285145237222,19103.4850074405,4098.14800595238
486.492994908739,19102.6723214286,4104.71450892857
486.700832196668,19110.8967038691,4111.41104166667
486.908657098723,19092.8550744048,4095.09230654762
487.116469612613,19167.8497395833,4155.91372767857
487.324269736051,19146.1347693452,4150.71253720238
487.532057466749,19178.1871056548,4190.76170386905
487.739832802417,19136.7401190476,4168.55912202381
487.947595740768,19134.7246577381,4171.35476190476
488.155346279513,19190.4099032738,4206.30026041667
488.363084416364,19171.6206026786,4195.80035714286
488.570810149032,19143.9567708333,4171.97240327381
488.778523475229,19129.7185119048,4170.83464285714
488.986224392666,19133.3593452381,4172.59004464286
489.193912899055,19120.9415029762,4161.57002232143
489.401588992108,19064.2485267857,4105.46218005952
489.609252669537,19041.265766369,4088.88338541667
489.816903929052,19046.2394047619,4104.6820014881
490.024542768366,19004.1422693452,4086.96544642857
490.23216918519,18977.9737797619,4075.97793154762
490.439783177235,18940.0050892857,4043.53550595238
490.647384742214,18941.1428497024,4041.87762648809
490.854973877837,18915.0718824405,4034.04333333333
491.062550581817,18888.9033928571,4019.51250744048
491.270114851865,18887.05046875,4021.10537202381
491.477666685693,18826.2615550595,3990.25581101191
491.685206081012,18839.3945610119,4005.89188988095
491.892733035534,18783.7743303571,3960.60902529762
492.10024754697,18809.6502529762,3987.39515625
492.307749613032,18832.1128943452,4020.35770089286
492.515239231432,18814.2663095238,4031.28020089286
492.722716399881,18845.7985267857,4064.30776041667
492.930181116091,18823.7909895833,4057.35116815476
493.137633377774,18852.8851488095,4088.42828125
493.34507318264,18860.8494717262,4106.86
493.552500528402,18839.4270684524,4095.28735119048
493.759915412771,18862.2147842262,4127.66476190476
493.967317833459,18899.2732663691,4167.32383928571
494.174707788178,18890.3012127976,4168.65664434524
494.382085274638,18905.0920982143,4183.08994791667
494.589450290552,18883.4746502976,4169.46933035714
494.796802833631,18875.4128050595,4181.91968005952
495.004142901588,18875.1527455357,4191.15179315476
495.211470492132,18883.6696949405,4202.78945684524
495.418785602976,18878.0459077381,4202.23683035714
495.626088231832,18861.0770238095,4208.08816964286
495.833378376411,18838.8094270833,4189.94901785714
496.040656034425,18814.00625,4179.02651785714
496.247921203586,18806.5945535714,4185.36546875
496.455173881604,18793.2014880952,4184.65030505952
496.662414066192,18747.040922619,4146.58409226191
496.869641755061,18732.5426041667,4130.33037202381
497.076856945923,18711.3802604167,4125.42174851191
497.284059636489,18702.798296131,4120.3830952381
497.491249824471,18682.5136532738,4111.5085639881
497.698427507581,18629.5265252976,4079.61876488095
497.90559268353,18599.9447544643,4064.92540178571
498.112745350029,18607.5840029762,4083.84473214286
498.319885504791,18544.4545535714,4038.17177827381
498.527013145527,18520.2690178571,4015.28654017857
498.734128269948,18497.6438392857,4012.91349702381
498.941230875767,18491.8250074405,4012.62093005952
499.148320960694,18534.4097544643,4066.48575892857
499.355398522442,18515.1978571429,4072.20706845238
499.562463558721,18481.7151934524,4056.70101934524
499.769516067244,18460.5203422619,4055.46573660714
499.976556045722,18454.3439285714,4052.60508184524
500.183583491867,18454.6690029762,4054.62054315476
500.39059840339,18424.9897098214,4039.69962797619
500.597600778004,18424.6321279762,4057.54621279762
500.804590613418,18411.5316294643,4055.5307514881
501.011567907346,18410.6539285714,4065.25047619048
501.218532657498,18376.4886086309,4060.27683779762
501.425484861587,18378.3415327381,4083.84473214286
501.632424517324,18351.6854315476,4073.92996279762
501.83935162242,18324.8993005952,4064.82787946429
502.046266174587,18317.3575744048,4068.04611607143
502.253168171537,18337.6422172619,4108.42035714286
502.460057610981,18334.7815625,4120.513125
502.666934490631,18336.9595610119,4137.61203869048
502.873798808198,18335.7892931548,4144.47110863095
503.080650561395,18310.1734300595,4125.64930059524
503.287489747932,18270.5143526786,4104.97456845238
503.494316365522,18219.2826264881,4056.27842261905
503.701130411875,18203.7115625,4043.40547619048
503.907931884704,18216.3894642857,4062.71489583333
504.11472078172,18230.9853050595,4090.86633928571
504.321497100634,18232.2856026786,4098.99319940476
504.528260839159,18211.4483333333,4086.90043154762
504.735011995006,18208.2300967262,4095.09230654762
504.941750565886,18198.1527901786,4091.22392113095
505.148476549511,18183.91453125,4093.59696428571
505.355189943593,18161.2893526786,4085.63264136905
505.561890745843,18169.6112574405,4091.12639880952
505.768578953973,18149.5541666667,4073.89745535714
505.975254565694,18159.8265178571,4092.42669642857
506.181917578718,18148.2213616071,4091.0288764881
506.388567990757,18132.3252232143,4072.10954613095
506.595205799522,18124.9785416667,4074.28754464286
506.801831002725,18088.5377008929,4046.16860863095
507.008443598077,18084.0191666667,4044.47822172619
507.215043583291,18087.1073735119,4061.60964285714
507.421630956077,18088.6677306548,4074.84017113095
507.628205714147,18091.5608928571,4073.34482886905
507.834767855213,18074.4619791667,4070.71172619048
508.041317376986,18059.9636607143,4070.28912946429
508.247854277179,18060.4837797619,4078.41598958333
508.454378553502,18055.4126190476,4076.72560267857
508.660890203667,18028.6915029762,4066.29071428571
508.867389225386,18035.5180654762,4090.44374255952
509.07387561637,18042.0520610119,4099.22075148809
509.280349374331,18036.2982440476,4090.31371279762
509.486810496981,18042.539672619,4101.04116815476
509.693258982031,18031.064546131,4096.03502232143
509.899694827193,18051.4467113095,4122.62610863095
510.106118030178,18029.4716815476,4109.94820684524
510.312528588698,18021.5723735119,4109.20053571429
510.518926500465,18023.4903125,4113.8165922619
510.72531176319,18014.0956622024,4121.94345238095
510.931684374585,18001.0601785714,4096.88021577381
511.13804433236,18001.4502678571,4102.86158482143
511.344391634229,18081.5486011905,4179.15654761905
511.550726277903,18058.6308556548,4164.95079613095
511.757048261092,18052.161875,4157.76665178571
511.96335758151,18061.1989434524,4171.25723958333
512.169654236866,18062.2066741071,4174.76804315476
512.375938224874,18092.3410714286,4197.88083333333
512.582209543244,18081.1260044643,4189.46140625
512.788468189688,18076.0873511905,4186.53573660714
512.994714161918,18095.0391889881,4191.41185267857
513.200947457646,18091.138296131,4188.35615327381
513.407168074582,18119.7773511905,4209.45348214286
513.613376010439,18100.9555431548,4199.96130952381
513.819571262928,18112.853266369,4200.67647321429
514.02575382976,18160.3466369048,4244.91909970238
514.231923708648,18133.8205654762,4213.32186755952
514.438080897303,18138.4041145833,4203.56963541667
514.644225393436,18126.636421131,4193.75238839286
514.850357194759,18104.6938988095,4173.98786458333
515.056476298984,18126.3438541667,4192.25704613095
515.262582703823,18123.9383035714,4195.70283482143
515.468676406986,18108.7898363095,4179.74168154762
515.674757406185,17995.9240029762,4075.91291666667
515.880825699133,17994.3311383929,4070.64671130952
516.086881283541,18004.1483854167,4078.90360119048
516.29292415712,17993.2258854167,4076.75811011905
516.498954317581,18002.262953869,4082.1543452381
516.704971762637,18013.5430357143,4084.62491071429
516.910976489999,17998.1670163691,4071.00429315476
517.116968497379,17981.0355952381,4048.57415922619
517.322947782488,17979.182671131,4049.90696428571
517.528914343038,17999.2397619048,4059.52916666667
517.73486817674,17963.0589806548,4026.3065625
517.940809281307,18023.8153869048,4077.89587053571
518.146737654449,18054.3073660714,4099.93591517857
518.352653293878,18031.5521577381,4074.0925
518.558556197306,18030.1868452381,4070.5491889881
518.764446362445,18047.38328125,4096.23006696429
518.970323787005,18075.2746651786,4103.15415178571
519.176188468699,18102.9710044643,4118.17258928571
519.382040405239,18099.882797619,4112.48378720238
519.587879594335,18091.7884449405,4099.77337797619
519.7937060337,18116.8516815476,4117.6524702381
519.999519721045,18150.6269122024,4148.43701636905
520.205320654081,18172.6344494048,4162.77279761905
520.41110883052,18184.2721130952,4168.36407738095
520.616884248075,18195.0970907738,4165.27587053571
520.822646904455,18191.358735119,4156.8239360119
521.028396797374,18178.1282068452,4149.60728422619
521.234133924543,18191.3262276786,4146.19400297619
521.439858283672,18268.5313988095,4216.83267113095
521.645569872474,18275.9105877976,4221.83881696429
521.851268688661,18258.1940327381,4198.59599702381
522.056954729944,18301.0713467262,4237.24734375
522.262627994034,18272.65984375,4203.6671577381
522.468288478643,18238.6245535714,4167.19380952381
522.673936181484,18236.2190029762,4163.52046875
522.879571100266,18255.7234672619,4172.13494047619
523.085193232703,18236.6415997024,4149.44474702381
523.290802576505,18211.285796131,4131.66317708333
523.496399129384,18223.0209821429,4140.92779761905
523.701982889052,18246.0687574405,4148.01441964286
523.907553853221,18323.8915699405,4209.64852678571
524.113112019601,18331.2057440476,4205.68261904762
524.318657385905,18340.2103050595,4198.30343005952
524.524189949844,18376.9112053571,4217.22276041667
524.72970970913,18370.7022842262,4203.9272172619
524.935216661474,18382.1123958333,4210.68876488095
525.140710804588,18369.2719568452,4197.23068452381
525.346192136184,18397.0983258929,4215.23980654762
525.551660653973,18467.7369940476,4272.6154389881
525.757116355666,18421.0238020833,4215.66240327381
525.962559238976,18412.2467931548,4195.93038690476
526.167989301614,18433.1165699405,4213.61443452381
526.373406541291,18403.0796949405,4169.92443452381
526.578810955719,18388.9389583333,4151.16764136905
526.78420254261,18394.6277604167,4153.93077380952
526.989581299676,18391.1494642857,4143.39836309524
527.194947224627,18409.0935714286,4154.51590773809
527.400300315176,18419.8535342262,4152.95555059524
527.605640569034,18443.388921131,4152.33790922619
527.810967983912,18457.2695982143,4164.43067708333
528.016282557523,18472.8731696429,4176.42592261905
528.221584287578,18411.1090327381,4116.90479910714
528.426873171788,18426.8426339286,4118.20509672619
528.632149207866,18438.0251934524,4120.54563244048
528.837412393522,18419.6259821429,4106.69746279762
529.042662726468,18437.6676116071,4112.45127976191
529.247900204417,18457.3346130952,4118.79023065476
529.453124825078,18481.8127157738,4114.69429315476
529.658336586165,18494.458110119,4113.49151785714
529.863535485388,18428.7605729167,4044.77078869048
530.06872152046,18425.1847544643,4029.29724702381
530.273894689092,18482.0402678571,4068.7612797619
530.479054988995,18478.5619717262,4049.58188988095
530.684202417881,18495.9209449405,4056.8960639881
530.889336973461,18503.0075669643,4045.45344494048
531.094458653448,18517.2133184524,4043.69804315476
531.299567455553,18580.602827381,4085.24255208333
531.504663377487,18557.2299776786,4059.26910714286
531.709746416963,18597.9618005952,4067.42847470238
531.914816571691,18652.9318824405,4117.71748511905
532.119873839383,18655.3374330357,4094.24711309524
532.324918217751,18644.7075,4070.97178571429
532.529949704506,18660.9937276786,4063.78764136905
532.734968297361,18703.0258482143,4095.70994791667
532.939973994026,18723.21296875,4103.86931547619
533.144966792213,18726.2686681548,4078.35097470238
533.349946689634,18748.7963244048,4083.35712053571
533.554913684001,18740.7344791667,4058.16385416667
533.759867773024,18766.5778943452,4075.42530505952
533.964808954416,18749.8040550595,4036.25383928571
534.169737225888,18787.5777008929,4048.24908482143
534.374652585152,18814.9489657738,4060.30934523809
534.57955502992,18764.0748214286,3999.68296875
534.784444557903,18774.4121875,3986.32241071429
534.989321166812,18792.5513392857,3981.28375744048
535.194184854359,18844.790796131,4010.89803571429
535.399035618256,18872.2270758929,4017.65958333333
535.603873456214,18855.713296131,3989.24808035714
535.808698365946,18896.8352083333,3996.85482142857
536.013510345162,18928.3349181548,4020.97534226191
536.218309391574,18948.8146056548,4020.94283482143
536.423095502894,18964.938296131,4021.33292410714
536.627868676833,18986.5232366071,4018.53728422619
536.832628911103,19017.8929166667,4039.79715029762
537.037376203416,18982.2322544643,3980.4385639881
537.242110551483,18987.9535639881,3961.68177083333
537.446831953016,19022.5089732143,3971.62904761905
537.651540405726,19076.6663690476,3999.58544642857
537.856235907325,19116.1954166667,4023.34838541667
538.060918455524,19137.6178199405,4014.73391369048
538.265588048036,19180.8852232143,4037.32658482143
538.470244682572,19219.2440029762,4058.94403273809
538.674888356842,19265.3720610119,4082.21936011905
538.87951906856,19291.930639881,4088.88338541667
539.084136815436,19327.981391369,4110.1432514881
539.288741595183,19331.4596875,4095.31985863095
539.49333340551,19330.77703125,4077.47327380952
539.697912244132,19345.4703943452,4067.68853422619
539.902478108758,19336.8234151786,4039.37455357143
540.107030997101,19338.0912053571,4028.25700892857
540.311570906872,19343.7800074405,4012.10081101191
540.516097835782,19349.2737648809,3989.89822916667
540.720611781544,19351.6143005952,3968.50833333333
540.925112741869,19373.5243154762,3966.62290178571
541.129600714468,19429.827202381,3980.82865327381
541.334075697054,19468.7061011905,4001.66592261905
541.538537687337,19511.4858928571,4020.16265625
541.742986683029,19559.0767857143,4053.06018601191
541.947422681843,19584.3675744048,4053.7428422619
542.151845681488,19587.0656919643,4035.47366071429
542.356255679678,19610.9586607143,4045.74601190476
542.560652674124,19627.7325,4051.92242559524
542.765036662536,19652.6657068452,4062.51985119048
542.969407642628,19642.815952381,4026.11151785714
543.17376561211,19673.4379613095,4030.66255952381
543.378110568694,19718.6233035714,4056.47346726191
543.582442510092,19769.1723735119,4092.03660714286
543.786761434015,19774.50359375,4087.09547619048
543.991067338175,19797.0637574405,4087.09547619048
544.195360220283,19838.055639881,4100.00093005952
544.399640078052,19863.6064880952,4100.32600446429
544.603906909192,19865.4594122024,4077.14819940476
544.808160711415,19869.0677380952,4067.98110119048
545.012401482433,19949.0685491071,4130.33037202381
545.216629219958,19962.0715252976,4128.08735863095
545.4208439217,19949.7186979167,4107.83522321429
545.625045585373,19979.983125,4109.85068452381
545.829234208686,19964.1520014881,4085.56762648809
546.033409789352,19950.2713244048,4036.77395833333
546.237572325083,19937.1708258929,3996.8223139881
546.44172181359,19957.2279166667,3995.26195684524
546.645858252584,20012.3930431548,4021.72301339286
546.849981639777,20017.1066220238,3995.68455357143
547.054091972882,20020.2923511905,3979.59337053571
547.258189249608,20077.0828497024,4009.20764880952
547.462273467669,20116.2868229167,4029.49229166667
547.666344624775,20112.7435119048,4003.16126488095
547.870402718639,20124.9663095238,3988.6304389881
548.074447746971,20166.8033854167,4000.30061011905
548.278479707484,20194.8898139881,4021.72301339286
548.482498597888,20208.9330282738,4020.00011904762
548.686504415897,20249.567328869,4036.70894345238
548.89049715922,20265.3659449405,4046.81875744048
549.09447682557,20322.7090699405,4067.20092261905
549.298443412659,20315.16734375,4038.91944940476
549.502396918197,20348.0323660714,4042.8203422619
549.706337339897,20359.0848958333,4039.04947916667
549.910264675471,20421.4341666667,4080.43145089286
550.114178922629,20489.862328869,4121.84593005952
550.318080079083,20506.0510342262,4137.44950148809
550.521968142545,20524.8728422619,4140.76526041667
550.725843110727,20572.1386607143,4164.95079613095
550.92970498134,20568.5953497024,4150.81005952381
551.133553752096,20580.3305357143,4144.56863095238
551.337389420706,20577.924985119,4121.3258110119
551.541211984882,20586.0843526786,4125.81183779762
551.745021442336,20601.8504613095,4128.11986607143
551.948817790778,20613.8457068452,4125.25921130952
552.152601027922,20636.9910044643,4128.8350297619
552.356371151477,20654.3174702381,4136.99439732143
552.560128159157,20656.2354092262,4125.38924107143
552.763872048672,20671.8064732143,4116.77476934524
552.967602817734,20687.3450297619,4121.52085565476
553.171320464056,20736.3337425595,4145.05624255952
553.375024985347,20743.7129315476,4151.42770089286
553.57871637932,20731.1000446429,4122.59360119048
553.782394643687,20737.6340401786,4118.14008184524
553.986059776159,20774.9200744048,4132.11828125
554.189711774447,20767.1182886905,4120.09052827381
554.393350636264,20765.0703199405,4095.54741071429
554.596976359321,20808.0126488095,4106.82749255952
554.800588941329,20798.9430729167,4088.49329613095
555.00418838,20820.6905505952,4096.62015625
555.207774673046,20816.23703125,4075.58784226191
555.411347818178,20851.5401116071,4094.89726190476
555.614907813108,20908.5581622024,4138.58726190476
555.818454655548,20950.5252678571,4146.38904761905
556.021988343208,20956.4091145833,4131.56565476191
556.225508873802,20972.0126860119,4127.56723958333
556.429016245039,20992.979985119,4137.22194940476
556.632510454633,21033.1591815476,4149.21719494048
556.835991500294,21049.6079464286,4142.13057291667
557.039459379734,21069.6650372024,4150.32244791667
557.242914090664,21085.0410565476,4141.41540922619
557.446355630797,21078.4420461309,4122.49607886905
557.649783997844,21062.740952381,4087.6155952381
557.853199189516,21083.9358035714,4101.04116815476
558.056601203525,21120.9617782738,4120.80569196429
558.259990037583,21117.3209449405,4103.83680803571
558.463365689401,21102.335014881,4065.31549107143
558.66672815669,21102.8226264881,4058.22886904762
558.870077437164,21150.2834895833,4092.6542485119
559.073413528532,21216.0460416667,4141.15534970238
559.276736428507,21211.8200744048,4120.48061755952
559.4800461348,21215.0383110119,4103.08913690476
559.683342645123,21234.4452529762,4118.3351264881
559.886625957187,21219.8169047619,4080.23640625
560.089896068704,21191.7954910714,4056.66851190476
560.293152977386,21217.63890625,4063.07247767857
560.496396680944,21266.2700372024,4092.84929315476
560.69962717709,21264.8722172619,4072.85721726191
560.902844463536,21262.7267261905,4053.77534970238
561.106048537992,21275.9247470238,4044.51072916667
561.309239398171,21294.1289136905,4050.68714285714
561.512417041784,21299.1675669643,4035.79873511905
561.715581466543,21324.6208928571,4043.01538690476
561.918732670159,21349.0664880952,4051.92242559524
562.121870650344,21405.4018824405,4079.74879464286
562.32499540481,21452.0175520833,4107.90023809524
562.528106931268,21463.9477827381,4098.668125
562.73120522743,21493.8871354167,4112.25623511905
562.934290291007,21522.1361011905,4123.56882440476
563.137362119711,21480.3965476191,4074.6451264881
563.340420711253,21449.8395535714,4027.86691964286
563.543466063346,21472.3997172619,4029.13470982143
563.746498173701,21539.5275818452,4078.41598958333
563.949517040028,21581.6897321429,4094.53968005952
564.152522660041,21596.2855729167,4102.30895833333
564.355515031451,21602.2344345238,4095.77496279762
564.558494151968,21612.0516815476,4089.14344494048
564.761460019305,21590.1741741071,4048.08654761905
564.964412631174,21602.7870610119,4039.99219494048
565.167351985285,21608.9959821429,4039.63461309524
565.370278079351,21591.2144122024,4007.54976934524
565.573190911083,21614.2946949405,4001.66592261905
565.776090478193,21629.5731919643,4011.32063244048
565.978976778392,21637.9276041667,3996.75729910714
566.181849809392,21666.079047619,4013.40110863095
566.384709568905,21679.3095758929,4016.26176339286
566.587556054641,21642.5111532738,3964.9975297619
566.790389264314,21647.9398958333,3965.58266369048
566.993209195633,21684.9008556548,3981.34877232143
567.196015846312,21699.2041294643,3976.70020833333
567.398809214061,21729.4360491071,3982.45402529762
567.601589296592,21760.415639881,4002.80368303571
567.804356091617,21770.3304092262,3999.26037202381
568.007109596847,21734.9948214286,3953.71744791667
568.209849809994,21726.5103794643,3926.70376488095
568.412576728769,21743.219203869,3921.47006696429
568.615290350885,21759.050327381,3908.40207589286
568.817990674052,21800.2697619048,3930.18206101191
569.020677695982,21805.470952381,3932.97770089286
569.223351414388,21827.1859226191,3945.68811011905
569.426011826979,21833.6874107143,3935.48077380952
569.628658931469,21919.7671130952,4017.59456845238
569.831292725569,21924.7082440476,4016.09922619048
570.03391320699,21945.3179613095,4020.65026785714
570.236520373443,21970.6412574405,4033.58822916667
570.439114222641,21981.5637574405,4020.35770089286
570.641694752295,21957.5407589286,3984.76205357143
570.844261960117,21965.3750520833,3975.79
571.046815843818,22029.0896354167,4005.92439732143
571.24935640111,22023.5633705357,3989.5731547619
571.451883629704,22037.7041071429,3984.27444196429
571.654397527312,22021.0928050595,3962.42944196429
571.856898091646,22051.6497991071,3961.12914434524
572.059385320417,22113.2188913691,3995.97712053571
572.261859211337,22140.59015625,4012.94600446429
572.464319762118,22143.0607217262,4001.63341517857
572.66676697047,22152.9104761905,3998.09010416667
572.869200834106,22183.8900669643,4013.95373511905
573.071621350737,22185.9705431548,3999.09783482143
573.274028518075,22219.095625,4007.77732142857
573.476422333831,22241.2006845238,4011.19060267857
573.678802795718,22278.6817633929,4022.17811755952
573.881169901446,22268.0518303571,3980.34104166667
574.083523648727,22288.661547619,3980.4385639881
574.285864035273,22334.5620535714,4006.93212797619
574.488191058795,22359.8528422619,4016.06671875
574.690504717005,22376.9192485119,4014.05125744048
574.892805007615,22386.8015104167,4003.16126488095
575.095091928336,22468.5902306548,4069.83402529762
575.29736547688,22502.9831026786,4089.79359375
575.499625650958,22511.3050074405,4084.29983630952
575.701872448282,22531.7846949405,4085.60013392857
575.904105866564,22588.1200892857,4118.40014136905
576.106325903515,22582.3987797619,4115.1819047619
576.308532556847,22548.753578869,4070.22411458333
576.51072582427,22563.0568526786,4062.64988095238
576.712905703498,22612.6306994048,4085.50261160714
576.915072192242,22622.1878869048,4073.73491815476
577.117225288213,22633.6955208333,4069.02133928571
577.319364989122,22652.3547916667,4073.99497767857
577.521491292682,22701.7010863095,4094.27962053571
577.723604196603,22734.6636309524,4101.88636160714
577.925703698598,22747.1789955357,4092.42669642857
578.127789796379,22752.867797619,4089.04592261905
578.329862487656,22793.274546131,4103.51173363095
578.531921770141,22785.7328199405,4079.4237202381
578.733967641546,22817.4925892857,4088.5583110119
578.936000099583,22808.9431324405,4070.61420386905
579.138019141963,22895.0553422619,4124.31649553572
579.340024766397,22880.7195610119,4097.85543898809
579.542016970598,22860.4999330357,4065.12044642857
579.743995752277,22873.4378943452,4061.77218005952
579.945961109145,22927.5627827381,4106.30737351191
580.147913038915,22926.2299776786,4080.82154017857
580.349851539297,22955.0315699405,4072.88972470238
580.551776608003,22974.0809300595,4080.75652529762
580.753688242746,22976.909077381,4074.02748511905
580.955586441235,22984.6133407738,4053.58030505952
581.157471201184,23020.9241517857,4075.42530505952
581.359342520303,23044.1994791667,4072.01202380952
581.561200396305,23059.9655877976,4067.8185639881
581.763044826901,23054.9269345238,4048.67168154762
581.964875809802,23056.4222767857,4035.44115327381
582.16669334272,23075.3416071429,4041.68258184524
582.368497423367,23114.9031622024,4059.30161458333
582.570288049454,23155.634985119,4083.74720982143
582.772065218693,23142.72953125,4053.84036458333
582.973828928795,23150.986421131,4032.67802083333
583.175579177473,23233.457797619,4086.99795386905
583.377315962437,23186.7120982143,4032.87306547619
583.5790392814,23206.4766220238,4018.76483630952
583.780749132072,23222.1127008929,4013.53113839286
583.982445512165,23269.3460119048,4028.02945684524
584.184128419392,23268.8584002976,4000.26810267857
584.385797851463,23280.0409598214,3998.93529761905
584.587453806091,23318.85484375,4014.89645089286
584.789096280986,23335.8237276786,4012.55591517857
584.990725273861,23420.2780580357,4061.83719494048
585.192340782427,23407.5676488095,4050.29705357143
585.393942804395,23436.3042261905,4051.36979910714
585.595531337478,23499.9537946429,4088.75335565476
585.797106379386,23549.2675818452,4122.33354166667
585.998667927832,23565.2287351191,4124.67407738095
586.200215980527,23582.1976190476,4118.79023065476
586.401750535182,23614.4124925595,4140.86278273809
586.60327158951,23670.2602752976,4169.72938988095
586.804779141221,23653.7139880952,4140.24514136905
587.006273188028,23716.9409598214,4170.02195684524
587.207753727642,23714.3403645833,4160.65981398809
587.409220757774,23679.0697916667,4113.1339360119
587.610674276137,23709.9193526786,4118.75772321428
587.812114280441,23704.6531473214,4100.65107886905
588.013540768399,23733.0646502976,4110.30578869048
588.214953737721,23735.1776339286,4089.50102678571
588.416353186121,23729.0012202381,4071.4919047619
588.617739111308,23754.9746651786,4081.11410714286
588.819111510995,23766.2547470238,4077.37575148809
589.020470382894,23796.649203869,4085.53511904762
589.221815724715,23765.31203125,4044.90081845238
589.423147534171,23789.6275967262,4059.13907738095
589.624465808973,23831.7897470238,4071.88199404762
589.825770546834,23849.2462425595,4081.11410714286
590.027061745463,23833.4801339286,4047.17633928571
590.228339402573,23841.2819196429,4031.99536458333
590.429603515876,23898.1699404762,4062.90994047619
590.630854083083,23886.1746949405,4024.25859375
590.832091101905,23854.5124479167,3983.00665178571
591.033314570055,23873.2692410714,3978.55313244048
591.234524485244,23876.7475372024,3967.69564732143
591.435720845183,23903.9887723214,3976.89525297619
591.636903647585,23905.6466517857,3962.42944196429
591.83807289016,23937.5039434524,3966.33033482143
592.039228570621,23979.7636160714,3983.81933779762
592.240370686678,24003.9491517857,3981.18623511905
592.441499236044,24024.1362723214,3995.22944940476
592.64261421643,24053.327953869,3994.74183779762
592.843715625548,24097.765625,4012.91349702381
593.044803461109,24112.9140922619,4013.30358630952
593.245877720825,24113.3366889881,4003.48633928571
593.446938402407,24144.3812946429,4010.54045386905
593.647985503568,24177.8639583333,4016.26176339286
593.849019022018,24170.3872470238,4013.75869047619
594.05003895547,24145.2589955357,3978.55313244048
594.251045301634,24154.4586011905,3978.32558035714
594.452038058223,24198.6687202381,4013.01101934524
594.653017222948,24229.6483110119,4042.07267113095
594.85398279352,24257.1821130952,4054.36048363095
595.054934767652,24277.0441592262,4052.57257440476
595.255873143055,24302.1399032738,4060.14680803571
595.45679791744,24303.7327678571,4049.54938244048
595.657709088519,24323.2047247024,4056.44095982143
595.858606654004,24324.9926339286,4045.81102678571
596.059490611606,24367.479858631,4071.71945684524
596.260360959037,24345.8299032738,4047.95651785714
596.461217694009,24336.4027455357,4042.49526785714
596.662060814232,24325.2201860119,4021.46295386905
596.862890317419,24337.7355505952,4026.56662202381
597.063706201281,24333.4120610119,4009.59773809524
597.264508463531,24323.9849032738,3998.51270089286
597.465297101878,24349.048139881,3993.96165922619
597.666072114036,24340.3686532738,3971.33648065476
597.866833497715,24375.7692559524,3986.77751488095
598.067581250628,24392.1530059524,3977.61041666667
598.268315370485,24404.5708482143,3968.31328869048
598.469035854999,24438.5736309524,3972.89683779762
598.66974270188,24445.8552976191,3955.40783482143
598.870435908842,24408.7318005952,3902.51822916667
599.071115473594,24431.0969196429,3910.54756696429
599.271781393849,24449.8212053571,3907.524375
599.472433667319,24470.4959375,3926.76877976191
599.673072291715,24501.3454985119,3944.58285714286
599.873697264748,24507.0993154762,3937.98384672619
600.07430858413,24576.8927901786,3991.00348214286
600.274906247574,24576.0150892857,3983.03915922619
600.475490252789,24607.2872470238,3991.45858630952
600.676060597489,24623.475952381,3988.17533482143
600.876617279384,24657.3161979167,4003.32380208333
601.077160296186,24661.4771502976,3994.904375
601.277689645608,24646.2961755952,3978.71566964286
601.478205325359,24680.006391369,3987.78524553571
601.678707333153,24697.4303794643,4001.30834077381
601.8791956667,24731.9207738095,4025.91647321429
602.079670323712,24693.659516369,3992.3037797619
602.280131301901,24699.3483184524,3994.3517485119
602.480578598978,24716.7072916667,4002.67365327381
602.681012212655,24682.2494047619,3966.75293154762
602.881432140644,24672.0420684524,3949.97909226191
603.081838380656,24703.7693303571,3964.60744047619
603.282230930403,24724.5415848214,3988.8904985119
603.482609787596,24723.3388095238,3984.11190476191
603.682974949946,24698.9582291667,3955.83043154762
603.883326415167,24678.8686309524,3931.48235863095
604.083664180968,24673.309858631,3918.51188988095
604.283988245063,24676.7231398809,3917.69920386905
604.484298605161,24663.2975669643,3900.92536458333
604.684595258976,24688.6208630952,3913.34320684524
604.884878204218,24718.0726041667,3934.92814732143
605.085147438599,24726.1994642857,3939.41417410714
605.285402959831,24752.9205803571,3957.09822172619
605.485644765625,24774.4405059524,3971.53152529762
605.685872853693,24789.6864955357,3983.03915922619
605.886087221747,24771.8399107143,3963.92478422619
606.086287867497,24779.9992782738,3957.58583333333
606.286474788657,24785.135453869,3950.75927083333
606.486647982936,24790.1090922619,3945.46055803571
606.686807448048,24799.7312946429,3958.36601190476
606.886953181703,24834.5142559524,3987.39515625
607.087085181613,24854.9614360119,4006.05442708333
607.287203445489,24834.9368526786,3991.75115327381
607.487307971045,24865.5588616071,4015.83916666667
607.687398755989,24888.6066369048,4042.07267113095
607.887475798036,24900.1792857143,4035.40864583333
608.087539094895,24910.3866220238,4044.67326636905
608.287588644279,24939.0256770833,4076.98566220238
608.4876244439,24913.7673958333,4040.54482142857
608.687646491468,24902.682358631,4033.97831845238
608.887654784695,24884.2181324405,4020.29268601191
609.087649321294,24839.7804613095,3974.35967261905
609.287630098975,24839.6504315476,3977.67543154762
609.487597115451,24826.224858631,3965.38761904762
609.687550368432,24834.4492410714,3967.92319940476
609.887489855631,24845.6968154762,3978.91071428571
610.087415574759,24867.9644122024,3998.90279017857
610.287327523527,24857.1069270833,3996.39971726191
610.487225699648,24882.3327008929,4021.30041666667
610.687110100833,24889.581860119,4019.70755208333
610.886980724793,24869.8173363095,3991.10100446429
611.08683756924,24894.2629315476,4002.08851934524
611.286680631885,24887.9564880952,4001.79595238095
611.486509910441,24946.7299404762,4058.32639136905
611.686325402619,24898.6839434524,3993.76661458333
611.886127106129,24894.4904836309,3983.72181547619
612.085915018686,24953.0363839286,4037.87921130952
612.285689137998,25013.4677157738,4090.80132440476
612.485449461779,24990.9725669643,4056.79854166667
612.68519598774,24999.0669196429,4072.04453125
612.884928713592,25043.1795163691,4098.18051339286
613.084647637046,25047.8280803571,4096.65266369048
613.284352755816,25104.9761607143,4141.1228422619
613.484044067612,25108.9420684524,4129.97279017857
613.683721570145,25127.0162053571,4135.56406994047
613.883385261128,25145.1553571429,4141.51293154762
614.083035138272,25126.7561458333,4114.53175595238
614.282671199288,25130.2669494048,4110.56584821429
614.482293441889,25141.3194791667,4107.15256696429
614.681901863785,25143.9200744048,4091.38645833333
614.881496462689,25153.1846949405,4086.21777529762
615.081077236311,25166.740297619,4088.81837053571
615.280644182365,25200.4830208333,4108.29032738095
615.48019729856,25235.5585491071,4118.53017113095
615.679736582609,25183.5141369048,4049.97197916667
615.879262032223,25222.0029464286,4068.72877232143
616.078773645115,25217.5494270833,4042.95037202381
616.278271418995,25197.3297991071,4008.10239583333
616.477755351575,25171.518891369,3963.98979910714
616.677225440567,25192.9412946429,3962.59197916667
616.876681683682,25214.6887723214,3954.88771577381
617.076124078632,25247.6838244048,3969.25600446429
617.275552623128,25281.426547619,3978.87820684524
617.474967314883,25262.0521130952,3943.77017113095
617.674368151607,25308.2451860119,3957.91090773809
617.873755131013,25319.3952380952,3956.31804315476
618.073128250811,25328.8549032738,3947.70357142857
618.272487508714,25354.0481696429,3957.13072916667
618.471832902434,25396.4053645833,3970.71883928571
618.67116442968,25435.8043824405,3991.06849702381
618.870482088167,25465.7762425595,4004.5915922619
619.069785875604,25464.378422619,3996.62726934524
619.269075789703,25487.718764881,4006.47702380952
619.468351828177,25506.7356175595,4013.36860119048
619.667613988736,25491.814702381,3984.33945684524
619.866862269093,25533.4892410714,4002.90120535714
620.066096666958,25519.4460267857,3997.66750744048
620.265317180044,25548.8002455357,4017.00943452381
620.464523806062,25550.6206622024,4010.47543898809
620.663716542724,25578.8371205357,4030.72757440476
620.86289538774,25586.7689360119,4038.69189732143
621.062060338824,25600.3895535714,4035.40864583333
621.261211393686,25565.4765625,4000.46314732143
621.460348550039,25558.8775520833,3989.05303571429
621.659471805593,25569.7675446429,3991.97870535714
621.85858115806,25568.0446502976,3993.79912202381
622.057676605152,25563.9812202381,3977.9679985119
622.25675814458,25557.7397916667,3968.60585565476
622.455825774057,25588.9469345238,3982.90912946429
622.654879491293,25567.0369196429,3969.61358630952
622.853919294,25547.9550520833,3960.80406994048
623.052945179891,25546.1346354167,3951.14936011905
623.251957146675,25562.4533705357,3967.76066220238
623.450955192066,25587.4515922619,3968.99594494048
623.649939313774,25557.3171949405,3940.16184523809
623.848909509512,25553.7088690476,3937.26868303571
624.04786577699,25553.8388988095,3938.08136904762
624.246808113921,25599.9669568452,3966.88296130952
624.445736518015,25604.5830133929,3971.33648065476
624.644650986986,25586.8989657738,3952.4496577381
624.843551518543,25604.7455505952,3961.22666666667
625.0424381104,25662.41375,4010.08534970238
625.241310760266,25675.6442782738,4018.37474702381
625.440169465855,25697.164203869,4037.7816889881
625.639014224877,25711.3049404762,4047.50141369048
625.837845035045,25726.2258556548,4062.74740327381
626.036661894069,25697.0016666667,4036.77395833333
626.235464799662,25704.6409151786,4040.70735863095
626.434253749534,25744.3325,4076.33551339286
626.633028741398,25758.3432068452,4094.50717261905
626.831789772966,25769.3307217262,4092.13412946429
627.030536841948,25802.1307291667,4096.23006696429
627.229269946056,25779.8631324405,4073.5398735119
627.427989083003,25824.6583854167,4098.73313988095
627.626694250499,25807.4944568452,4092.55672619048
627.825385446256,25791.7608556548,4073.53987351191
628.024062667986,25813.1182440476,4082.96703125
628.2227259134,25819.2946577381,4078.41598958333
628.42137518021,25803.8536235119,4059.04155505952
628.620010466128,25788.770171131,4025.88396577381
628.818631768865,25866.8205357143,4091.61401041667
629.017239086133,25824.3983258929,4045.74601190476
629.215832415643,25807.6895014881,4019.25244791667
629.414411755106,25784.8692782738,4003.55135416667
629.612977102236,25787.0797842262,3999.26037202381
629.811528454742,25776.7424181548,3987.13509672619
630.010065810338,25792.4435119048,3995.13192708333
630.208589166733,25823.1305357143,4008.49248511905
630.407098521641,25890.7135044643,4065.31549107143
630.605593872772,25863.3422395833,4038.98446428571
630.804075217838,25829.6320238095,3994.93688244048
631.00254255455,25830.2496651786,3998.1876264881
631.200995880621,25815.9788988095,3986.5824702381
631.399435193763,25847.7386681548,4006.96463541667
631.597860491685,25813.0207217262,3977.61041666667
631.796271772101,25807.7545163691,3959.79633928571
631.994669032721,25840.0018973214,3980.17850446429
632.193052271257,25861.1642410714,4006.6395610119
632.391421485422,25852.0621577381,3990.8084375
632.589776672926,25848.2587872024,3980.66611607143
632.788117831481,25870.1362946429,4016.91191220238
632.986444958798,25842.5699851191,3982.81160714286
633.18475805259,25871.7616666667,4006.24947172619
633.383057110568,25861.4893154762,3991.16601934524
633.581342130443,25926.1466145833,4036.70894345238
633.779613109928,25894.4518601191,4000.59317708333
633.977870046733,25937.0366071429,4029.36226190476
634.17611293857,25936.9065773809,4022.14561011905
634.374341783151,25952.9977604167,4032.19040922619
634.572556578188,25942.3353199405,4017.46453869048
634.770757321391,25958.4265029762,4018.40725446429
634.968944010473,25949.2268973214,4005.24174107143
635.167116643146,25982.1569345238,4028.4845610119
635.36527521712,25975.1678348214,4022.82826636905
635.563419730108,25984.2699181548,4032.22291666667
635.76155017982,25985.7327529762,4028.15948660714
635.95966656397,26039.1099702381,4077.73333333333
636.157768880267,26046.814233631,4082.90201636905
636.355857126425,26043.953578869,4065.28298363095
636.553931300154,26062.3202827381,4078.83858630952
636.751991399166,26071.5523958333,4084.2023139881
636.950037421172,26088.0011607143,4089.92362351191
637.148069363885,26074.8681547619,4072.8572172619
637.346087225015,26074.4455580357,4063.7226264881
637.544091002275,26064.6283110119,4052.11747023809
637.742080693376,26018.6627901786,4013.49863095238
637.940056296029,26028.8376190476,4022.66572916667
638.138017807947,26013.4290922619,4002.38108630952
638.33596522684,26014.1117485119,3993.18148065476
638.533898550421,25993.5995535714,3977.57790922619
638.731817776401,25958.5565327381,3941.68969494048
638.929722902491,25972.2096577381,3944.48533482143
639.127613926404,25981.6693229167,3948.19118303571
639.32549084585,25944.8709002976,3902.063125
639.523353658542,25969.0239285714,3915.71625
639.721202362191,25968.3737797619,3910.02744791667
639.919036954508,25967.5936011905,3909.79989583333
640.116857433205,25969.6090625,3909.79989583333
640.314663795995,25957.5813095238,3889.74280505952
640.512456040587,25982.1569345238,3894.97650297619
640.710234164694,25981.4092633929,3906.25658482143
640.907998166028,25970.6167931548,3892.89602678571
641.105748042301,25970.7793303571,3884.08651041667
641.303483791222,25951.5024181548,3862.4690625
641.501205410505,25988.658422619,3892.14835565476
641.698912897862,26045.2863839286,3938.14638392857
641.896606251002,26061.5726116071,3949.94658482143
642.094285467639,26083.4176116071,3951.92953869048
642.291950545484,26120.8336755952,3994.64431547619
642.489601482248,26149.1801636905,4015.15651041667
642.687238275643,26166.961733631,4022.24313244048
642.88486092338,26166.1815550595,4019.6100297619
643.082469423171,26182.0776934524,4032.54799107143
643.280063772728,26243.1591741071,4082.51192708333
643.477643969763,26271.9282589286,4105.23462797619
643.675210011986,26250.115766369,4091.09389136905
643.87276189711,26269.6527380952,4100.97615327381
644.070299622846,26307.9465029762,4123.63383928571
644.267823186906,26285.9064583333,4094.79973958333
644.465332587,26279.8600744048,4077.18070684524
644.662827820842,26267.7347991071,4063.13749255952
644.860308886143,26272.090796131,4056.73352678571
645.057775780613,26289.9048735119,4062.87743303571
645.255228501965,26270.9855431548,4042.52777529762
645.45266704791,26280.152641369,4047.11132440476
645.650091416161,26285.4513541667,4043.43798363095
645.847501604427,26252.163735119,3996.69228422619
646.044897610422,26253.3665104167,3986.67999255952
646.242279431856,26290.6525446429,4023.60844494048
646.439647066442,26274.4313318452,3995.52201636905
646.637000511891,26251.3835565476,3981.90139880952
646.834339765914,26293.6757366071,4006.73708333333
647.031664826223,26357.8779315476,4053.93788690476
647.228975690529,26380.1455282738,4065.99814732143
647.426272356545,26329.6939806548,4026.50160714286
647.623554821982,26354.4321428571,4034.56345238095
647.820823084551,26384.9891369048,4038.13927083333
648.018077141964,26376.8297693452,4024.61617559524
648.215316991933,26350.8238169643,3993.21398809524
648.412542632169,26349.783578869,3987.42766369048
648.609754060384,26368.3778348214,4011.22311011905
648.80695127429,26379.3653497024,4021.10537202381
649.004134271597,26373.4489955357,4001.7309375
649.201303050018,26365.1921056548,3986.02984375
649.398457607264,26421.9500967262,4026.14402529762
649.595597941047,26452.0844940476,4050.3295610119
649.792724049079,26433.0351339286,4032.45046875
649.98983592907,26436.2858779762,4037.84670386905
650.186933578733,26495.5144345238,4080.9190625
650.384016995779,26509.6226636905,4096.55514136905
650.58108617792,26503.0561607143,4083.22709077381
650.778141122868,26493.141391369,4077.11569196429
650.975181828333,26443.6650669643,4031.44273809524
651.172208292028,26413.7907291667,3999.03281994048
651.369220511664,26381.0882440476,3970.06869047619
651.566218484953,26406.9966741071,3976.89525297619
651.763202209607,26412.2953869048,3988.30536458333
651.960171683336,26391.8156994048,3969.02845238095
652.157126903853,26398.4147098214,3976.44014880952
652.354067868869,26422.9903348214,3985.2171577381
652.550994576095,26435.6032217262,3998.70774553571
652.747907023245,26465.2500074405,4014.99397321429
652.944805208028,26471.1663616071,4024.58366815476
653.141689128157,26489.858139881,4046.13610119048
653.338558781342,26525.7463541667,4078.67604910714
653.535414165297,26491.0284077381,4043.79556547619
653.732255277732,26467.8506026786,4020.94283482143
653.929082116359,26460.6989657738,4009.46770833333
654.125894678889,26508.6149330357,4047.07881696429
654.322692963035,26469.5084821429,4020.26017857143
654.519476966507,26417.5615922619,3963.89227678571
654.716246687017,26404.2985565476,3940.45441220238
654.913002122278,26449.6789434524,3962.98206845238
655.10974327,26493.9215699405,3996.3997172619
655.306470127895,26480.5285044643,3983.49426339286
655.503182693675,26493.1088839286,3984.33945684524
655.699880965051,26513.0359449405,4004.00645833333
655.896564939735,26506.1118601191,3994.57930059524
656.093234615439,26543.9830282738,4023.28337053571
656.289889989874,26548.4040401786,4021.43044642857
656.486531060751,26573.8573660714,4052.08496279762
656.683157825783,26597.0676785714,4054.75057291667
656.87977028268,26575.9053348214,4036.31885416667
657.076368429156,26545.5758928571,4002.64114583333
657.27295226292,26541.0248511905,3994.54679315476
657.469521781685,26529.6147395833,3979.62587797619
657.666076983162,26525.3237574405,3980.66611607143
657.862617865063,26565.2754017857,4000.56066964286
658.059144425099,26556.6609300595,3990.45085565476
658.255656660983,26513.9786607143,3952.35213541667
658.452154570425,26497.0422842262,3931.64489583333
658.648638151138,26536.7663764881,3955.11526785714
658.845107400832,26567.7134598214,3996.17216517857
659.04156231722,26582.016733631,3991.71864583333
659.238002898013,26558.0262425595,3968.1507514881
659.434429140922,26551.6547842262,3964.9975297619
659.63084104366,26569.2088020833,3978.58563988095
659.827238603938,26541.7075074405,3943.93270833333
660.023621819467,26537.7090922619,3928.19910714286
660.219990687959,26522.1705357143,3920.52735119048
660.416345207126,26541.5774776786,3938.01635416667
660.612685374679,26506.5344568452,3896.43933779762
660.80901118833,26471.426421131,3870.59592261905
661.00532264579,26471.0038244048,3868.90553571429
661.201619744771,26508.972514881,3897.25202380952
661.397902482985,26575.1576636905,3957.35828125
661.594170858143,26571.4518154762,3956.02547619048
661.790424867957,26564.820297619,3947.86610863095
661.986664510139,26556.01078125,3940.22686011905
662.182889782399,26597.5552901786,3967.79316964286
662.37910068245,26603.7642113095,3968.50833333333
662.575297208003,26634.5487574405,3982.51904017857
662.77147935677,26627.6246726191,3968.67087053571
662.967647126463,26608.7703571429,3939.80426339286
663.163800514792,26582.8619270833,3911.81535714286
663.35993951947,26593.4268452381,3924.10316964286
663.556064138208,26629.0875074405,3942.14479910714
663.752174368718,26642.5780952381,3942.76244047619
663.948270208712,26647.48671875,3936.39098214286
664.1443516559,26650.8024776786,3942.53488839286
664.340418707995,26643.9759151786,3914.4809672619
664.536471362708,26659.839546131,3912.46550595238
664.732509617751,26679.0514434524,3937.98384672619
664.928533470835,26726.4472916667,3962.20188988095
665.124542919672,26777.4839732143,3993.92915178571
665.320537961974,26791.3646502976,4005.76186011905
665.516518595452,26748.2922916667,3942.43736607143
665.712484817818,26751.2179613095,3935.05817708333
665.908436626782,26797.8336309524,3963.59970982143
666.104374020059,26801.5394791667,3962.81953125
666.300296995357,26797.6385863095,3955.89544642857
666.49620555039,26825.5299702381,3966.68791666667
666.692099682868,26823.0919122024,3954.4976264881
666.887979390504,26851.3733854167,3977.57790922619
667.083844671008,26878.0619940476,3990.54837797619
667.279695522094,26899.1593229167,3999.32538690476
667.475531941471,26974.544077381,4046.03857886905
667.671353926852,26984.8814434524,4054.62054315476
667.867161475948,26963.5240550595,4038.56186755952
668.062954586471,26987.9046354167,4058.13134672619
668.258733256133,27004.580952381,4056.50597470238
668.454497482645,27041.7044494048,4094.7022172619
668.650247263719,27003.3781770833,4051.30478422619
668.845982597066,27007.7991889881,4035.08357142857
669.041703480397,26984.9464583333,4025.03877232143
669.237409911426,26937.7456547619,3983.55927827381
669.433101887862,26921.3944122024,3963.95729166667
669.628779407418,26931.47171875,3980.73113095238
669.824442467806,26955.1696428571,3989.73569196429
670.020091066736,26967.0998735119,3989.80070684524
670.215725201921,26973.8614211309,3989.31309523809
670.411344871071,26994.7637053571,3997.21240327381
670.6069500719,27018.0065252976,4014.76642113095
670.802540802118,27042.4521205357,4036.31885416667
670.998117059436,27021.2247619048,4016.00170386905
671.193678841567,27026.8485491071,4023.60844494048
671.389226146223,27018.2990922619,4024.94125
671.584758971114,26961.1510119048,3979.69089285714
671.780277313952,26954.2919419643,3968.05322916667
671.975781172449,26968.1401116071,3972.18167410714
672.171270544316,26946.0350520833,3960.25144345238
672.366745427266,26965.0519047619,3979.75590773809
672.562205819009,26946.9127529762,3958.8536235119
672.757651717257,26955.0071056548,3962.36442708333
672.953083119722,26974.6741071429,3974.39218005952
673.148500024116,26951.9839136905,3955.47284970238
673.343902428149,26962.6788616071,3963.79475446429
673.539290329535,26986.019203869,3975.10734375
673.734663725983,26971.0332738095,3955.53786458333
673.930022615206,26956.9900595238,3934.96065476191
674.125366994916,26953.9018526786,3920.07224702381
674.320696862824,26950.0659747024,3912.30296875
674.516012216641,26970.448139881,3934.9606547619
674.71131305408,26958.842983631,3921.21000744048
674.906599372851,26949.285796131,3919.87720238095
675.101871170667,26943.4344568452,3903.81852678571
675.297128445239,26952.3414955357,3908.62962797619
675.492371194278,26987.6120684524,3938.76402529762
675.687599415497,26992.228125,3945.42805059524
675.882813106606,26983.35359375,3928.78424107143
676.078012265318,26970.1230654762,3918.3168452381
676.273196889344,26995.1863020833,3939.57671130952
676.468366976395,26948.7981845238,3898.64984375
676.663522524184,26961.573608631,3910.87264136905
676.858663530421,26973.2762872024,3927.25639136905
677.053789992819,26940.2487276786,3902.45321428571
677.248901909089,26967.5549776786,3909.63735863095
677.443999276942,26979.322671131,3910.28750744048
677.63908209409,26975.2267336309,3904.95628720238
677.834150358245,27021.7123735119,3942.59990327381
678.029204067119,27054.6424107143,3966.52537946429
678.224243218422,27029.9367559524,3956.48058035714
678.419267809867,27036.5032589286,3972.40922619048
678.614277839165,27042.9072247024,3973.51447916667
678.809273304028,27018.3641071429,3956.18801339286
679.004254202168,26999.672328869,3931.2873139881
679.199220531295,26984.5238616071,3924.52576636905
679.394172289121,26979.9403125,3916.65896577381
679.589109473359,26943.6620089286,3877.3574702381
679.78403208172,26940.8013541667,3865.62228422619
679.978940111915,26946.4576488095,3876.6748139881
680.173833561656,26957.3151339286,3878.95033482143
680.368712428654,26948.6356473214,3865.71980654762
680.563576710622,26989.7250520833,3887.30474702381
680.75842640527,26987.1569642857,3878.7227827381
680.95326151031,27037.6735267857,3913.21317708333
681.148082023455,27068.5555952381,3934.21298363095
681.342887942415,27087.9625372024,3948.74380952381
681.537679264902,27115.3012946429,3965.84272321429
681.732455988627,27110.392671131,3956.675625
681.927218111303,27063.8095089286,3905.37888392857
682.121965630641,27049.8963244048,3896.76441220238
682.316698544353,27087.5399404762,3916.43141369048
682.511416850149,27096.4144717262,3918.12180059524
682.706120545742,27042.9072247024,3871.31108630952
682.900809628844,27057.015453869,3864.58204613095
683.095484097165,27119.6247842262,3924.81833333333
683.290143948418,27163.3472916667,3938.30892113095
683.484789180314,27152.5223139881,3924.10316964286
683.679419790564,27168.1583928571,3932.58761160714
683.874035776881,27151.1895089286,3920.75490327381
684.068637136976,27172.1893154762,3924.91585565476
684.26322386856,27166.4354985119,3916.75648809524
684.457795969345,27190.6535416667,3923.03042410714
684.652353437043,27194.8470014881,3917.86174107143
684.846896269365,27200.6333258929,3924.16818452381
685.041424464023,27176.610327381,3897.44706845238
685.235938018728,27168.288422619,3886.84964285714
685.430436931193,27188.6380803571,3899.43002232143
685.624921199128,27164.875141369,3884.3140625
685.819390820245,27178.0081473214,3892.31089285714
686.013845792256,27196.4398660714,3905.18383928571
686.208286112873,27202.3237127976,3906.12655505952
686.402711779806,27158.9912946429,3880.31564732143
686.597122790768,27164.3550223214,3868.25538690476
686.791519143471,27159.5114136905,3859.90097470238
686.985900835625,27169.3611681548,3874.72436755952
687.180267864943,27127.9141815476,3827.32851934524
687.374620229135,27142.2824702381,3853.95211309524
687.568957925914,27157.4634449405,3856.45518601191
687.763280952992,27166.4354985119,3859.28333333333
687.957589308079,27191.3036904762,3874.65935267857
688.151882988888,27155.3179538691,3843.84229910714
688.346161993129,27195.3671205357,3869.23061011905
688.540426318516,27206.8422470238,3882.59116815476
688.734675962758,27175.7651339286,3857.69046875
688.928910923568,27183.5019047619,3855.34993303571
689.123131198658,27174.5948660714,3859.05578125
689.317336785738,27197.3175669643,3883.33883928571
689.511527682521,27174.3673139881,3859.6084077381
689.705703886719,27182.5916964286,3863.11921130952
689.899865396042,27164.7126041667,3847.77569940476
690.094012208202,27183.7944717262,3862.92416666667
690.288144320911,27202.2912053571,3869.39314732143
690.482261731881,27217.0820907738,3875.47203869048
690.676364438824,27227.4194568452,3886.71961309524
690.870452439449,27281.6418675595,3935.80584821429
691.064525731471,27285.2501934524,3934.79811755952
691.258584312599,27275.595483631,3929.01179315476
691.452628180545,27253.9455282738,3911.68532738095
691.646657333022,27269.451577381,3927.02883928571
691.840671767741,27271.5320535714,3935.77334077381
692.034671482413,27232.1655431548,3902.42070684524
692.228656474749,27272.4747693452,3934.37552083333
692.422626742463,27261.0646577381,3944.97294642857
692.616582283264,27254.5956770833,3944.03023065476
692.810523094865,27270.816889881,3966.20030505952
693.004449174978,27274.3927083333,3971.30397321429
693.198360521313,27287.9158035714,3985.96482886905
693.392257131583,27252.1251116071,3949.2964360119
693.586139003499,27231.8729761905,3938.01635416667
693.780006134773,27220.1377901786,3932.52259672619
693.973858523116,27217.8297619048,3930.53964285714
694.16769616624,27215.8468080357,3942.56739583333
694.361519061856,27203.7540401786,3945.03796130952
694.555327207677,27221.5681175595,3949.16640625
694.749120601413,27201.5110267857,3930.31209077381
694.942899240777,27175.2775223214,3902.97333333333
695.136663123479,27148.55640625,3896.601875
695.330412247232,27154.8628497024,3893.57868303571
695.524146609747,27200.8283705357,3930.47462797619
695.717866208735,27171.5066592262,3918.90197916667
695.91157104191,27144.0053645833,3889.32020833333
696.10526110698,27160.9742485119,3909.14974702381
696.29893640166,27130.5797916667,3899.3325
696.492596923659,27144.0378720238,3898.71485863095
696.68624267069,27104.2162574405,3879.04785714286
696.879873640464,27074.4069345238,3855.87005208333
697.073489830693,27029.9692633929,3835.81296130952
697.267091239089,27003.2806547619,3809.7745014881
697.460677863362,27020.5421056548,3835.68293154762
697.654249701225,27023.8578645833,3850.47381696429
697.84780675039,27025.4182217262,3856.97530505952
698.041349008567,27028.40890625,3869.45816220238
698.234876473469,27000.2899702381,3843.32218005952
698.428389142807,26983.0610267857,3833.99254464286
698.621887014292,26975.9744047619,3839.19373511905
698.815370085636,26946.9452604167,3825.83317708333
699.008838354552,26934.7549702381,3827.49105654762
699.20229181875,26934.1048214286,3831.066875
699.395730475942,26934.0072991071,3848.36083333333
699.589154323839,26917.2984747024,3843.45220982143
699.782563360154,26927.1157217262,3852.71683035714
699.975957582597,26934.9175074405,3879.69800595238
700.169336988881,26948.3755877976,3899.03993303571
700.362701576717,26942.2316815476,3899.82011160714
700.556051343816,26883.8483184524,3873.35905505952
700.749386287891,26905.8883630952,3876.41475446429
700.942706406653,26923.3123511905,3905.54142113095
701.136011697812,26946.1325744048,3921.14499255952
701.329302159082,26952.8941220238,3926.11863095238
701.522577788174,26943.141889881,3919.22705357143
701.715838582798,26968.4326785714,3949.88156994048
701.909084540668,26976.2019568452,3972.37671875
702.102315659493,26966.2546800595,3967.82567708333
702.295531936987,26978.8350595238,3977.35035714286
702.48873337086,26985.7591443452,3994.7743452381
702.681919958825,26986.1817410714,4004.26651785714
702.875091698592,26976.462016369,3997.37494047619
703.068248587873,26970.5781696429,3996.10715029762
703.261390624381,26982.6709375,4011.09308035714
703.454517805826,27009.0344717262,4041.03243303571
703.64763012992,26967.4574553571,4009.63024553571
703.840727594375,26963.9466517857,4007.58227678571
704.033810196902,26959.9157291667,4001.79595238095
704.226877935214,26970.3506175595,4005.20923363095
704.41993080702,26985.2065178571,4017.91964285714
704.612968810034,26975.3567633929,3998.12261160714
704.805991941967,27047.6533110119,4079.6837797619
704.99900020053,27084.4192261905,4113.23145833333
705.191993583434,27078.1127827381,4111.31351934524
705.384972088393,27073.6917708333,4123.21124255952
705.577935713116,27066.572641369,4126.36446428571
705.770884455316,27057.7306175595,4131.76069940476
705.963818312705,27060.9163467262,4121.81342261905
706.156737282993,27072.8140699405,4134.06872767857
706.349641363893,27056.9829464286,4138.84732142857
706.542530553116,27040.69671875,4128.96505952381
706.735404848374,27020.8671800595,4115.31193452381
706.928264247378,27031.0420089286,4144.40609375
707.12110874784,27012.7403199405,4132.89845982143
707.313938347471,27001.5902678571,4122.62610863095
707.506753043984,26947.7579464286,4081.69924107143
707.699552835089,26944.3446651786,4092.62174107143
707.892337718498,26923.897485119,4080.33392857143
708.085107691924,26934.3973883929,4104.42194196429
708.277862753076,26910.8620014881,4094.0195610119
708.470602899668,26900.0045163691,4089.37099702381
708.663328129411,26887.0990625,4090.57377232143
708.856038440015,26796.9884375,4007.15968005952
709.048733829194,26760.3850595238,3972.18167410714
709.241414294658,26747.0895163691,3970.62131696429
709.434079834119,26756.3541369048,3979.95095238095
709.626730445289,26759.9949702381,3988.33787202381
709.819366125879,26745.8217261905,3962.72200892857
710.011986873601,26710.226078869,3953.71744791667
710.204592686166,26675.8982217262,3923.38800595238
710.397183561287,26675.3455952381,3938.73151785714
710.589759496673,26669.949360119,3940.94202380952
710.782320490039,26663.3503497024,3942.69742559524
710.974866539094,26704.1146800595,3976.66770089286
711.16739764155,26704.5047693452,3989.47563244048
711.35991379512,26675.9632366071,3967.01299107143
711.552414997514,26678.3037723214,3964.41239583333
711.744901246444,26728.7228125,4018.89486607143
711.937372539622,26706.0651264881,4009.27266369048
712.12982887476,26685.3253794643,3990.9384672619
712.322270249568,26677.3610565476,3981.1212202381
712.514696661759,26667.3162574405,3982.42151785714
712.707108109045,26698.620922619,4010.7354985119
712.899504589136,26679.7666071429,4008.03738095238
713.091886099744,26671.7047619048,4011.12558779762
713.284252638582,26671.0221056548,4015.74164434524
713.47660420336,26620.863125,3977.96799851191
713.66894079179,26610.8833407738,3971.07642113095
713.861262401584,26595.5073214286,3967.95570684524
714.053569030454,26608.8353720238,3969.02845238095
714.24586067611,26605.9422098214,3987.46017113095
714.438137336265,26551.2321875,3931.09226934524
714.630399008631,26528.9970982143,3926.31367559524
714.822645690917,26544.8282217262,3957.61834077381
715.014877380838,26511.1180059524,3936.29345982143
715.207094076103,26513.5885714286,3940.77948660714
715.399295774425,26515.4089880952,3956.28553571429
715.591482473515,26498.3425818452,3958.20347470238
715.783654171084,26435.245639881,3902.71327380952
715.975810864845,26454.4900446429,3932.75014880952
716.167952552509,26446.0056026786,3935.22071428571
716.360079231788,26462.6819196429,3971.33648065476
716.552190900393,26443.6650669643,3964.3148735119
716.744287556035,26385.5092559524,3933.07522321429
716.936369196427,26383.6238244048,3946.07819940476
717.128435819279,26371.6610863095,3952.80723958333
717.320487422305,26362.1689136905,3961.64926339286
717.512524003214,26358.3330357143,3980.08098214286
717.704545559719,26332.3270833333,3974.52220982143
717.896552089531,26309.0842633929,3971.62904761905
718.088543590363,26280.3476860119,3954.95273065476
718.280520059924,26276.0241964286,3964.67245535714
718.472481495928,26313.050171131,4005.53430803571
718.664427896086,26329.9865476191,4031.31270833333
718.856359258109,26276.869389881,3989.89822916667
719.048275579709,26247.45015625,3966.03776785714
719.240176858597,26238.2180431548,3961.5842485119
719.432063092485,26242.4765178571,3978.94322172619
719.623934279085,26229.70109375,3975.17235863095
719.815790416109,26201.8747247024,3971.23895833333
720.007631501267,26170.0824479167,3948.67879464286
720.199457532271,26160.0376488095,3953.09980654762
720.391268506834,26081.6947172619,3896.66688988095
720.583064422667,26071.32484375,3904.6637202381
720.77484527748,26103.1171205357,3933.56283482143
720.966611068987,26096.7781696429,3946.37076636905
721.158361794898,26052.4380208333,3908.46709077381
721.350097452925,26047.8544717262,3907.10177827381
721.54181804078,26044.0511011905,3900.43775297619
721.733523556174,26009.5932142857,3883.66391369048
721.925213996819,26028.252485119,3893.70871279762
722.116889360426,26001.9539657738,3900.60029017857
722.308549644707,25997.2078794643,3896.99196428571
722.500194847374,26021.5234449405,3928.0040625
722.691824966138,26002.2465327381,3913.27819196429
722.883439998712,26010.2433630952,3920.6248735119
723.075039942805,26005.4647693452,3934.50555059524
723.266624796131,25960.9620833333,3922.28275297619
723.4581945564,25931.0877455357,3900.99037946429
723.649749221324,25919.027485119,3903.94855654762
723.841288788615,25926.1791220238,3917.37412946429
724.032813255985,25905.2118229167,3925.56600446429
724.224322621144,25899.1329315476,3926.70376488095
724.415816881806,25936.4514732143,3969.80863095238
724.60729603568,25886.6175669643,3946.24073660714
724.798760080479,25864.1874330357,3954.30258184524
724.990209013915,25828.5917857143,3931.61238839286
725.181642833698,25840.9446130952,3968.54084077381
725.373061537542,25824.4308333333,3972.96185267857
725.564465123156,25805.8040699405,3977.96799851191
725.755853588253,25793.6787946429,3981.60883184524
725.947226930545,25762.4066369048,3978.26056547619
726.138585147742,25731.36203125,3963.5021875
726.329928237558,25686.8593452381,3944.3878125
726.521256197702,25610.9544717262,3892.63596726191
726.712569025887,25586.4438616071,3890.26292410714
726.903866719824,25552.4085714286,3893.93626488095
727.095149277226,25520.9088616071,3891.17313244048
727.286416695803,25532.3839880952,3912.79058035714
727.477668973267,25492.2372991071,3906.06154017857
727.66890610733,25445.5566145833,3886.26450892857
727.860128095703,25405.6049702381,3869.91326636905
728.051334936098,25375.1454985119,3860.58363095238
728.242526626227,25318.6475669643,3846.11781994048
728.433703163801,25264.1000818452,3810.22960565476
728.624864546532,25291.796421131,3832.20463541667
728.816010772131,25253.7627157738,3811.04229166667
729.007141838309,25237.4764880952,3798.65695684524
729.19825774278,25191.7710267857,3769.20521577381
729.389358483254,25163.0344494048,3755.81215029762
729.580444057442,25155.4602157738,3761.72850446429
729.771514463056,25160.2713169643,3778.33980654762
729.962569697809,25117.6865699405,3768.52255952381
730.153609759411,25140.7343452381,3801.12752232143
730.344634645574,25125.8459375,3810.16459077381
730.53564435401,25111.8027232143,3825.0529985119
730.72663888243,25066.6823958333,3803.50056547619
730.917618228546,25050.7862574405,3804.57331101191
731.10858239007,25032.9721800595,3791.18024553571
731.299531364712,24972.6708779762,3764.55665178571
731.490465150186,24956.9372767857,3769.33524553571
731.681383744201,24962.69109375,3788.64466517857
731.872287144471,24972.865922619,3816.89363095238
732.063175348706,24961.943422619,3815.75587053571
732.254048354618,24947.3800892857,3810.61969494048
732.444906159919,24962.2034821429,3853.98462053571
732.63574876232,24928.0381622024,3853.13942708333
732.826576159533,24901.6096130952,3836.10552827381
733.017388349269,24882.4302232143,3836.88570684524
733.208185329241,24874.7909747024,3853.23694940476
733.398967097159,24875.8962276786,3881.81098958333
733.589733650735,24840.560639881,3873.9441889881
733.780484987682,24793.1322842262,3854.21217261905
733.971221105709,24820.69859375,3879.27540922619
734.16194200253,24805.0950223214,3889.61277529762
734.352647675855,24793.8799553571,3892.53844494048
734.543338123397,24769.6944196429,3885.38680803571
734.734013342867,24794.4000744048,3918.77194940476
734.924673331976,24798.8210863095,3933.95292410714
735.115318088435,24764.5257366071,3929.14182291667
735.305947609958,24760.7548735119,3927.35391369048
735.496561894255,24774.8305952381,3949.8490625
735.687160939038,24768.9792559524,3960.96660714286
735.877744742018,24716.8698288691,3931.31982142857
736.068313300907,24703.4767633929,3928.1340922619
736.258866613416,24692.424233631,3922.38027529762
736.449404677258,24675.97546875,3921.56758928571
736.639927490144,24651.0422619048,3905.63894345238
736.830435049785,24646.4912202381,3921.01496279762
737.020927353893,24624.6137127976,3924.81833333333
737.21140440018,24638.3318526786,3949.32894345238
737.401866186357,24591.8787202381,3909.60485119048
737.592312710136,24580.4361011905,3907.84944940476
737.782743969228,24606.3770386905,3939.64172619048
737.973159961345,24570.6838690476,3928.88176339286
738.163560684199,24514.3159672619,3878.3001860119
738.3539461355,24508.04203125,3879.11287202381
738.544316312962,24516.3639360119,3914.57848958333
738.734671214295,24503.0683928571,3911.97789434524
738.925010837211,24455.7700669643,3876.57729166667
739.115335179422,24449.398608631,3878.9828422619
739.305644238638,24447.5456845238,3898.55232142857
739.495938012573,24434.0550967262,3898.42229166667
739.686216498937,24406.8138616071,3877.55251488095
739.876479695442,24376.97203125,3865.68729910714
740.066727599799,24406.7163392857,3910.58007440476
740.25696020972,24426.2208035714,3950.56422619048
740.447177522918,24386.5942336309,3920.36481398809
740.637379537102,24377.1345684524,3925.37095982143
740.827566249986,24383.4735193452,3949.32894345238
741.01773765928,24388.5771875,3956.41556547619
741.207893762696,24334.582328869,3922.44529017857
741.398034557946,24310.9169122024,3918.05678571429
741.588160042741,24281.465171131,3913.21317708333
741.778270214794,24265.6990625,3927.28889880952
741.968365071814,24220.2536607143,3903.29840773809
742.158444611515,24229.6483110119,3935.18820684524
742.348508831608,24187.258608631,3922.80287202381
742.538557729804,24149.5499776786,3890.94558035714
742.728591303814,24080.2116071429,3857.46291666667
742.918609551352,24061.3897991071,3860.90870535714
743.108612470127,24070.5243898809,3883.30633184524
743.298600057852,24054.7907886905,3883.40385416667
743.488572312238,24016.7570833333,3862.66410714286
743.678529230998,23997.0575744048,3868.22287946429
743.868470811841,24032.4256696429,3917.40663690476
744.058397052481,24010.7106994048,3910.58007440476
744.248307950629,23967.0206994048,3888.21495535714
744.438203503996,23952.5873958333,3890.06787946429
744.628083710293,23946.9311011905,3921.01496279762
744.817948567234,23941.7299107143,3934.92814732143
745.007798072528,23899.3077008929,3920.85242559524
745.197632223888,23894.7566592262,3929.10931547619
745.387451019025,23872.0014508929,3919.97472470238
745.577254455651,23855.4876711309,3926.5087202381
745.767042531478,23822.7851860119,3900.79533482143
745.956815244216,23814.6583258929,3911.0676860119
746.146572591578,23803.5082738095,3919.68215773809
746.336314571276,23827.2061979167,3948.22369047619
746.52604118102,23813.6180877976,3951.57195684524
746.715752418523,23802.110453869,3955.24529761905
746.905448281496,23817.5514880952,3987.13509672619
747.09512876765,23768.0101488095,3970.88137648809
747.284793874698,23739.1110342262,3963.07959077381
747.47444360035,23714.3403645833,3964.83499255952
747.664077942319,23689.1470982143,3969.87364583333
747.853696898316,23623.254516369,3921.92517113095
748.043300466053,23557.5569791667,3891.98581845238
748.23288864324,23502.0992857143,3859.96598958333
748.422461427591,23499.7262425595,3887.27223958333
748.612018816816,23482.4647916667,3871.66866815476
748.801560808627,23415.8895535714,3834.05755952381
748.991087400736,23400.3184895833,3837.34081101191
749.180598590854,23385.3325595238,3858.47064732143
749.370094376692,23389.3959895833,3881.32337797619
749.559574755963,23370.5416741071,3880.08809523809
749.749039726378,23337.9367113095,3869.1655952381
749.938489285649,23339.6921130952,3888.24746279762
750.127923431487,23322.9182738095,3892.96104166667
750.317342161604,23259.8538392857,3864.74458333333
750.50674547371,23226.4036830357,3848.19829613095
750.69613336552,23223.4129985119,3861.03873511905
750.885505834742,23204.1035788691,3865.55726934524
751.07486287909,23196.4968377976,3873.81415922619
751.264204496274,23154.6597619048,3853.46450148809
751.453530684007,23154.2371651786,3867.54022321429
751.64284144,23148.5808705357,3868.93804315476
751.832136761964,23132.4896875,3864.84210565476
752.021416647612,23125.0779910714,3860.2910639881
752.210681094654,23112.6601488095,3879.14537946429
752.399930100803,23081.8756026786,3860.87619791667
752.589163663769,23049.0755952381,3847.58065476191
752.778381781266,23034.2847098214,3843.71226934524
752.967584451003,23017.0882738095,3856.52020089286
753.156771670693,22989.4244419643,3839.06370535714
753.345943438047,22960.3302827381,3835.26033482143
753.535099750777,22946.4170982143,3834.22009672619
753.724240606595,22914.6898363095,3827.36102678571
753.913366003212,22880.0694122024,3807.46647321429
754.10247593834,22822.9213318452,3776.51938988095
754.29157040969,22795.192485119,3761.01334077381
754.480649414974,22776.078110119,3762.21611607143
754.669712951903,22750.5272619048,3749.18063244048
754.85876101819,22690.5510342262,3706.85594494048
755.047793611545,22671.2741220238,3702.49994791667
755.23681072968,22702.1561904762,3746.90511160714
755.425812370308,22697.4426116071,3761.01334077381
755.614798531139,22659.9290252976,3751.39113839286
755.803769209885,22657.9135639881,3768.16497767857
755.992724404257,22628.7868973214,3775.6416889881
756.181664111968,22630.2497321429,3775.28410714286
756.370588330729,22604.6988839286,3764.10154761905
756.559497058252,22577.7827232143,3755.25952380952
756.748390292247,22595.7593377976,3777.46210565476
756.937268030427,22579.6356473214,3779.80264136905
757.126130270504,22559.3835119048,3774.11383928571
757.314977010188,22529.6066964286,3765.30432291667
757.503808247192,22551.1266220238,3809.74199404762
757.692623979226,22534.2877678571,3797.32415178571
757.881424204004,22508.1517857143,3793.74833333333
758.070208919236,22492.2881547619,3785.06884672619
758.258978122633,22516.668735119,3825.63813244048
758.447731811908,22530.8419791667,3861.55885416667
758.636469984772,22504.2508928571,3852.55429315476
758.825192638937,22469.9230357143,3849.17351934524
759.013899772114,22451.9139136905,3860.48610863095
759.202591382015,22388.8494791667,3818.81156994048
759.391267466351,22349.417953869,3807.56399553571
759.579928022834,22356.2120089286,3826.54834077381
759.768573049176,22351.3684002976,3841.63179315476
759.957202543088,22348.5727604167,3853.07441220238
760.145816502282,22331.5063541667,3850.50632440476
760.334414924469,22294.7079315476,3839.94140625
760.522997807362,22297.4060491071,3867.80028273809
760.711565148671,22245.6216964286,3854.2771875
760.900116946108,22228.3602455357,3852.16420386905
761.088653197385,22201.8016666667,3851.5465625
761.277173900213,22206.4502306548,3876.08968005952
761.465679052305,22134.6738020833,3824.37034226191
761.654168651371,22116.8597247024,3838.44606398809
761.842642695123,22078.533452381,3829.08392113095
762.031101181273,22081.264077381,3869.23061011905
762.219544107532,22089.325922619,3892.14835565476
762.407971471613,22027.1391889881,3853.85459077381
762.596383271226,22019.5974627976,3874.10672619048
762.784779504083,22026.8466220238,3900.11267857143
762.973160167896,22030.8450372024,3921.95767857143
763.161525260376,22010.4628720238,3924.42824404762
763.349874779235,21970.8037946429,3904.59870535714
763.538208722185,21940.1817857143,3897.67462053571
763.726527086937,21920.3522470238,3904.66372023809
763.914829871203,21854.5246800595,3875.73209821429
764.103117072694,21818.8640178571,3874.72436755952
764.291388689122,21824.6178348214,3912.82308779762
764.479644718198,21777.4495386905,3885.19176339286
764.667885157635,21754.7268377976,3882.46113839286
764.856110005144,21711.8495238095,3871.63616071429
765.044319258436,21682.9829166667,3869.71822172619
765.232512915222,21670.5650744048,3877.91009672619
765.420690973216,21653.2061011905,3888.2799702381
765.608853430127,21642.9012425595,3904.85876488095
765.797000283668,21663.3159151786,3946.95590029762
765.985131531551,21622.9741815476,3915.71625
766.173247171486,21549.5073660714,3879.76302083333
766.361347201186,21523.4038913691,3875.04944196429
766.549431618362,21504.0294568452,3892.96104166667
766.737500420726,21485.0776190476,3887.56480654762
766.925553605989,21425.5890029762,3858.34061755952
767.113591171863,21401.6635267857,3862.82664434524
767.301613116059,21383.9469717262,3872.64389136905
767.48961943629,21361.7768973214,3877.38997767857
767.677610130266,21305.766577381,3851.09145833333
767.8655851957,21312.5606324405,3866.07738839286
768.053544630302,21304.6938318452,3885.8094047619
768.241488431785,21264.5471428571,3873.5215922619
768.42941659786,21232.4297916667,3877.65003720238
768.617329126239,21195.6963839286,3871.57114583333
768.805226014633,21227.7487202381,3913.34320684524
768.993107260754,21258.7608184524,3956.8056547619
769.180972862313,21181.9782440476,3914.67601190476
769.368822817023,21176.9070833333,3922.08770833333
769.556657122594,21193.1933110119,3967.24054315476
769.744475776738,21149.6658482143,3942.76244047619
769.932278777167,21146.5451339286,3958.30099702381
770.120066121593,21115.24046875,3956.15550595238
770.307837807727,21117.97109375,3985.31468005952
770.49559383328,21081.10765625,3967.01299107143
770.683334195965,21043.3340104167,3961.12914434524
770.871058893492,21021.1639360119,3953.97750744048
771.058767923574,21032.5090327381,3985.2171577381
771.246461283922,21018.4983258929,3994.0916889881
771.434138972248,20981.8624404762,3980.37354910714
771.621800986262,20948.737358631,3966.33033482143
771.809447323678,20931.0208035714,3981.83638392857
771.997077982206,20909.013266369,3977.67543154762
772.184692959558,20875.1080059524,3958.78860863095
772.372292253446,20861.4223735119,3957.97592261905
772.559875861581,20875.563110119,3987.65521577381
772.747443781675,20806.1272172619,3950.20664434524
772.934996011439,20748.3289880952,3919.71466517857
773.122532548585,20749.5317633929,3940.4219047619
773.310053390825,20733.5381026786,3955.53786458333
773.49755853587,20649.0837723214,3898.06470982143
773.685047981431,20599.769985119,3874.95191964286
773.872521725221,20554.6171502976,3865.39473214286
774.059979764952,20560.6960416667,3892.14835565476
774.247422098333,20577.9574925595,3934.96065476191
774.434848723079,20539.4361755952,3920.72239583333
774.622259636898,20529.3263616071,3926.63875
774.809654837504,20511.9348809524,3941.03954613095
774.997034322608,20484.6936458333,3936.32596726191
775.184398089922,20443.1491369048,3915.68374255952
775.371746137157,20412.8196949405,3907.78443452381
775.559078462024,20401.5396130952,3922.99791666667
775.746395062236,20360.157641369,3895.88671130952
775.933695935504,20327.1950967262,3894.71644345238
776.12098107954,20299.8563392857,3888.73507440476
776.308250492054,20281.5221428571,3898.64984375
776.49550417076,20233.183578869,3877.52000744048
776.682742113367,20207.9903125,3874.49681547619
776.869964317589,20185.9502678571,3868.51544642857
777.057170781136,20187.5431324405,3891.30316220238
777.24436150172,20160.8545238095,3888.41
777.431536477054,20142.4228050595,3887.36976190476
777.618695704847,20133.645796131,3908.10950892857
777.805839182812,20129.7449032738,3931.61238839286
777.992966908661,20090.3783928571,3911.4902827381
778.180078880105,20009.1748065476,3854.86232142857
778.367175094856,19995.2616220238,3857.78799107143
778.554255550625,19985.6394196429,3883.01376488095
778.741320245124,19978.8453645833,3888.93011904762
778.928369176064,19933.3999627976,3868.19037202381
779.115402341158,19917.243764881,3872.51386160714
779.302419738116,19916.1710193452,3897.31703869048
779.489421364651,19905.4110565476,3911.10019345238
779.676407218473,19882.5583258929,3917.17908482143
779.863377297295,19851.9363169643,3907.10177827381
780.050331598828,19850.5710044643,3936.7485639881
780.237270120784,19821.2167857143,3937.17116071429
780.424192860874,19795.8934895833,3938.17889136905
780.61109981681,19773.4308482143,3937.88632440476
780.797990986303,19754.3164732143,3947.83360119048
780.984866367065,19722.3941666667,3938.3739360119
781.171725956809,19671.0649181548,3918.5769047619
781.358569753244,19664.8234895833,3931.2873139881
781.545397754083,19652.243110119,3941.00703869048
781.732209957038,19605.3673809524,3919.64965029762
781.91900635982,19568.2438839286,3909.27977678571
782.10578696014,19548.3493303571,3911.52279017857
782.292551755711,19504.1392113095,3899.07244047619
782.479300744244,19451.9647693452,3874.756875
782.66603392345,19386.6248139881,3842.99710565476
782.852751291041,19351.0941815476,3833.50493303571
783.039452844728,19347.9734672619,3852.00166666667
783.226138582224,19313.6131026786,3845.11008928571
783.41280850124,19273.4989211309,3824.98798363095
783.599462599487,19259.163139881,3830.67678571429
783.786100874678,19237.188110119,3835.39036458333
783.972723324522,19210.564516369,3824.01276041667
784.159329946733,19182.1530133929,3818.68154017857
784.345920739022,19169.2475595238,3825.63813244048
784.532495699101,19143.3391294643,3827.65359375
784.71905482468,19117.5607291667,3830.09165178571
784.905598113472,19061.5504092262,3806.71880208333
785.092125563188,19039.5103645833,3806.52375744048
785.27863717154,19031.6435639881,3820.66449404762
785.465132936239,19005.4100595238,3828.36875744048
785.651612854998,18984.4752678571,3830.83932291667
785.838076925527,18937.2419568452,3809.221875
786.024525145538,18923.8813988095,3827.81613095238
786.210957512743,18909.1880357143,3835.13030505952
786.397374024853,18880.22390625,3836.36558779762
786.58377467958,18874.3075520833,3856.26014136905
786.770159474636,18929.0175744048,3940.35688988095
786.956528407732,18900.1834747024,3948.09366071429
787.14288147658,18865.4980357143,3941.00703869048
787.329218678891,18849.9269717262,3951.44192708333
787.515540012378,18827.6918824405,3969.19098958333
787.70184547475,18783.969375,3948.67879464286
787.888135063721,18726.3986979167,3934.50555059524
788.074408777002,18686.414546131,3922.34776785714
788.260666612304,18664.4395163691,3930.05203125
788.446908567339,18647.0155282738,3948.71130208333
788.633134639818,18585.934047619,3927.93904761905
788.819344827454,18568.867641369,3935.64331101191
789.005539127957,18569.8428645833,3964.9975297619
789.19171753904,18537.3354241071,3967.04549851191
789.377880058414,18499.8868526786,3950.43419642857
789.56402668379,18468.3546354167,3938.9265625
789.75015741288,18451.0606770833,3954.33508928571
789.936272243396,18428.0129017857,3954.56264136905
790.12237117305,18425.0872321429,3971.59654017857
790.308454199552,18405.6152752976,3965.68018601191
790.494521320615,18393.8475818452,3979.04074404762
790.68057253395,18313.3591592262,3915.74875744048
790.866607837268,18263.3627157738,3880.54319940476
791.052627228282,18254.2606324405,3888.89761160714
791.238630704703,18212.0659747024,3871.53863839286
791.424618264243,18187.8804389881,3856.81276785714
791.610589904612,18195.6172098214,3886.71961309524
791.796545623523,18201.8586383929,3900.76282738095
791.982485418688,18189.993422619,3900.92536458333
792.168409287817,18135.9335491071,3869.52317708333
792.354317228623,18110.7727901786,3848.91345982143
792.540209238817,18113.3408779762,3853.56202380952
792.72608531611,18091.6259077381,3840.26648065476
792.911945458215,18070.2685193452,3822.875
793.097789662843,18038.6387797619,3797.61671875
793.283617927705,18026.2209375,3793.35824404762
793.469430250513,18052.5844717262,3823.00502976191
793.655226628979,18066.5951785714,3830.44923363095
793.841007060814,18069.7484002976,3825.83317708333
794.02677154373,18060.2562276786,3819.29918154762
794.212520075439,18068.9032068452,3832.91979910714
794.398252653652,18072.023921131,3833.86251488095
794.58396927608,18057.0379910714,3819.52673363095
794.769669940435,18053.5271875,3815.78837797619
794.955354644429,18055.4451264881,3815.62584077381
795.141023385774,18095.7543526786,3848.36083333333
795.326676162181,18094.2915178571,3845.17510416667
795.512312971361,18102.6459300595,3845.01256696429
795.697933811027,18119.809858631,3855.70751488095
795.88353867889,18144.2879613095,3877.78006696429
796.06912757266,18165.5153199405,3885.41931547619
796.254700490051,18172.7319717262,3878.75529017857
796.440257428774,18206.2471428571,3902.16064732143
796.625798386539,18247.2715327381,3940.87700892857
796.81132336106,18250.1646949405,3939.08909970238
796.996832350047,18251.6600372024,3935.35074404762
797.182325351212,18303.4768973214,3976.34262648809
797.367802362267,18311.7337872024,3981.96641369048
797.553263380922,18324.0541071429,3989.54064732143
797.738708404891,18306.4675818452,3969.32101934524
797.924137431884,18316.7724404762,3970.71883928571
798.109550459613,18306.8251636905,3945.68811011905
798.294947485789,18299.3159449405,3929.27185267857
798.480328508125,18320.1207068452,3935.54578869048
798.665693524332,18359.5847395833,3969.7761235119
798.85104253212,18355.0336979167,3955.86293898809
799.036375529203,18337.6097098214,3941.20208333333
799.221692513292,18341.3805729167,3935.74083333333
799.406993482097,18335.8868154762,3930.92973214286
799.592278433332,18350.2876116071,3935.25322172619
799.777547364706,18343.3635267857,3914.51347470238
799.962800273933,18377.4963392857,3937.95133928571
800.148037158723,18406.0703794643,3967.01299107143
800.333258016788,18407.2406473214,3959.73132440476
800.518462845841,18384.2903943452,3934.11546130952
800.703651643591,18382.8925744048,3923.94063244048
800.888824407752,18408.3133928571,3947.9311235119
801.073981136033,18374.7657142857,3922.64033482143
801.259121826149,18336.3744270833,3885.93943452381
801.444246475808,18339.3326041667,3884.60662946429
801.629355082724,18348.5972247024,3898.7798735119
801.814447644609,18364.6233928571,3919.45460565476
801.999524159172,18376.8136830357,3935.18820684524
802.184584624127,18390.0442113095,3941.23459077381
802.369629037184,18379.5118005952,3939.02408482143
802.554657396056,18393.7500595238,3945.55808035714
802.739669698454,18390.9544196429,3945.65560267857
802.924665942089,18415.4975372024,3960.60902529762
803.109646124673,18451.2232142857,4000.13807291667
803.294610243918,18507.3960714286,4049.12678571429
803.479558297535,18469.7524553571,4024.09605654762
803.664490283237,18477.5542410714,4033.81578125
803.849406198733,18442.7387723214,4008.94758928571
804.034306041737,18436.8549255952,4007.0621577381
804.21918980996,18417.9030877976,3999.39040178571
804.404057501112,18409.5486755952,3985.93232142857
804.588909112907,18432.6614657738,4018.86235863095
804.773744643055,18458.9274776786,4045.4209375
804.958564089268,18458.7974479167,4039.01697172619
805.143367449258,18464.9088467262,4040.96741815476
805.328154720736,18482.1052827381,4068.69626488095
805.512925901414,18507.7211458333,4099.15573660714
805.697680989003,18491.174858631,4088.16822172619
805.882419981216,18475.1486904762,4074.28754464286
806.067142875763,18480.6749553572,4093.49944196429
806.251849670356,18463.4135044643,4080.59398809524
806.436540362708,18417.7405505952,4057.1561235119
806.621214950528,18412.8969419643,4060.21182291667
806.80587343153,18417.9030877976,4072.30459077381
806.990515803424,18425.0222172619,4081.99180803571
807.175142063923,18340.6654092262,4020.91032738095
807.359752210737,18343.1359747024,4029.45978422619
807.544346241579,18353.1157589286,4056.92857142857
807.72892415416,18402.9171577381,4111.83363839286
807.913485946191,18372.4576860119,4089.63105654762
808.098031615385,18353.4083258929,4085.95771577381
808.282561159453,18333.0261607143,4082.90201636905
808.467074576106,18320.3807663691,4071.06930803571
808.651571863056,18276.9183184524,4035.34363095238
808.836053018014,18247.0439806548,4019.38247767857
809.020518038693,18263.720297619,4053.02767857143
809.204966922804,18259.7218824405,4049.74442708333
809.389399668058,18204.6542782738,4004.94917410714
809.573816272167,18185.897485119,3982.25898065476
809.758216732842,18183.0693377976,3997.53747767857
809.942601047796,18173.7722098214,3990.51587053571
810.12696921474,18142.7926190476,3975.98504464286
810.311321231384,18140.5170982143,3977.87047619048
810.495657095443,18166.1329613095,4012.42588541667
810.679976804625,18134.6007440476,3999.78049107143
810.864280356644,18072.9341294643,3953.29485119048
811.04856774921,18076.7049925595,3954.62765625
811.232838980036,18063.4419568452,3946.24073660714
811.417094046833,18046.1805059524,3931.05976190476
811.601332947312,18002.6205357143,3894.97650297619
811.785555679186,18002.8480877976,3910.28750744048
811.969762240165,17968.942827381,3883.92397321429
812.153952627961,17974.5666145833,3895.85420386905
812.338126840287,17922.2946502976,3872.09126488095
812.522284874853,17880.2625297619,3843.54973214286
812.706426729371,17891.3150595238,3874.52932291667
812.890552401553,17872.3307142857,3868.71049107143
813.074661889111,17825.9751041667,3842.76955357143
813.258755189755,17821.359047619,3852.911875
813.442832301198,17797.0759895833,3857.95052827381
813.62689322115,17821.9116741071,3897.38205357143
813.810937947325,17762.0004613095,3867.34517857143
813.994966477433,17780.6597321429,3896.17927827381
814.178978809186,17753.9386160714,3892.89602678571
814.362974940295,17731.8335565476,3887.5973139881
814.546954868473,17708.2331547619,3886.16698660714
814.73091859143,17688.5011383929,3882.62367559524
814.914866106879,17706.8353348214,3924.68830357143
815.09879741253,17685.9655580357,3931.83994047619
815.282712506096,17642.7306622024,3912.69305803571
815.466611385288,17599.6257961309,3891.56322172619
815.650494047817,17571.4743526786,3880.93328869048
815.834360491397,17594.9122172619,3917.95926339286
816.018210713736,17581.8767336309,3928.42665922619
816.202044712549,17577.8133035714,3936.61853422619
816.385862485545,17594.2620684524,3977.2853422619
816.569664030437,17590.7837723214,3979.65838541667
816.753449344937,17527.7518452381,3933.69286458333
816.937218426755,17498.8202232143,3929.56441964286
817.120971273604,17469.4985119048,3918.90197916667
817.304707883195,17450.7092113095,3924.75331845238
817.488428253239,17399.4124702381,3893.54617559524
817.672132381449,17384.1989880952,3896.7319047619
817.855820265535,17388.6525074405,3926.34618303571
818.03949190321,17369.4731175595,3916.85401041667
818.223147292185,17309.8219642857,3891.49820684524
818.406786430172,17282.2556547619,3877.42248511905
818.590409314882,17259.6954910714,3879.34042410714
818.774015944027,17211.129375,3861.07124255952
818.957606315318,17190.9422544643,3861.39631696429
819.141180426467,17147.3172693452,3843.58223958333
819.324738275186,17153.9162797619,3875.37451636905
819.508279859186,17130.1533407738,3882.62367559524
819.691805176179,17084.772953869,3868.12535714286
819.875314223877,17043.1309226191,3855.96757440476
820.05880699999,17033.1836458333,3875.14696428571
820.242283502231,17025.0567857143,3885.06173363095
820.425743728311,16966.0882886905,3861.62386904762
820.609187675942,16949.1519122024,3883.0787797619
820.792615342836,16958.5790699405,3912.49801339286
820.976026726703,16930.7527008929,3907.03676339286
821.159421825256,16911.8333705357,3910.54756696428
821.342800636207,16881.3738988095,3904.37115327381
821.526163157266,16862.8121502976,3912.33547619048
821.709509386145,16827.7041145833,3895.04151785714
821.892839320557,16816.3915252976,3916.04132440476
822.076152958212,16799.6176860119,3913.44072916667
822.259450296822,16795.4242261905,3934.40802827381
822.442731334099,16778.9104464286,3944.97294642857
822.625996067754,16754.43234375,3935.44826636905
822.809244495499,16723.3552306548,3920.49484375
822.992476615046,16729.0765401786,3949.8490625
823.175692424106,16677.2596800595,3925.76104910714
823.358891920391,16659.608139881,3920.52735119048
823.542075101612,16640.0061532738,3922.51030505952
823.725241965481,16638.2832589286,3943.54261904762
823.90839250971,16631.7167559524,3955.1802827381
824.091526732009,16564.9464732143,3916.62645833333
824.274644630092,16542.8414136905,3913.40822172619
824.457746201669,16565.401577381,3943.83518601191
824.640831444452,16517.3555803571,3912.23795386905
824.823900356152,16487.7738095238,3904.66372023809
825.006952934482,16450.9753869048,3893.64369791667
825.189989177152,16436.5745907738,3906.32159970238
825.373009081875,16426.3997619048,3910.80762648809
825.556012646361,16386.7081770833,3898.0972172619
825.738999868323,16358.1666443452,3883.66391369048
825.921970745472,16380.5317633929,3922.64033482143
826.10492527552,16369.41421875,3936.71605654762
826.287863456178,16357.5164955357,3944.42031994048
826.470785285158,16317.53234375,3921.7301264881
826.653690760172,16317.6623735119,3951.50694196429
826.836579878931,16254.4354017857,3913.05063988095
827.019452639146,16231.51765625,3911.84786458333
827.202309038529,16203.3662127976,3912.66055059524
827.385149074793,16180.6760193452,3909.99494047619
827.567972745648,16178.6930654762,3921.11248511905
827.750780048806,16106.5265476191,3875.76460565476
827.933570981979,16104.7386383929,3886.58958333333
828.116345542878,16115.2060342262,3916.78899553571
828.299103729215,16066.7049330357,3890.26292410714
828.481845538702,16042.5519047619,3896.56936755952
828.664570969049,16040.5039360119,3924.68830357143
828.847280017969,16046.2577529762,3949.39395833333
829.029972683174,16034.0999702381,3952.38464285714
829.212648962374,16013.6202827381,3958.1709672619
829.395308853282,15979.9425744048,3948.15867559524
829.577952353609,15957.4474255952,3955.53786458333
829.760579461066,15903.1274925595,3932.2300297619
829.943190173366,15846.434516369,3893.44865327381
830.12578448822,15819.3558184524,3892.27838541667
830.308362403339,15812.4967485119,3913.21317708333
830.490923916435,15767.1488690476,3882.33110863095
830.673469025219,15781.4521428571,3921.37254464286
830.855997727404,15765.3934672619,3920.20227678571
831.038510020701,15783.077514881,3963.69723214286
831.221005902821,15763.1179464286,3965.77770833333
831.403485371477,15694.7547991071,3929.10931547619
831.585948424378,15695.1773958333,3939.08909970238
831.768395059239,15667.2860119048,3937.72378720238
831.950825273768,15632.080453869,3928.29662946429
832.13323906568,15579.9385193452,3905.11882440476
832.315636432684,15573.0794494048,3913.37571428571
832.498017372493,15519.8647693452,3885.97194196429
832.680381882818,15481.96109375,3873.09899553571
832.862729961371,15440.5141071429,3849.49859375
833.045061605863,15418.409047619,3832.30215773809
833.227376814007,15401.4401636905,3841.27421130952
833.409675583512,15355.5071502976,3818.12891369048
833.591957912092,15328.6234970238,3807.33644345238
833.774223797458,15299.1067410714,3796.99907738095
833.956473237321,15294.2631324405,3802.88292410714
834.138706229394,15252.2310119048,3782.20819196429
834.320922771387,15253.6613392857,3804.67083333333
834.503122861012,15226.3875967262,3790.46508184524
834.68530649598,15212.8319940476,3798.46191220238
834.867473674004,15172.7178125,3773.00858630952
835.049624392795,15151.620483631,3774.47142113095
835.231758650065,15129.092827381,3763.48390625
835.413876443525,15106.9227529762,3771.87082589286
835.595977770886,15089.8563467262,3775.60918154762
835.778062629861,15054.000639881,3749.47319940476
835.960131018161,15061.2497991071,3773.82127232143
836.142182933497,15056.8287872024,3799.04704613095
836.324218373582,15082.3471279762,3836.528125
836.506237336126,15062.192514881,3835.58540922619
836.688239818842,15055.2034151786,3853.78957589286
836.87022581944,15024.4188690476,3864.45201636905
837.052195335633,15020.3879464286,3886.9146577381
837.234148365132,15007.6125223214,3893.51366815476
837.416084905649,14992.6916071429,3895.82169642857
837.598004954895,14954.8204389881,3886.81713541667
837.779908510583,14898.2249851191,3850.7338764881
837.961795570422,14893.5439136905,3861.88392857143
838.143666132126,14863.3119940476,3857.36539434524
838.325520193406,14813.2505357143,3832.33466517857
838.507357751972,14790.6253571429,3833.53744047619
838.689178805538,14744.4972991071,3808.73426339286
838.870983351814,14723.1074032738,3804.63832589286
839.052771388512,14722.6522991071,3834.96776785714
839.234542913344,14711.4047247024,3832.4321875
839.416297924021,14670.7054092262,3818.06389880952
839.598036418256,14648.6978720238,3823.98025297619
839.779758393758,14636.1825074405,3827.26350446429
839.961463848241,14577.6366071429,3788.12454613095
840.143152779415,14551.5331324405,3787.5069047619
840.324825184993,14530.8909077381,3787.53941220238
840.506481062685,14500.5289583333,3776.61691220238
840.688120410204,14523.7392708333,3801.55011904762
840.869743225261,14468.4766220238,3758.54277529762
841.051349505568,14458.6268675595,3761.11086309524
841.232939248836,14459.6345982143,3788.7421875
841.414512452777,14468.9317261905,3814.32554315476
841.596069115102,14462.9178497024,3828.33625
841.777609233523,14442.8282514881,3826.9709375
841.959132805752,14433.336078869,3834.48015625
842.1406398295,14481.4795982143,3895.95172619048
842.322130302479,14435.1239880952,3874.56183035714
842.503604222401,14407.8177380952,3869.97828125
842.685061586976,14439.2199255952,3919.84469494048
842.866502393917,14396.6676860119,3889.15767113095
843.047926640935,14364.4203050595,3884.24904761905
843.229334325743,14354.1804613095,3892.47343005952
843.41072544605,14348.3616294643,3907.32933035714
843.59209999957,14319.0399181548,3898.42229166667
843.773457984013,14293.9766815476,3891.79077380952
843.954799397091,14260.5590327381,3870.07580357143
844.136124236516,14278.6981845238,3907.00425595238
844.3174325,14263.5822247024,3906.32159970238
844.498724185254,14210.9851860119,3884.3140625
844.679999289989,14224.9958928571,3914.38344494048
844.861257811917,14221.3875669643,3932.1
845.04249974875,14155.2349255952,3884.93170386905
845.2237250982,14132.3496875,3879.34042410714
845.404933857977,14110.3096428571,3881.48591517857
845.586126025795,14088.2695982143,3880.15311011905
845.767301599363,14064.3766294643,3877.71505208333
845.948460576394,14013.6000074405,3846.31286458333
846.1296029546,14015.9080357143,3861.03873511905
846.310728731691,14026.4079389881,3896.76441220238
846.49183790538,13970.2350818452,3863.57431547619
846.672930473378,13979.5322098214,3883.5013764881
846.854006433397,13958.7599553571,3886.91465773809
847.035065783148,13939.4505357143,3879.04785714286
847.216108520343,13949.5603497024,3896.76441220238
847.397134642694,13938.7678794643,3905.44389880952
847.578144147912,13962.4658035714,3938.95906994047
847.759137033709,13951.44578125,3942.46987351191
847.940113297796,13906.1629166667,3908.36956845238
848.121072937885,13894.3952232143,3918.18681547619
848.302015951687,13874.7607291667,3911.6203125
848.482942336915,13881.3272321429,3932.03498511905
848.663852091279,13857.23921875,3928.55668898809
848.844745212492,13858.7670684524,3943.12002232143
849.025621698264,13833.0211755952,3937.23617559524
849.206481546309,13809.1932217262,3930.70218005952
849.387324754336,13792.9069940476,3934.21298363095
849.568151320058,13750.5497991071,3908.3370610119
849.748961241186,13738.45703125,3916.5289360119
849.929754515432,13698.797953869,3894.55390625
850.110531140508,13674.0922991071,3866.40246279762
850.291291114125,13654.3602827381,3866.565
850.472034433994,13645.3882291667,3878.43021577381
850.652761097828,13638.78921875,3885.77689732143
850.833471103337,13592.4661160714,3862.95667410714
851.014164448235,13565.127358631,3856.13011160714
851.194841130231,13557.2605580357,3863.63933035714
851.375501147038,13508.9870089286,3838.28352678571
851.556144496367,13485.5166369048,3834.70770833333
851.73677117593,13465.7196056548,3830.38421875
851.917381183438,13449.9860044643,3831.22941220238
852.097974516604,13442.18421875,3845.95528273809
852.278551173138,13383.5082886905,3803.69561011905
852.459111150753,13363.0936160714,3802.07023809524
852.639654447159,13357.599858631,3814.26052827381
852.820181060069,13359.3227529762,3829.47401041667
853.000690987194,13376.3891592262,3867.24765625
853.181184226245,13361.5007514881,3870.43338541667
853.361660774935,13375.0238467262,3898.09721726191
853.542120630975,13370.8303869048,3914.77353422619
853.722563792076,13367.3195833333,3930.08453869048
853.90299025595,13339.4932142857,3925.85857142857
854.083400020309,13323.2069866071,3922.38027529762
854.263793082864,13304.7102529762,3924.4607514881
854.444169441326,13277.3389880952,3917.30911458333
854.624529093409,13289.7568303571,3949.00386904762
854.804872036822,13246.7169791667,3930.14955357143
854.985198269278,13225.717172619,3926.44370535714
855.165507788488,13213.9819866071,3929.82447916667
855.345800592164,13196.0053720238,3929.59692708333
855.526076678017,13200.9465029762,3944.09524553571
855.706336043759,13184.1726636905,3941.94975446429
855.886578687102,13152.0553125,3923.25797619048
856.066804605757,13144.8711681548,3944.68037946429
856.247013797436,13114.8342931548,3928.23161458333
856.42720625985,13072.5746205357,3908.23953869048
856.607381990712,13031.9403199405,3889.64528273809
856.787540987732,12999.6279241071,3869.58819196429
856.967683248622,12990.9484375,3879.34042410714
857.147808771093,12952.0045238095,3860.5511235119
857.327917552859,12915.7912351191,3835.81296130952
857.508009591629,12916.603921131,3855.87005208333
857.688084885116,12870.9309672619,3832.23714285714
857.868143431031,12832.8322470238,3814.22802083333
858.048185227085,12808.614203869,3807.27142857143
858.228210270991,12788.6871428571,3804.34575892857
858.40821856046,12773.8962574405,3804.54080357143
858.588210093204,12782.6082514881,3833.27738095238
858.768184866934,12753.319047619,3826.15825148809
858.948142879361,12737.9105208333,3829.1489360119
859.128084128198,12717.820922619,3833.7975
859.308008611156,12675.9513392857,3817.41375
859.487916325946,12636.032202381,3796.41394345238
859.667807270281,12624.7521205357,3806.42623511905
859.847681441871,12581.3546875,3776.16180803571
860.027538838428,12559.5096875,3780.32276041667
860.207379457665,12578.2339732143,3818.71404761905
860.387203297292,12574.8857068452,3831.42445684524
860.567010355021,12539.8426860119,3817.73882440476
860.746800628564,12520.59828125,3823.03753720238
860.926574115632,12508.4730059524,3829.53902529762
861.106330813937,12491.7966889881,3837.69839285714
861.286070721191,12484.1249330357,3841.92436011905
861.465793835104,12478.5011458333,3858.34061755952
861.645500153389,12489.261108631,3886.19949404762
861.825189673758,12469.5615997024,3897.54459077381
862.004862393922,12460.4920238095,3904.14360119048
862.184518311592,12465.0755729167,3928.23161458333
862.36415742448,12389.0731770833,3873.61911458333
862.543779730298,12374.8024107143,3875.3095014881
862.723385226757,12370.3813988095,3890.91307291667
862.902973911569,12352.8273809524,3890.3279389881
863.082545782446,12335.1758407738,3900.5677827381
863.262100837098,12347.951264881,3934.21298363095
863.441639073238,12318.0769270833,3927.51645089286
863.621160488578,12334.7532440476,3961.03162202381
863.800665080828,12339.2067633929,3976.76522321429
863.980152847701,12279.7831622024,3937.59375744048
864.159623786908,12263.0093229167,3938.47145833333
864.33907789616,12252.8670014881,3942.2098139881
864.51851517317,12236.3532217262,3942.17730654762
864.697935615649,12203.9433035714,3929.01179315476
864.877339221308,12185.5440922619,3924.68830357143
865.056725987859,12144.8772842262,3907.68691220238
865.236095913014,12115.7506175595,3900.08017113095
865.415448994484,12060.0328645833,3866.82505952381
865.594785229981,12039.1305803571,3850.60384672619
865.774104617216,12019.9511904762,3857.78799107143
865.953407153901,11977.3339360119,3835.39036458333
866.132692837748,11977.7240252976,3859.8684672619
866.311961666469,11959.45484375,3857.78799107143
866.491213637774,11942.5834821429,3871.2135639881
866.670448749375,11903.1194494048,3850.27877232143
866.849666998984,11883.1923883929,3843.06212053572
867.028868384313,11832.48078125,3814.78064732143
867.208052903074,11800.6885044643,3800.96498511905
867.387220552977,11787.42546875,3806.06865327381
867.566371331734,11756.5434002976,3795.95883928571
867.745505237058,11763.3699627976,3819.88431547619
867.924622266659,11743.8329910714,3822.58243303571
868.103722418249,11724.8486458333,3818.94159970238
868.28280568954,11697.8024553571,3804.05319196429
868.461872078243,11699.0052306548,3825.63813244048
868.640921582071,11721.272827381,3860.64864583333
868.819954198734,11735.7061309524,3889.41773065476
868.998969925944,11733.6906696429,3887.98740327381
869.177968761413,11737.1039508929,3901.64052827381
869.356950702852,11724.7511235119,3910.71010416667
869.535915747973,11724.7511235119,3916.65896577381
869.714863894488,11706.2868973214,3910.74261160714
869.893795140108,11697.5423958333,3902.90831845238
870.072709482545,11681.1911532738,3900.63279761905
870.25160691951,11668.1231622024,3884.50910714286
870.430487448715,11667.7005654762,3902.58324404762
870.609351067871,11649.1713244048,3898.81238095238
870.788197774691,11641.2395089286,3904.6637202381
870.967027566885,11680.3784672619,3947.57354166667
871.145840442166,11651.6093824405,3928.94677827381
871.324636398245,11640.7518973214,3928.75173363095
871.503415432833,11620.3047172619,3918.5769047619
871.682177543643,11624.4331622024,3934.18047619048
871.860922728385,11613.0555580357,3944.42031994048
872.039650984771,11609.8373214286,3948.12616815476
872.218362310514,11593.1284970238,3932.58761160714
872.397056703323,11558.2155059524,3913.05063988095
872.575734160912,11517.8737723214,3883.76143601191
872.754394680992,11521.3195610119,3900.04766369048
872.933038261274,11482.1806026786,3868.84052083333
873.11166489947,11466.9671205357,3859.54339285714
873.290274593292,11419.7013020833,3822.41989583333
873.46886734045,11402.7649255952,3815.46330357143
873.647443138657,11389.5994122024,3812.79769345238
873.826001985625,11403.3825669643,3833.17985863095
874.004543879064,11374.8410342262,3820.50195684524
874.183068816687,11375.78375,3817.38124255952
874.361576796205,11379.132016369,3824.72792410714
874.54006781533,11371.8503497024,3816.30849702381
874.718541871772,11346.494546131,3803.27301339286
874.896998963245,11317.140327381,3780.4202827381
875.07543908746,11324.0319047619,3788.8722172619
875.253862242127,11333.8816592262,3792.31800595238
875.432268424959,11303.3246651786,3765.23930803571
875.610657633667,11301.37421875,3757.73008928571
875.789029865963,11290.1266443452,3756.85238839286
875.967385119559,11259.4721279762,3732.8944047619
876.145723392165,11221.6334672619,3696.42105654762
876.324044681495,11227.3222693452,3695.54335565476
876.502348985258,11201.5438690476,3682.28031994048
876.680636301168,11229.0451636905,3706.79093005952
876.858906626934,11241.1704389881,3719.14375744048
877.03715996027,11250.922671131,3730.03375
877.215396298886,11241.3979910714,3720.15148809524
877.393615640495,11259.04953125,3732.30927083333
877.571817982808,11227.5498214286,3706.92095982143
877.750003323535,11234.2463541667,3707.70113839286
877.92817166039,11225.0142410714,3693.75544642857
878.106322991084,11240.9753943452,3712.34970238095
878.284457313328,11241.3329761905,3719.30629464286
878.462574624833,11235.774203869,3708.83889880952
878.640674923312,11255.6687574405,3722.52453125
878.818758206476,11241.2029464286,3701.26466517857
878.996824472037,11239.6425892857,3703.70272321429
879.174873717706,11243.2509151786,3696.87616071429
879.352905941194,11236.0992782738,3691.02482142857
879.530921140214,11236.521875,3680.84999255952
879.708919312477,11253.7508184524,3696.77863839286
879.886900455695,11279.1066220238,3718.13602678571
880.064864567579,11259.6021577381,3705.23057291667
880.24281164584,11304.5924553571,3743.03672619048
880.420741688191,11308.265796131,3748.98558779762
880.598654692343,11312.8168377976,3750.96854166667
880.776550656007,11336.4172395833,3769.30273809524
880.954429576896,11357.5145684524,3783.63851934524
881.13229145272,11344.5766071429,3770.76557291667
881.310136281192,11353.0285416667,3771.09064732143
881.487964060023,11350.2329017857,3772.61849702381
881.665774786924,11377.0515401786,3802.07023809524
881.843568459607,11360.3102083333,3786.07657738095
882.021345075784,11369.0547098214,3781.62305803571
882.199104633167,11361.44796875,3769.85536458333
882.376847129466,11379.5221056548,3782.85834077381
882.554572562394,11386.8037723214,3798.26686755952
882.732280929662,11382.4802827381,3784.35368303571
882.909972228982,11397.3036755952,3799.98976190476
883.087646458065,11394.4430208333,3797.84427083333
883.265303614623,11392.2975297619,3798.00680803571
883.442943696368,11397.6612574405,3797.71424107143
883.620566701011,11410.1116071429,3805.9386235119
883.798172626263,11446.4224181548,3831.84705357143
883.975761469837,11430.0061607143,3809.18936755952
884.153333229443,11399.3516443452,3779.57508928571
884.330887902795,11404.1302380952,3776.84446428571
884.508425487602,11389.4043675595,3758.86784970238
884.685945981577,11380.6923735119,3747.16517113095
884.863449382431,11397.5312276786,3758.25020833333
885.040935687876,11416.2880208333,3782.20819196429
885.218404895624,11413.8174553571,3777.9497172619
885.395857003386,11422.5944642857,3782.04565476191
885.573292008873,11458.38515625,3805.41850446429
885.750709909798,11455.1344122024,3800.86746279762
885.928110703872,11433.2243973214,3780.71284970238
886.105494388806,11416.8406473214,3764.68668154762
886.282860962312,11419.9938690476,3760.29817708333
886.460210422102,11419.6362872024,3763.84148809524
886.637542765887,11400.3918824405,3741.44386160714
886.814857991378,11427.6981324405,3761.5659672619
886.992156096289,11438.9457068452,3765.43435267857
887.169437078329,11447.3001190476,3767.87241071429
887.346700935212,11447.3001190476,3757.50253720238
887.523947664647,11453.2164732143,3759.42047619048
887.701177264347,11444.3419419643,3743.71938244048
887.878389732024,11494.8585044643,3789.06726190476
888.055585065389,11479.3199479167,3771.1231547619
888.232763262153,11491.8678199405,3777.49461309524
888.409924320028,11508.836703869,3786.14159226191
888.587068236727,11538.0934002976,3811.62742559524
888.76419500996,11532.6971651786,3791.31027529762
888.941304637439,11532.0795238095,3784.15863839286
889.118397116875,11497.0690104167,3746.80758928571
889.295472445981,11471.0630580357,3717.09578869048
889.472530622467,11469.1776264881,3713.16238839286
889.649571644046,11483.1883333333,3724.80005208333
889.826595508429,11499.34453125,3744.10947172619
890.003602213328,11507.4063764881,3753.30907738095
890.180591756454,11528.5037053571,3772.06587053571
890.357564135518,11545.5376041667,3794.39848214286
890.534519348233,11545.9602008929,3785.8815327381
890.71145739231,11505.7159895833,3754.05674851191
890.88837826546,11534.9726860119,3784.09362351191
891.065281965396,11494.7284747024,3758.02265625
891.242168489829,11484.1635565476,3752.49639136905
891.41903783647,11536.5005357143,3809.0918452381
891.595890003031,11503.8630654762,3767.74238095238
891.772724987223,11508.3165848214,3777.29956845238
891.949542786759,11493.0705952381,3767.48232142857
892.126343399349,11495.7036979167,3783.50848958333
892.303126822706,11513.6478050595,3804.63832589286
892.479893054541,11505.0983482143,3804.73584821429
892.656642092565,11504.80578125,3802.62286458333
892.83337393449,11541.8317559524,3846.11781994048
893.010088578028,11524.1477083333,3834.93526041667
893.186786020891,11508.4791220238,3832.69224702381
893.36346626079,11538.7110416667,3851.05895089286
893.540129295436,11530.129077381,3845.20761160714
893.716775122541,11544.4973660714,3857.07282738095
893.893403739817,11511.4047916667,3831.71702380952
894.070015144975,11516.8010267857,3833.37490327381
894.246609335727,11496.3863541667,3820.82703125
894.423186309785,11520.9619791667,3851.22148809524
894.59974606486,11494.1108333333,3836.85319940476
894.776288598663,11539.9788318452,3883.30633184524
894.952813908907,11554.0545535714,3900.95787202381
895.129321993303,11528.9263020833,3873.2615327381
895.305812849562,11548.6908258929,3903.55846726191
895.482286475397,11532.859702381,3895.13904017857
895.658742868518,11531.7544494048,3903.94855654762
895.835182026638,11541.5716964286,3910.61258184524
896.011603947467,11490.6325372024,3867.63774553571
896.188008628718,11487.1867485119,3867.1176264881
896.364396068102,11465.3092410714,3855.05736607143
896.54076626333,11442.7165699405,3839.68134672619
896.717119212115,11438.3280654762,3847.41811755952
896.893454912168,11447.3651339286,3863.9644047619
897.0697733612,11430.2337127976,3870.92099702381
897.246074556924,11444.6345089286,3890.75053571429
897.42235849705,11414.2725595238,3875.89463541667
897.59862517929,11411.4119047619,3879.53546875
897.774874601356,11394.4755282738,3877.68254464286
897.95110676096,11376.1738392857,3870.46589285714
898.127321655813,11375.4586755952,3872.90395089286
898.303519283626,11373.8333035714,3876.21970982143
898.479699642112,11351.1106026786,3858.69819940476
898.655862728981,11309.9236755952,3835.84546875
898.832008541946,11276.5060267857,3830.54675595238
899.008137078718,11248.2245535714,3825.50810267857
899.184248337009,11244.4211830357,3829.63654761905
899.36034231453,11233.6287127976,3820.95706101191
899.536419008992,11187.7607142857,3791.89540922619
899.712478418109,11213.4415922619,3821.6397172619
899.88852053959,11213.0189955357,3831.97708333333
900.064545371148,11250.792641369,3876.60979910714
900.240552910494,11250.4350595238,3892.3759077381
900.41654315534,11234.2138467262,3884.93170386905
900.592516103397,11243.1859002976,3899.91763392857
900.768471752377,11230.0528943452,3894.74895089286
900.944410099992,11187.2080877976,3863.31425595238
901.120331143953,11184.9325669643,3869.94577380952
901.296234881972,11188.5734002976,3890.75053571429
901.472121311761,11176.3506026786,3890.84805803572
901.64799043103,11176.0580357143,3912.4329985119
901.823842237492,11143.9731919643,3891.75826636905
901.999676728858,11129.8324553571,3890.58799851191
902.17549390284,11122.4857738095,3898.0972172619
902.351293757149,11105.8419642857,3893.35113095238
902.527076289498,11103.3063839286,3895.75668154762
902.702841497597,11088.5154985119,3887.56480654762
902.878589379158,11061.144233631,3867.89780505952
903.054319931893,11043.3626636905,3869.10058035714
903.230033153513,11050.15671875,3886.94716517857
903.40572904173,10996.0643377976,3850.83139880952
903.581407594256,10957.1204241071,3830.35171130952
903.757068808802,10888.4972172619,3782.95586309524
903.932712683079,10852.9015699405,3760.75328125
904.1083392148,10846.8226785714,3769.46527529762
904.283948401676,10835.3475520833,3768.62008184524
904.459540241419,10821.531889881,3771.25318452381
904.63511473174,10804.6280208333,3773.82127232143
904.81067187035,10811.1945238095,3792.64308035714
904.986211654962,10790.2272247024,3776.06428571429
905.161734083287,10780.6700372024,3774.01631696429
905.337239153036,10775.4688467262,3776.97449404762
905.512726861921,10810.5118675595,3829.79908482143
905.688197207654,10760.4179017857,3792.38302083333
905.863650187947,10709.3487127976,3757.40501488095
906.03908580051,10711.1366220238,3766.01948660714
906.214504043056,10692.2823065476,3759.58301339286
906.389904913296,10679.3768526786,3763.93901041667
906.565288408942,10677.5239285714,3783.63851934524
906.740654527705,10668.2593080357,3785.97905505952
906.916003267297,10657.629375,3784.19114583333
907.091334625429,10640.5304613095,3788.6121577381
907.266648599814,10631.3308556548,3787.08430803571
907.441945188162,10659.3847767857,3822.15983630952
907.617224388186,10642.675952381,3806.97886160714
907.792486197596,10647.6170833333,3828.72633928571
907.967730614105,10614.6545386905,3814.91067708333
908.142957635424,10574.4428348214,3786.95427827381
908.318167259265,10650.0226339286,3875.37451636905
908.493359483339,10612.5415550595,3851.90414434524
908.668534305358,10584.9102306548,3842.80206101191
908.843691723033,10550.9399553571,3825.02049107143
909.018831734076,10548.9570014881,3834.15508184524
909.1939543362,10488.2656101191,3782.4682514881
909.369059527114,10506.4697767857,3819.07162946429
909.544147304531,10520.6430208333,3846.54041666667
909.719217666163,10517.5873214286,3859.28333333333
909.89427060972,10498.8955431548,3855.74002232143
910.069306132916,10500.6184375,3866.4349702381
910.24432423346,10473.247172619,3853.52951636905
910.419324909066,10465.2828497024,3857.72297619048
910.594308157444,10426.5664880952,3850.44130952381
910.769273976306,10397.602358631,3832.33466517857
910.944222363363,10370.7187053571,3827.13347470238
911.119153316328,10328.7841071429,3810.42465029762
911.294066832912,10312.8554613095,3817.70631696429
911.468962910826,10278.9502008929,3791.96042410714
911.643841547782,10271.0834002976,3794.85358630952
911.818702741492,10271.3434598214,3808.08411458333
911.993546489667,10186.3690104167,3738.74574404762
912.168372790018,10145.3121130952,3717.90847470238
912.343181640258,10141.4112202381,3724.76754464286
912.517973038099,10130.7162723214,3738.58320684524
912.69274698125,10080.0046651786,3707.96119791667
912.867503467425,10073.5681919643,3718.2985639881
913.042242494335,10058.4522321429,3717.09578869048
913.216964059691,10068.1069419643,3747.26269345238
913.391668161205,10016.6476636905,3714.43017857143
913.566354796589,10013.1043526786,3726.29539434524
913.741023963554,9982.67738839286,3711.14692708333
913.915675659812,9969.47936755952,3720.6065922619
914.090309883074,9950.23496279762,3720.41154761905
914.264926631052,9932.97351190476,3713.03235863095
914.439525901458,9908.49540922619,3711.24444940476
914.614107692003,9907.42266369048,3727.36813988095
914.788672000398,9942.53069940476,3773.78876488095
914.963218824356,9935.83416666667,3788.12454613095
915.137748161588,9919.02781994048,3792.64308035714
915.312260009805,9908.39788690476,3796.83654017857
915.48675436672,9908.0728125,3821.31464285714
915.661231230043,9867.82860119047,3800.41235863095
915.835690597487,9856.97111607143,3801.94020833333
916.010132466763,9838.83196428572,3809.61196428571
916.184556835582,9842.34276785714,3825.83317708333
916.358963701656,9831.19271577381,3835.32534970238
916.533353062697,9814.58141369048,3835.61791666667
916.707724916417,9764.29240327381,3805.06092261905
916.882079260526,9741.21212053571,3795.24367559524
917.056416092737,9741.86226934524,3815.33327380952
917.230735410761,9723.56058035714,3808.60423363095
917.40503721231,9694.75898809524,3804.28074404762
917.579321495095,9713.22321428571,3830.22168154762
917.753588256828,9679.80556547619,3818.58401785714
917.92783749522,9674.40933035714,3823.78520833333
918.102069207984,9654.41725446428,3817.18619791667
918.27628339283,9655.16492559524,3833.53744047619
918.450480047471,9594.18096726191,3790.43257440476
918.624659169617,9586.05410714286,3788.44962053571
918.798820756981,9596.16392113095,3812.73267857143
918.972964807274,9540.05607886905,3776.58440476191
919.147091318208,9521.59185267857,3773.65873511905
919.321200287494,9533.35954613095,3796.38143601191
919.495291712844,9512.87985863095,3797.12910714286
919.669365591969,9496.62613839286,3791.24526041667
919.843421922582,9465.84159226191,3779.51007440476
920.017460702393,9434.86200148809,3763.3538764881
920.191481929115,9430.53851190476,3777.36458333333
920.365485600458,9433.98430059524,3793.32573660714
920.539471714134,9398.74623511905,3774.34139136905
920.713440267856,9366.23879464286,3758.77032738095
920.887391259335,9360.84255952381,3773.88628720238
921.061324686282,9343.06098958333,3766.05199404762
921.235240546408,9288.48099702381,3734.48726934524
921.409138837426,9290.91905505952,3743.19926339286
921.583019557047,9299.82609375,3776.16180803571
921.756882702983,9299.17594494047,3790.95269345238
921.930728272945,9267.57871279762,3773.62622767857
922.104556264645,9226.68435267857,3747.42523065476
922.278366675794,9241.50774553572,3780.32276041667
922.452159504104,9202.04371279762,3755.64961309524
922.625934747287,9215.56680803572,3784.97132440476
922.799692403054,9168.39851190476,3748.33543898809
922.973432469117,9141.44984375,3739.55843005952
923.147154943188,9167.42328869048,3777.03950892857
923.320859822977,9150.51941964286,3775.18658482143
923.494547106197,9143.30276785714,3775.28410714286
923.668216790559,9176.81793898809,3816.69858630952
923.841868873775,9158.54875744048,3808.86429315476
924.015503353557,9152.17729910714,3817.93386904762
924.189120227615,9137.35390625,3815.26825892857
924.362719493662,9099.87282738095,3794.95110863095
924.536301149409,9048.7386235119,3754.70689732143
924.709865192568,9048.90116071428,3766.63712797619
924.883411620851,9041.35943452381,3771.64327380952
925.056940431968,9028.8115625,3783.60601190476
925.230451623632,8977.80738839286,3735.82007440476
925.403945193554,8973.6464360119,3744.43454613095
925.577421139446,8934.76753720238,3720.37904017857
925.750879459019,8963.2765625,3758.96537202381
925.924320149985,8894.71837053571,3706.14078125
926.097743210056,8882.04046875,3710.62680803571
926.271148636943,8859.02520089286,3702.82502232143
926.444536428358,8894.16574404762,3748.75803571428
926.617906582012,8857.10726190476,3726.7504985119
926.791259095617,8821.44659970238,3709.39152529762
926.964593966884,8796.48088541667,3697.52630952381
927.137911193526,8785.13578869048,3702.33741071429
927.311210773253,8735.17185267857,3672.95068452381
927.484492703778,8719.24320684524,3676.10390625
927.657756982812,8690.57164434524,3659.65514136905
927.831003608066,8664.20811011905,3654.55147321429
928.004232577253,8680.81941220238,3684.06822916667
928.177443888083,8670.09195684524,3698.82660714286
928.350637538268,8649.48223958333,3699.15168154762
928.523813525521,8647.62931547619,3707.34355654762
928.696971847552,8612.58629464286,3683.54811011905
928.870112502073,8593.69947172619,3689.6270014881
929.043235486795,8575.20273809524,3685.27100446429
929.216340799431,8599.32325892857,3726.39291666667
929.389428437692,8583.32959821429,3731.98419642857
929.56249839929,8589.92860863095,3757.37250744048
929.735550681935,8572.66715773809,3752.04128720238
929.90858528334,8554.36546875,3756.49480654762
930.081602201217,8509.89529017857,3727.82324404762
930.254601433276,8515.97418154762,3752.88648065476
930.42758297723,8490.03324404762,3742.28905505952
930.60054683079,8495.62452380953,3764.10154761905
930.773492991668,8479.98844494048,3761.95605654762
930.946421457575,8463.01956101191,3759.74555059524
931.119332226223,8449.39894345238,3758.80283482143
931.292225295323,8441.66217261905,3775.70670386905
931.465100662587,8415.59120535714,3758.21770089286
931.637958325727,8404.60369047619,3758.80283482143
931.810798282454,8383.47385416667,3749.63573660714
931.98362053048,8400.2151860119,3780.97290922619
932.156425067517,8364.48950892857,3762.05357886905
932.329211891276,8360.39357142857,3766.92969494048
932.501980999468,8362.11646577381,3781.26547619048
932.674732389806,8341.37671875,3776.42186755952
932.84746606,8312.0225,3766.44208333333
933.020182007763,8263.06629464286,3734.22720982143
933.192880230806,8211.28194196428,3697.20123511905
933.36556072684,8212.41970238095,3717.55089285714
933.538223493578,8183.39055803571,3689.49697172619
933.71086852873,8172.760625,3697.20123511905
933.883495830009,8131.37865327381,3667.26188244048
934.056105395126,8134.14178571429,3680.71996279762
934.228697221793,8115.84009672619,3680.78497767857
934.401271307721,8091.10193452381,3680.23235119048
934.573827650622,8100.88667410714,3698.40401041667
934.746366248207,8076.60361607143,3693.88547619048
934.918887098188,8053.32828869048,3674.15345982143
935.091390198276,8050.14255952381,3686.18121279762
935.263875546184,8030.02045386905,3681.79270833333
935.436343139623,8039.18755208333,3706.04325892857
935.608792976304,7985.84284226191,3666.74176339286
935.781225053939,7975.86305803571,3670.48011904762
935.95363937024,7944.2008110119,3659.88269345238
936.126035922917,7930.38514880952,3655.36415922619
936.298414709684,7921.86819940476,3659.72015625
936.470775728251,7904.73677827381,3652.0809077381
936.64311897633,7895.4721577381,3653.12114583333
936.815444451632,7918.32488839286,3684.06822916667
936.98775215187,7881.65649553571,3657.41212797619
937.160042074754,7886.30505952381,3678.86703869048
937.332314217997,7851.13200892857,3656.306875
937.50456857931,7857.3734375,3676.46148809524
937.676805156404,7844.66302827381,3680.49241071429
937.849023946992,7822.59047619048,3669.17982142857
938.021224948784,7780.85092261905,3637.12748511905
938.193408159492,7758.74586309524,3629.52074404762
938.365573576829,7744.67014136905,3623.89695684524
938.537721198505,7749.80631696429,3644.73422619048
938.709851022232,7757.12049107143,3662.97090029762
938.881963045722,7764.95478422619,3683.90569196429
939.054057266687,7719.44436755952,3647.10726934524
939.226133682837,7722.37003720238,3660.4028125
939.398192291884,7727.79877976191,3677.59924851191
939.570233091541,7746.36052827381,3708.90391369048
939.742256079519,7752.34189732143,3730.16377976191
939.914261253528,7725.97836309524,3721.38677083333
940.086248611282,7725.78331845238,3734.32473214286
940.258218150492,7736.54328125,3753.73167410714
940.430169868868,7699.77736607143,3728.50590029762
940.602103764123,7659.30560267857,3701.19965029762
940.774019833969,7641.71907738095,3699.05415922619
940.945918076116,7693.73098214286,3762.57369791667
941.117798488277,7685.60412202381,3768.22999255952
941.289661068162,7654.16942708333,3752.20382440476
941.461505813485,7645.61997023809,3758.34773065476
941.633332721956,7657.51769345238,3780.03019345238
941.805141791287,7662.62136160714,3795.79630208333
941.976933019189,7671.39837053571,3814.42306547619
942.148706403374,7651.56883184524,3806.32871279762
942.320461941554,7632.9095610119,3809.90453125
942.49219963144,7620.3616889881,3808.63674107143
942.663919470744,7644.02710565476,3843.87480654762
942.835621457178,7642.92185267857,3856.03258928571
943.007305588452,7607.48874255952,3842.08689732143
943.17897186228,7607.6512797619,3845.98779017857
943.350620276371,7585.38368303571,3837.04824404762
943.522250828439,7562.85602678571,3821.41216517857
943.693863516193,7524.46473958333,3790.85517113095
943.865458337347,7517.410625,3805.35348958333
944.037035289612,7500.53926339286,3805.58104166667
944.208594370698,7518.48337053572,3836.75567708333
944.380135578319,7525.43996279762,3860.22604910714
944.551658910185,7458.21457589286,3807.36895089286
944.723164364008,7461.07523065476,3822.09482142857
944.8946519375,7456.19911458333,3819.3316889881
945.066121628372,7435.71942708333,3815.82088541667
945.237573434335,7429.73805803571,3818.29145089286
945.409007353102,7399.11604910714,3799.24209077381
945.580423382385,7362.35013392857,3778.07974702381
945.751821519893,7379.6440922619,3806.19868303572
945.92320176334,7351.20008184524,3786.5641889881
946.094564110437,7337.96955357143,3789.06726190476
946.265908558895,7313.91404761905,3782.01314732143
946.437235106426,7309.23297619048,3790.75764880952
946.608543750742,7312.61375,3800.11979166667
946.779834489554,7267.72097470238,3772.42345238095
946.951107320573,7229.00461309524,3746.58003720238
947.122362241513,7222.34058779762,3752.13880952381
947.293599250082,7221.91799107143,3765.95447172619
947.464818343995,7185.05455357143,3738.16061011905
947.636019520962,7189.83314732143,3757.14495535714
947.807202778695,7189.50807291667,3771.1231547619
947.978368114904,7161.25910714286,3747.88033482143
948.149515527303,7167.14295386905,3766.53960565476
948.320645013603,7138.27634672619,3745.92988839286
948.491756571515,7103.49338541666,3725.48270833333
948.66285019875,7054.95977678571,3686.57130208333
948.833925893021,7033.01725446429,3677.40420386905
949.004983652038,6993.94331101191,3660.30529017857
949.176023473515,7005.9710639881,3685.14097470238
949.347045355161,6970.92804315476,3662.80836309524
949.518049294689,6964.52407738095,3668.10707589286
949.689035289811,6927.92069940476,3640.24819940476
949.860003338237,6914.65766369048,3635.76217261905
950.03095343768,6893.00770833333,3623.60438988095
950.201885585851,6857.50958333333,3598.73619791667
950.372799780462,6825.74981398809,3582.87256696428
950.543696019224,6850.00036458333,3619.60597470238
950.714574299849,6860.27271577381,3641.06088541667
950.885434620049,6849.70779761905,3642.62124255952
951.056276977534,6846.09947172619,3647.26980654762
951.227101370018,6855.62415178571,3663.91361607143
951.39790779521,6820.09351934524,3636.15226190476
951.568696250824,6816.77776041667,3650.48804315476
951.73946673457,6790.02413690476,3638.78536458333
951.91021924416,6802.89708333333,3665.96158482143
952.080953777306,6810.89391369048,3685.23849702381
952.251670331719,6840.96329613095,3727.40064732143
952.422368905111,6845.70938244048,3744.85714285714
952.593049495194,6894.04794642857,3796.70651041667
952.763712099678,6853.21860119048,3766.66963541667
952.934356716277,6833.71413690476,3763.19133928571
953.1049833427,6827.18014136905,3766.86468005952
953.275591976661,6810.53633184524,3763.32136904762
953.446182615869,6795.71293898809,3763.64644345238
953.616755258038,6767.52898809524,3749.76576636905
953.787309900879,6796.42810267857,3786.04406994048
953.957846542103,6804.48994791667,3806.32871279762
954.128365179422,6793.53494047619,3801.55011904762
954.298865810547,6779.45921875,3806.10116071429
954.46934843319,6753.3882514881,3789.84744047619
954.639813045063,6743.76604910714,3787.05180059524
954.810259643877,6738.04473958333,3796.02385416667
954.980688227344,6737.16703869048,3806.06865327381
955.151098793176,6746.43165922619,3817.67380952381
955.321491339083,6727.18725446429,3802.9479389881
955.491865862778,6685.51271577381,3772.45595982143
955.662222361972,6673.94006696429,3777.36458333333
955.832560834378,6650.11211309524,3759.38796875
956.002881277705,6662.39992559524,3784.12613095238
956.173183689667,6613.37870535714,3745.01968005952
956.343468067974,6614.41894345238,3757.86011904762
956.513734410338,6596.08474702381,3748.14039434524
956.683982714471,6589.38821428571,3754.02424107143
956.854212978085,6568.09584077381,3741.60639880952
957.024425198891,6569.52616815476,3747.16517113095
957.1946193746,6571.15154017857,3753.66665922619
957.364795502924,6557.98602678571,3754.609375
957.534953581576,6567.57572172619,3766.83217261905
957.705093608265,6535.81595238095,3748.23791666667
957.875215580705,6518.09939732143,3735.72255208333
958.045319496606,6549.30654017857,3775.47915178571
958.21540535368,6543.65024553571,3780.71284970238
958.38547314964,6513.93844494048,3761.66348958333
958.555522882195,6491.15072916667,3748.30293154762
958.725554549059,6481.72357142857,3755.8446577381
958.895568147942,6490.37055059524,3776.84446428571
959.065563676556,6484.55171875,3782.76081845238
959.235541132613,6478.31029017857,3784.06111607143
959.405500513824,6448.59848958333,3766.44208333333
959.575441817901,6394.76616815476,3722.55703869048
959.745365042556,6397.26924107143,3735.82007440476
959.9152701855,6393.49837797619,3739.5909375
960.085157244445,6379.13008928571,3735.16992559524
960.255026217102,6399.0896577381,3764.00402529762
960.424877101183,6406.56636904762,3783.34595238095
960.5947098944,6344.31462053571,3729.35109375
960.764524594464,6343.1118452381,3742.48409970238
960.934321199086,6313.85514880952,3721.0291889881
961.104099705979,6292.69280505952,3710.72433035714
961.273860112853,6292.69280505952,3719.40381696429
961.443602417421,6291.39250744048,3727.98578125
961.613326617395,6232.94412946429,3679.45217261905
961.783032710485,6199.78654017857,3659.00499255952
961.952720694403,6157.07176339286,3623.79943452381
962.122390566862,6223.84204613095,3701.68726190476
962.292042325572,6206.93817708333,3693.43037202381
962.461675968244,6164.84104166667,3658.28982886905
962.631291492592,6132.23607886905,3628.96811755952
962.800888896325,6122.84142857143,3627.99289434524
962.970468177157,6150.37523065476,3667.00182291667
963.140029332799,6169.78217261905,3696.4535639881
963.309572360961,6127.94509672619,3664.66128720238
963.479097259356,6096.54290922619,3641.02837797619
963.648604025695,6096.34786458333,3649.67535714286
963.818092657691,6048.52941964286,3610.69893601191
963.987563153053,6050.05726934524,3619.05334821429
964.157015509495,6094.46243303571,3680.10232142857
964.326449724727,6046.25389880952,3640.86584077381
964.495865796462,6043.29572172619,3648.37505952381
964.665263722411,6026.68441964286,3640.54076636905
964.834643500285,6016.1195014881,3639.59805059524
965.004005127796,5988.94328125,3622.27158482143
965.173348602655,5979.32107886905,3626.75761160714
965.342673922576,5997.65527529762,3652.04840029762
965.511981085267,6008.7403125,3675.51877232143
965.681270088442,5938.62176339286,3611.38159226191
965.850540929813,5916.61422619048,3596.20061755952
966.01979360709,5945.83841517857,3635.33957589286
966.189028117985,5983.67707589286,3685.88864583333
966.35824446021,5970.12147321429,3680.91500744048
966.527442631476,5947.75635416667,3666.05910714286
966.696622629496,5899.84038690476,3622.10904761905
966.86578445198,5900.55555059524,3634.36435267857
967.03492809664,5905.98429315476,3652.86108630952
967.204053561188,5901.20569940476,3659.10251488095
967.373160843336,5886.83741071428,3649.77287946429
967.542249940794,5861.31906994048,3630.78853422619
967.711320851275,5832.615,3603.15720982143
967.880373572491,5862.78190476191,3639.89061755952
968.049408102152,5861.51411458333,3649.28526785714
968.21842443797,5887.65009672619,3688.9443452381
968.387422577658,5882.48141369048,3689.13938988095
968.556402518926,5890.05564732143,3706.17328869048
968.725364259486,5912.6158110119,3732.08171875
968.89430779705,5927.17914434524,3762.21611607143
969.06323312933,5938.68677827381,3777.20204613095
969.232140254036,5952.50244047619,3803.760625
969.401029168881,5921.19777529762,3778.30729910714
969.569899871576,5906.86199404762,3773.49619791667
969.738752359834,5899.09271577381,3772.19590029762
969.907586631364,5883.22908482143,3763.84148809524
970.076402683879,5876.82511904762,3760.33068452381
970.245200515091,5944.47310267857,3844.62247767857
970.413980122711,5973.56726190476,3883.92397321429
970.582741504451,5959.23148065476,3875.01693452381
970.751484658022,5940.53970238095,3862.82664434524
970.920209581136,5947.10620535714,3878.20266369048
971.088916271504,5964.88777529762,3907.97947916667
971.257604726839,5951.2671577381,3910.18998511905
971.426274944852,5934.49331845238,3902.68076636905
971.594926923254,5918.46715029762,3891.40068452381
971.763560659756,5894.83424107143,3874.23675595238
971.932176152072,5887.58508184524,3873.97669642857
972.100773397911,5865.9351264881,3860.81118303571
972.269352394986,5848.51113839286,3852.32674107143
972.437913141009,5791.29804315476,3796.57648065476
972.60645563369,5780.83064732143,3793.97588541667
972.774979870742,5755.18227678572,3777.39709077381
972.943485849876,5758.56305059524,3794.0734077381
973.111973568804,5746.50279017857,3786.69421875
973.280443025237,5716.59594494048,3764.52414434524
973.448894216887,5733.46730654762,3789.65239583333
973.617327141465,5724.56026785714,3795.24367559524
973.785741796684,5636.88770089286,3707.89618303571
973.954138180254,5596.77351934524,3675.09617559524
974.122516289887,5578.11424851191,3664.07615327381
974.290876123296,5574.18084821429,3667.26188244048
974.45921767819,5531.14099702381,3636.70488839286
974.627540952283,5506.46784970238,3617.2654389881
974.795845943286,5506.14277529762,3621.71895833333
974.96413264891,5489.14138392857,3614.37227678571
975.132401066867,5486.57329613095,3619.11836309524
975.300651194868,5471.16476934524,3612.45433779762
975.468883030625,5443.53344494048,3597.7284672619
975.63709657185,5428.90509672619,3591.03193452381
975.805291816254,5447.7269047619,3619.37842261905
975.973468761549,5453.25316964286,3635.2745610119
976.141627405447,5443.5009375,3634.75444196429
976.309767745658,5433.29360119048,3632.99904017857
976.477889779895,5448.24702380952,3653.21866815476
976.64599350587,5432.7084672619,3646.78219494048
976.814078921293,5422.53363839286,3644.34413690476
976.982146023877,5434.0737797619,3659.36257440476
977.150194811332,5446.71917410714,3675.77883184524
977.318225281372,5445.84147321429,3688.58676339286
977.486237431706,5455.46367559524,3704.97051339286
977.654231260048,5464.69578869048,3719.56635416667
977.822206764108,5448.18200892857,3714.36516369048
977.990163941597,5473.24524553571,3743.06923363095
978.158102790229,5445.02878720238,3724.73503720238
978.326023307714,5431.44067708333,3718.42859375
978.493925491763,5452.63552827381,3748.43296130952
978.661809340089,5420.97328125,3725.19014136905
978.829674850403,5395.58497023809,3708.7413764881
978.997522020416,5388.46584077381,3708.22125744048
979.165350847841,5405.72729166667,3728.60342261905
979.333161330388,5364.4428422619,3690.17962797619
979.50095346577,5362.78496279762,3696.81114583333
979.668727251698,5347.40894345238,3689.39944940476
979.836482685884,5356.38099702381,3705.49063244048
980.004219766038,5344.51578125,3701.13463541667
980.171938489873,5336.77901041667,3705.91322916667
980.339638855101,5324.71875,3700.58200892857
980.507320859433,5268.57840029762,3656.46941220238
980.67498450058,5252.71476934524,3652.56851934524
980.842629776255,5266.59544642857,3670.54513392857
981.010256684168,5259.37879464286,3669.27734375
981.177865222031,5262.75956845238,3687.25395833333
981.345455387557,5285.96988095238,3712.73979166667
981.513027178456,5267.08305803571,3706.46585565476
981.68058059244,5315.81171130952,3761.37092261905
981.848115627221,5323.97107886905,3781.65556547619
982.01563228051,5291.43113095238,3754.21928571429
982.18313055002,5302.35363095238,3775.54416666667
982.35061043346,5316.78693452381,3796.34892857143
982.518071928544,5309.73281994048,3795.30869047619
982.685515032983,5295.72211309524,3786.36914434524
982.852939744488,5273.68206845238,3776.19431547619
983.020346060771,5267.63568452381,3775.83673363095
983.187733979543,5257.52587053571,3773.23613839286
983.355103498517,5220.53240327381,3738.90828125
983.522454615403,5165.00969494048,3693.65792410714
983.689787327914,5160.97877232143,3698.72908482143
983.85710163376,5148.36588541667,3695.41332589286
984.024397530654,5150.57639136905,3705.81570684524
984.191675016307,5145.14764880952,3704.93800595238
984.358934088431,5133.34744791667,3701.9148139881
984.526174744737,5121.67727678571,3695.96595238095
984.693396982937,5116.57360863095,3694.76317708333
984.860600800742,5093.88341517857,3678.99706845238
985.027786195865,5108.83683779762,3694.34058035714
985.194953166016,5089.03980654762,3679.22462053571
985.362101708907,5089.78747767857,3680.8825
985.529231822251,5056.07726190476,3648.37505952381
985.696343503757,5034.7198735119,3630.88605654762
985.863436751139,5016.7107514881,3616.1601860119
986.030511562108,5005.20311755952,3609.52866815476
986.197567934375,4995.19082589286,3609.10607142857
986.364605865651,5007.60866815476,3632.05632440476
986.531625353649,4995.77595982143,3625.22976190476
986.698626396081,4986.15375744048,3620.41866071429
986.865608990657,4983.06555059524,3626.20498511905
987.032573135089,5002.27744791667,3649.77287946429
987.199518827089,4992.29766369048,3643.69398809524
987.366446064368,5007.73869791667,3664.49875
987.533354844638,5005.95078869048,3668.10707589286
987.700245165611,4985.9912202381,3654.1288764881
987.867117024999,4976.17397321429,3648.89517857143
988.033970420512,4961.31807291667,3640.70330357143
988.200805349863,4940.9359077381,3627.83035714286
988.367621810762,4939.08298363095,3634.461875
988.534419800922,4901.24432291667,3601.98694196429
988.701199318055,4869.32201636905,3582.38495535714
988.867960359871,4847.70456845238,3568.08168154762
989.034702924082,4857.39178571429,3584.27038690476
989.201427008401,4890.15928571429,3622.1740625
989.368132610538,4901.17930803571,3646.65216517857
989.534819728206,4904.91766369047,3658.06227678572
989.701488359115,4883.39773809524,3643.69398809524
989.868138500978,4902.38208333333,3666.41668898809
990.034770151505,4889.70418154762,3663.16594494048
990.201383308409,4897.60348958333,3680.16733630952
990.367977969402,4887.88376488095,3673.73086309524
990.534554132194,4878.09902529762,3669.17982142857
990.701111794497,4876.27860863095,3670.25256696429
990.867650954024,4865.87622767857,3664.49875
991.034171608485,4848.71229910714,3652.7635639881
991.200673755592,4848.28970238095,3659.0375
991.367157393057,4858.26948660714,3671.3253125
991.533622518592,4858.69208333333,3682.02026041667
991.700069129907,4844.45382440476,3672.20301339286
991.866497224715,4851.67047619048,3682.21530505952
992.032906800727,4843.93370535714,3684.29578125
992.199297855655,4857.48930803571,3696.06347470238
992.36567038721,4841.75570684524,3687.1564360119
992.532024393104,4857.52181547619,3713.78002976191
992.698359871049,4822.73885416667,3686.01867559524
992.864676818756,4807.52537202381,3669.24483630952
993.030975233936,4785.51783482143,3655.59171130952
993.197255114302,4774.98542410714,3649.31777529762
993.363516457565,4761.68988095238,3638.98040922619
993.529759261436,4756.26113839286,3633.25909970238
993.695983523628,4745.14359375,3621.91400297619
993.862189241851,4742.08789434524,3628.90310267857
994.028376413817,4757.10633184524,3644.83174851191
994.194545037239,4737.47183779762,3633.81172619048
994.360695109827,4720.14537202381,3626.20498511905
994.526826629292,4701.48610119048,3615.96514136905
994.692939593348,4687.1178125,3604.84759672619
994.859033999706,4660.13663690476,3586.09080357143
995.025109846075,4640.37211309524,3569.96711309524
995.19116713017,4617.25932291667,3551.69793154762
995.3572058497,4577.66526041667,3516.39485119048
995.523226002378,4564.72729910714,3509.89336309524
995.689227585916,4538.59131696429,3492.76194196429
995.855210598024,4568.2055952381,3522.37622023809
996.021175036415,4527.01866815476,3486.55302083333
996.1871208988,4508.78199404762,3473.355
996.353048182891,4483.23114583333,3452.58274553571
996.518956886399,4512.91043898809,3486.61803571429
996.684847007035,4534.3328422619,3513.69673363095
996.850718542512,4527.96138392857,3514.18434523809
997.016571490542,4514.66584077381,3512.10386904762
997.182405848835,4497.14433035714,3502.67671130952
997.348221615103,4494.99883928571,3507.26026041667
997.514018787058,4488.65988839286,3513.11159970238
997.679797362411,4494.77128720238,3523.83905505952
997.845557338875,4520.06207589286,3551.11279761905
998.01129871416,4542.84979166667,3580.62955357143
998.177021485978,4555.85276785714,3601.66186755952
998.342725652041,4543.98755208333,3595.32291666667
998.508411210061,4552.66703869048,3606.31043154762
998.674078157749,4574.64206845238,3637.35503720238
998.839726492816,4589.46546130952,3663.03591517857
999.005356212975,4585.07695684524,3657.73720238095
999.170967315936,4564.40222470238,3642.00360119048
999.336559799412,4529.81430803571,3622.10904761905
999.502133661114,4554.81252976191,3652.66604166667
999.667688898753,4557.80321428571,3663.06842261905
999.833225510041,4622.16794642857,3735.95010416667
999.998743492691,4584.42680803571,3706.10827380952
1000.16424284441,4585.10946428571,3711.24444940476
1000.32972356292,4534.46287202381,3668.23710565476
1000.49518564592,4556.24285714286,3693.91798363095
1000.66062909113,4549.05871279762,3690.66723958333
1000.82605389626,4555.30014136905,3701.19965029762
1000.99146005901,4558.55088541667,3706.23830357143
1001.15684757711,4545.02779017857,3699.15168154762
1001.32221644827,4483.45869791667,3644.05156994048
1001.48756667019,4455.79486607143,3618.43570684524
1001.65289824058,4435.05511904762,3601.62936011905
1001.81821115716,4459.30566964286,3635.6971577381
1001.98350541765,4439.50863839286,3618.98833333333
1002.14878101974,4450.07355654762,3629.91083333333
1002.31403796116,4434.95759672619,3621.42639136905
1002.47927623961,4448.70824404762,3643.49894345238
1002.64449585281,4456.77008928571,3655.49418898809
1002.80969679847,4464.571875,3664.30370535714
1002.9748790743,4484.40141369048,3687.51401785714
1003.14004267801,4459.59823660714,3668.30212053571
1003.30518760731,4383.72587053571,3595.55046875
1003.47031385991,4392.3403422619,3604.35998511905
1003.63542143353,4371.37304315476,3591.06444196429
1003.80051032588,4410.80456845238,3631.37366815476
1003.96558053467,4370.3653125,3594.44521577381
1004.13063205761,4383.49831845238,3615.02242559524
1004.29566489241,4356.09454613095,3590.44680059524
1004.46067903678,4327.45549107143,3569.77206845238
1004.62567448844,4303.72505952381,3550.43014136905
1004.7906512451,4339.58076636905,3587.35859375
1004.95560930447,4349.85311755952,3605.17267113095
1005.12054866425,4335.93993303571,3596.39566220238
1005.28546932217,4328.56074404762,3587.03351934524
1005.45037127593,4348.03270089286,3616.74531994048
1005.61525452325,4318.12585565476,3592.98238095238
1005.78011906183,4325.53755208333,3601.95443452381
1005.9449648894,4324.59483630952,3606.05037202381
1006.10979200365,4334.18453125,3621.6214360119
1006.2746004023,4331.64895089286,3622.3040922619
1006.43939008307,4326.25271577381,3620.12609375
1006.60416104366,4346.53735863095,3644.24661458333
1006.76891328179,4343.64419642857,3649.12273065476
1006.93364679516,4338.50802083333,3650.52055059524
1007.0983615815,4352.51872767857,3668.98477678571
1007.2630576385,4346.92744791667,3669.73244791667
1007.42773496389,4372.18572916667,3702.82502232143
1007.59239355537,4345.20455357143,3682.44285714286
1007.75703341066,4361.55579613095,3702.33741071429
1007.92165452747,4358.24003720238,3706.23830357143
1008.0862569035,4376.54172619048,3726.78300595238
1008.25084053648,4368.12229910714,3725.80778273809
1008.41540542411,4370.33280505952,3729.48112351191
1008.5799515641,4356.97224702381,3720.41154761905
1008.74447895416,4326.05767113095,3699.60678571429
1008.90898759202,4297.84121279762,3675.35623511905
1009.07347747537,4327.68304315476,3709.48904761905
1009.23794860194,4320.82397321428,3708.38379464286
1009.40240096942,4317.54072172619,3710.62680803571
1009.56683457554,4321.60415178571,3722.68706845238
1009.731249418,4312.17699404762,3716.05555059524
1009.89564549452,4281.65250744048,3693.13780505952
1010.06002280281,4268.29194940476,3684.62085565476
1010.22438134058,4262.6356547619,3682.86545386905
1010.38872110554,4261.0102827381,3687.09142113095
1010.5530420954,4246.80453125,3676.88408482143
1010.71734430788,4221.74129464286,3649.41529761905
1010.88162774068,4215.17479166667,3643.07634672619
1011.04589239152,4244.23644345238,3676.68904017857
1011.21013825811,4236.43465773809,3671.1952827381
1011.37436533816,4246.77202380952,3685.69360119048
1011.53857362939,4286.59363839286,3725.84029017857
1011.70276312949,4278.79185267857,3717.7459375
1011.8669338362,4249.60017113095,3694.89320684524
1012.03108574721,4270.07985863095,3718.5586235119
1012.19521886024,4277.62158482143,3726.62046875
1012.359333173,4274.04576636905,3719.95644345238
1012.5234286832,4254.08619791667,3699.996875
1012.68750538856,4243.22871279762,3689.8870610119
1012.85156328678,4231.62355654762,3679.67972470238
1013.01560237558,4226.68242559524,3675.90886160714
1013.17962265267,4217.06022321429,3669.79746279762
1013.34362411576,4188.9087797619,3647.43234375
1013.50760676256,4221.74129464286,3683.74315476191
1013.67157059078,4254.41127232143,3719.33880208333
1013.83551559814,4242.87113095238,3708.7413764881
1013.99944178234,4223.36666666667,3690.79726934524
1014.16334914111,4232.53376488095,3713.42244791667
1014.32723767214,4256.58927083333,3740.24108630952
1014.49110737315,4243.00116071429,3726.42542410714
1014.65495824186,4241.79838541667,3731.3990625
1014.81879027597,4252.62336309524,3742.41908482143
1014.9826034732,4201.0665625,3694.63314732143
1015.14639783125,4213.67944940476,3709.42403273809
1015.31017334784,4223.04159226191,3721.0291889881
1015.47393002069,4225.18708333333,3724.63751488095
1015.6376678475,4215.72741815476,3718.20104166667
1015.80138682598,4206.43029017857,3714.46268601191
1015.96508695385,4205.03247023809,3720.57408482143
1016.12876822881,4221.90383184524,3738.87577380952
1016.29243064858,4200.12384672619,3724.89757440476
1016.45607421088,4191.08677827381,3716.08805803571
1016.6196989134,4199.73375744048,3729.74118303571
1016.78330475387,4204.86993303571,3735.85258184524
1016.94689173,4163.29291666667,3691.44741815476
1017.11045983949,4261.07529761905,3792.838125
1017.27400908006,4277.19898809524,3813.15527529762
1017.43753944942,4300.31177827381,3838.18600446429
1017.60105094529,4283.21286458333,3820.69700148809
1017.76454356536,4257.01186755952,3796.90155505952
1017.92801730736,4257.98709077381,3802.88292410714
1018.091472169,4250.70542410714,3798.36438988095
1018.25490814798,4240.75814732143,3789.78242559524
1018.41832524203,4257.98709077381,3809.7745014881
1018.58172344884,4241.99343005952,3800.93247767857
1018.74510276614,4277.91415178571,3836.62564732143
1018.90846319164,4261.1403125,3819.42921130952
1019.07180472303,4259.54744791667,3820.9570610119
1019.23512735805,4283.76549107143,3853.85459077381
1019.3984310944,4279.50701636905,3848.16578869048
1019.56171592978,4247.68223214286,3821.70473214286
1019.72498186192,4269.26717261905,3844.36241815476
1019.88822888853,4256.29670386905,3837.21078125
1020.05145700731,4268.22693452381,3851.70909970238
1020.21466621597,4274.63090029762,3861.39631696429
1020.37785651224,4299.98670386905,3894.09880208333
1020.54102789381,4170.41204613095,3764.55665178571
1020.70418035841,4139.69251488095,3732.60183779762
1020.86731390374,4107.57516369048,3709.65158482143
1021.03042852752,4122.46357142857,3729.18855654762
1021.19352422745,4119.37536458333,3730.5863764881
1021.35660100125,4105.85226934524,3720.31402529762
1021.51965884663,4075.42530505952,3694.37308779762
1021.68269776131,4064.4052827381,3687.80658482143
1021.84571774298,4035.89625744048,3665.3114360119
1022.00871878937,4020.81280505952,3653.44622023809
1022.17170089819,3976.21259672619,3612.51935267857
1022.33466406715,3952.4496577381,3600.49159970238
1022.49760829395,3956.675625,3604.88010416667
1022.66053357632,3927.25639136905,3572.99030505952
1022.82343991196,3904.72873511905,3552.70566220238
1022.98632729858,3930.8647172619,3580.85710565476
1023.1491957339,3927.58146577381,3575.39585565476
1023.31204521562,3926.18364583333,3573.93302083333
1023.47487574147,3915.55371279762,3565.90368303571
1023.63768730915,3905.47640625,3556.50903273809
1023.80047991637,3879.56797619048,3532.38851190476
1023.96325356084,3912.04290922619,3569.70705357143
1024.12600824028,3942.11229166667,3607.12311755952
1024.28874395239,3951.99455357143,3615.73758928571
1024.4514606949,3940.55193452381,3601.72688244048
1024.6141584655,3892.27838541667,3554.65610863095
1024.77683726192,3873.00147321429,3537.65471726191
1024.93949708186,3897.67462053571,3559.95482142857
1025.10213792303,3878.20266369048,3543.60357886905
1025.26475978316,3884.18403273809,3551.01527529762
1025.42736265994,3871.63616071428,3544.15620535714
1025.58994655109,3874.59433779762,3550.3651264881
1025.75251145432,3903.81852678571,3579.06919642857
1025.91505736734,3884.63913690476,3568.66681547619
1026.07758428787,3898.77987351191,3585.50566964286
1026.24009221362,3905.41139136905,3599.64640625
1026.40258114229,3899.59255952381,3592.9498735119
1026.56505107161,3910.87264136905,3607.7082514881
1026.72750199927,3898.7798735119,3597.01330357143
1026.889933923,3890.06787946429,3592.52727678571
1027.0523468405,3888.86510416667,3593.04739583333
1027.21474074949,3888.76758184524,3598.08604910714
1027.37711564767,3886.26450892857,3599.7764360119
1027.53947153277,3869.00305803571,3582.74253720238
1027.70180840248,3875.47203869048,3592.78733630952
1027.86412625453,3867.50771577381,3592.55978422619
1028.02642508662,3878.98284226191,3608.71598214286
1028.18870489646,3874.56183035714,3604.19744791667
1028.35096568178,3851.35151785714,3589.04898065476
1028.51320744027,3862.43655505952,3598.96375
1028.67543016965,3880.83576636905,3617.55800595238
1028.83763386764,3897.05697916667,3632.80399553571
1028.99981853193,3887.36976190476,3627.37525297619
1029.16198416026,3916.69147321429,3655.59171130952
1029.32413075031,3911.55529761905,3648.31004464286
1029.48625829982,3902.03061755952,3639.72808035714
1029.64836680649,3873.61911458333,3609.46365327381
1029.81045626803,3851.15647321428,3592.16969494048
1029.97252668215,3830.15666666667,3574.388125
1030.13457804657,3829.76657738095,3577.57385416667
1030.29661035899,3826.45081845238,3573.96552827381
1030.45862361713,3834.38263392857,3588.20378720238
1030.6206178187,3853.36697916667,3603.44977678571
1030.78259296141,3836.6581547619,3588.78892113095
1030.94454904297,3828.62881696428,3584.01032738095
1031.1064860611,3823.59016369048,3582.48247767857
1031.2684040135,3841.82683779762,3598.67118303571
1031.4303028979,3861.68888392857,3618.46821428571
1031.59218271199,3874.78938244048,3636.31479910714
1031.75404345349,3883.82645089286,3647.04225446429
1031.91588512011,3888.14994047619,3655.94929315476
1032.07770770956,3880.86827380952,3651.10568452381
1032.23951121957,3882.49364583333,3658.51738095238
1032.40129564783,3872.1562797619,3650.68308779762
1032.56306099205,3833.14735119048,3615.80260416667
1032.72480724996,3853.26945684524,3640.15067708333
1032.88653441926,3859.12079613095,3646.84720982143
1033.04824249766,3889.41773065476,3678.21688988095
1033.20993148288,3895.3665922619,3684.9784375
1033.37160137262,3885.06173363095,3678.44444196429
1033.53325216461,3901.67303571429,3697.8188764881
1033.69488385654,3906.51664434524,3705.16555803571
1033.85649644613,3918.02427827381,3712.70728422619
1034.0180899311,3884.47659970238,3679.22462053571
1034.17966430915,3863.11921130952,3654.22639880952
1034.341219578,3859.6084077381,3651.6583110119
1034.50275573535,3871.4736235119,3660.56534970238
1034.66427277893,3841.37173363095,3634.98199404762
1034.82577070643,3842.57450892857,3640.02064732143
1034.98724951558,3850.86390625,3649.31777529762
1035.14870920408,3890.23041666667,3688.68428571429
1035.31014976965,3866.14240327381,3663.0034077381
1035.47157120999,3863.67183779762,3662.41827380952
1035.63297352283,3842.70453869048,3636.08724702381
1035.79435670586,3889.7753125,3685.27100446429
1035.95572075681,3885.51683779762,3681.14255952381
1036.11706567338,3884.28155505952,3676.03889136905
1036.27839145329,3883.04627232143,3677.40420386905
1036.43969809424,3883.11128720238,3680.45990327381
1036.60098559395,3890.42546130952,3693.91798363095
1036.76225395013,3898.25975446429,3701.10212797619
1036.92350316049,3899.52754464286,3705.97824404762
1037.08473322275,3915.81377232143,3723.82482886905
1037.24594413461,3929.07680803571,3740.79371279762
1037.40713589379,3926.70376488095,3744.72711309524
1037.56830849799,3974.61973214286,3802.75289434524
1037.72946194494,3988.43539434524,3819.65676339286
1037.89059623233,3972.66928571429,3806.65378720238
1038.05171135789,3963.59970982143,3800.70492559524
1038.21280731933,3939.44668154762,3775.60918154762
1038.37388411435,3932.39256696429,3771.90333333333
1038.53494174066,3900.89285714286,3743.78439732143
1038.69598019599,3916.33389136905,3765.49936755952
1038.85699947804,3911.81535714286,3766.70214285714
1039.01799958452,3927.45143601191,3789.2948139881
1039.17898051314,4816.13984375,4782.6896875
1039.33994226162,3949.16640625,3817.41375
1039.50088482767,3894.55390625,3724.5725
1039.661808209,3309.5175,3231.6946875
1039.82271240331,3362.7646875,3174.3515625
1039.98359740833,3845.40265625,3758.7053125
1040.14446322176,3845.40265625,3758.7053125
1040.30530984132,3845.40265625,3758.7053125
1040.46613726472,3845.40265625,3758.7053125
1040.62694548966,3845.40265625,3758.7053125
1040.78773451386,3845.40265625,3758.7053125

