Layer Title, Color, Specimen ID
Layer 1, Blue, 4EP3_03_20190704

Mode, Integration Time, Boxcar Width, Scans to Average
Reflectance,900 ms,10,3

Wavelength, Raw Spectrometer Data, Calibrated and Averaged Data
345.21991,1374.18703125,0%
345.435498861008,1307.969375,0%
345.651076862504,1355.7553125,0%
345.866644002202,3521.1409375,0%
346.082200277813,3394.166875,100%
346.297745687047,3263.096875,0%
346.513280227618,4288.4465625,100%
346.728803897236,3464.48046875,100%
346.944316693613,3192.78328125,0%
347.15981861446,4221.54625,0%
347.37530965749,3277.20510416667,0%
347.590789820413,3411.00572916667,0%
347.806259100942,3542.36829613095,0%
348.021717496787,3646.35959821428,0%
348.237165005661,3640.67079613095,0%
348.452601625276,3694.43810267857,0%
348.668027353342,3765.04426339286,0%
348.883442187571,3717.58340029762,0%
349.098846125676,3711.63453869048,0%
349.314239165367,3784.12613095238,0%
349.529621304356,3765.04426339286,0%
349.744992540355,3794.23594494048,0%
349.960352871075,3806.91384672619,0%
350.175702294228,3840.4940327381,0%
350.391040807526,3845.33764136905,0%
350.606368408679,3848.71841517857,0%
350.821685095401,3882.20107886905,0%
351.036990865402,3909.70237351191,0%
351.252285716393,3926.5087202381,100%
351.467569646088,3874.49681547619,0%
351.682842652196,3857.52793154762,100%
351.89810473243,3888.34498511905,100%
352.113355884501,3895.82169642857,100%
352.328596106122,3865.88234375,100%
352.543825395002,3856.55270833333,100%
352.759043748855,3899.29999255952,100%
352.974251165392,3866.0123735119,100%
353.189447642324,3807.07638392857,100%
353.404633177362,3829.57153273809,100%
353.619807768219,3828.95389136905,100%
353.834971412607,3775.80422619048,100%
354.050124108236,3747.71779761905,100%
354.265265852818,3708.41630208333,100%
354.480396644065,3714.10510416667,100%
354.695516479689,3744.40203869048,100%
354.9106253574,3723.46724702381,100%
355.125723274911,3706.59588541667,100%
355.340810229934,3726.88052827381,100%
355.555886220179,3725.09261904762,100%
355.770951243359,3702.43493303571,100%
355.986005297185,3723.43473958333,100%
356.201048379369,3750.77349702381,100%
356.416080487621,3759.74555059524,100%
356.631101619655,3722.49202380952,100%
356.846111773181,3713.5199702381,100%
357.061110945911,3735.03989583333,100%
357.276099135557,3738.51819196429,100%
357.49107633983,3731.91918154762,100%
357.706042556441,3738.51819196429,100%
357.920997783104,3736.89281994048,100%
358.135942017528,3787.34436755952,100%
358.350875257425,3787.73445684524,100%
358.565797500508,3798.26686755952,100%
358.780708744488,3835.06529017857,100%
358.995608987076,3889.22268601191,100%
359.210498225985,3841.27421130952,100%
359.425376458925,3831.71702380952,100%
359.640243683608,3871.01851934524,100%
359.855099897745,3867.15013392857,100%
360.06994509905,3836.26806547619,100%
360.284779285232,3831.97708333333,100%
360.499602454003,3838.99869047619,100%
360.714414603076,3883.5013764881,100%
360.929215730162,3848.45835565476,100%
361.144005832972,3842.37946428571,99.8732438998624%
361.358784909218,3880.41316964286,94.634703196347%
361.573552956612,3862.72912202381,86.5491490100728%
361.788309972865,3829.8315922619,76.338028169014%
362.003055955688,3807.17390625,69.7647145056075%
362.217790902794,3833.63496279762,67.6072540262551%
362.432514811894,3867.96281994048,62.6428526821956%
362.647227680699,3834.93526041667,55.8905867257668%
362.861929506922,3823.55765625,53.4086608639239%
363.076620288273,3839.58382440476,50.9630818619581%
363.291300022465,3839.87639136905,47.7343235874777%
363.505968707208,3796.21889880952,42.5623274766684%
363.720626340215,3789.03475446429,40.8243416428955%
363.935272919197,3855.34993303571,40.6762573190119%
364.149908441866,3847.38561011905,39.6451660299736%
364.364532905934,3823.20007440476,36.5824686440974%
364.579146309111,3844.00483630952,35.3632549776919%
364.79374864911,3869.52317708333,34.7107438016529%
365.008339923641,3875.50454613095,33.7468144554637%
365.222920130418,3827.13347470238,31.0437770274272%
365.437489267151,3834.77272321429,30.0896323361498%
365.652047331552,3864.61455357143,30.0403225806451%
365.866594321332,3856.81276785714,28.9501305272223%
366.081130234203,3850.08372767857,28.4051893591927%
366.295655067877,3839.16122767857,27.4485785739805%
366.510168820066,3860.35607886905,27.8676599693983%
366.72467148848,3824.95547619048,27.2112523667839%
366.939163070832,3787.83197916667,26.1476853303742%
367.153643564833,3776.42186755952,25.585798816568%
367.368112968194,3819.13664434524,25.7787275556897%
367.582571278628,3817.77133184524,25.3974480260273%
367.797018493846,3787.99451636905,24.4371963597382%
368.011454611559,3758.34773065476,24.3294106976849%
368.225879629479,3783.86607142857,24.6977663925217%
368.440293545318,3753.27656994048,24.0996297542915%
368.654696356787,3730.48885416667,22.690220425665%
368.869088061598,3736.11264136905,22.6256921126949%
369.083468657462,3757.63256696429,23.0702611476284%
369.297838142092,3790.69263392857,23.4669915817457%
369.512196513198,3775.18658482143,22.6316485842816%
369.726543768492,3766.14951636905,22.8906612464927%
369.940879905687,3809.70948660714,23.7513824375138%
370.155204922492,3811.65993303571,23.9718890637817%
370.369518816621,3802.29779017857,23.1762799884596%
370.583821585784,3833.30988839286,23.1364589374136%
370.798113227694,3817.15369047619,24.0719633478601%
371.012393740062,3881.12833333333,24.9056773266259%
371.226663120598,3884.28155505952,24.2488735934068%
371.440921367016,3875.92714285714,24.6082865104381%
371.655168477027,3923.84311011905,25.9879190298336%
371.869404448341,3913.92834077381,26.3346361785288%
372.083629278672,3911.4902827381,25.839464252028%
372.29784296573,3916.43141369048,25.8975460708488%
372.512045507227,3952.41715029762,26.9056239440019%
372.726236900874,3969.12597470238,27.7318506596435%
372.940417144384,3951.44192708333,27.1667036516508%
373.154586235468,3957.32577380952,27.5687103594081%
373.368744171837,3984.20942708333,28.9445950015056%
373.582890951202,3989.96324404762,29.4708860759493%
373.797026571277,3937.49623511905,28.7206665477616%
374.011151029772,3929.66194196429,29.0182116236777%
374.225264324398,3965.6801860119,30.3172768143866%
374.439366452868,3954.92022321429,30.5368868288914%
374.653457412893,3924.49325892857,29.7644208464353%
374.867537202184,3912.36798363095,30.6266231261732%
375.081605818454,3927.74400297619,31.1936791551551%
375.295663259413,3976.83023809524,31.5668559628291%
375.509709522774,3906.1590625,30.1752760404602%
375.723744606248,3911.88037202381,30.1009945657746%
375.937768507546,3944.61536458333,30.7441303184032%
376.15178122438,3923.84311011905,30.3052583540388%
376.365782754462,3897.99969494048,29.2935383378554%
376.579773095504,3892.96104166667,29.0992495824088%
376.793752245216,3923.84311011905,29.7184900831735%
377.007720201311,3927.35391369048,29.7908010787958%
377.2216769615,3898.71485863095,28.3592848904268%
377.435622523495,3895.52912946429,28.0115040882296%
377.649556885007,3923.68057291667,28.7440180163273%
377.863480043748,3881.84349702381,27.8258850841555%
378.07739199743,3850.40880208333,26.6805615995969%
378.291292743764,3845.63020833333,25.9426711275884%
378.505182280461,3875.24448660714,26.3288535074577%
378.719060605234,3874.49681547619,25.9491435634823%
378.932927715794,3840.78659970238,25.0635938688988%
379.146783609852,3859.64091517857,24.7028024548303%
379.36062828512,3863.57431547619,24.4170998196669%
379.57446173931,3833.7975,23.8444897449765%
379.788283970133,3813.83793154762,22.5258206360568%
380.002094975302,3833.86251488095,22.2392175015598%
380.215894752526,3890.68552083333,23.1034482758621%
380.429683299519,3905.60643601191,22.5338229609587%
380.643460613992,3876.54478422619,21.6318174063051%
380.857226693655,3870.36837053571,20.9688195991091%
381.070981536222,3912.04290922619,21.5133855399745%
381.284725139403,3873.68412946429,21.0546972562172%
381.49845750091,3845.01256696429,19.7503927386979%
381.712178618455,3844.36241815476,19.2218699117319%
381.925888489749,3863.86688244048,19.5870937494768%
382.139587112504,3884.05400297619,19.1470188258811%
382.353274484432,3899.29999255952,18.5448901547274%
382.566950603243,3895.52912946429,18.0275930954834%
382.780615466651,4002.05601190476,17.6460709323806%
382.994269072365,3966.72042410714,17.1669134251574%
383.207911418098,3936.81357886905,16.2564889961248%
383.421542501562,3938.40644345238,15.9970206122069%
383.635162320468,3962.88454613095,16.2259716276337%
383.848770872527,3996.8223139881,16.2779882644199%
384.062368155452,3996.1396577381,15.6961517904864%
384.275954166954,3994.02667410714,15.378285176864%
384.489528904744,4002.60863839286,15.5000954988222%
384.703092366534,3917.86174107143,14.7228702236749%
384.916644550035,3878.10514136905,14.1123913680305%
385.13018545296,3888.76758184524,13.8312470913929%
385.34371507302,3915.00108630952,14.0549555643675%
385.557233407926,3907.26431547619,13.8282735147811%
385.77074045539,3924.59078125,13.1900303897232%
385.984236213123,3937.23617559524,13.3611123199443%
386.197720678838,3959.5362797619,13.5977337110481%
386.411193850246,3977.90298363095,13.3996817770568%
386.624655725058,3944.45282738095,12.7899756720717%
386.838106300986,3957.71586309524,12.5564642906891%
387.051545575742,3997.24491071429,12.8392921491668%
387.264973547037,3914.54598214286,12.9802045435013%
387.478390212582,3935.44826636905,12.6792424610668%
387.69179557009,3945.68811011905,12.464096888092%
387.905189617272,3959.43875744048,12.4184175234689%
388.11857235184,3959.24371279762,12.1546574166535%
388.331943771505,3934.86313244048,11.4375214555441%
388.545303873978,3944.16026041667,11.1863010474285%
388.758652656972,3988.33787202381,11.4176213632243%
388.971990118198,3986.06235119048,11.2771134987429%
389.185316255368,4008.6875297619,11.1551829244155%
389.398631066192,4011.80824404762,11.132192364284%
389.611934548384,4008.78505208333,11.1840907711911%
389.825226699653,4017.69209077381,11.1160694363872%
390.038507517713,4008.06988839286,10.6786478141219%
390.251777000274,4013.01101934524,10.7257348942382%
390.465035145049,4077.01816964286,10.6625709947703%
390.678281949748,4085.69765625,10.5776656186221%
390.891517412083,4059.85424107143,10.1173911868803%
391.104741529767,4064.14522321429,10.0266140564589%
391.31795430051,4060.08179315476,10.1462862053476%
391.531155722024,4061.83719494048,10.0178868020953%
391.74434579202,4028.87465029762,9.7789014537558%
391.957524508211,4036.80646577381,9.66656657331431%
392.170691868309,4059.69170386905,9.85012895042171%
392.383847870023,4062.32480654762,9.76760667355678%
392.596992511067,4033.52321428571,9.51223042408452%
392.810125789151,4050.68714285714,9.47863796797827%
393.023247701988,4079.22867559524,9.63064738638205%
393.236358247288,4047.89150297619,9.4902905973542%
393.449457422764,4034.17336309524,9.2316384180791%
393.662545226128,4050.65463541667,8.97068919989437%
393.875621655089,4056.53848214286,8.93628958523813%
394.088686707362,4068.53372767857,8.83198594563123%
394.301740380656,4058.87901785714,8.47882801525186%
394.514782672683,4036.25383928572,8.35316668391307%
394.727813581156,4036.12380952381,8.31241323601256%
394.940833103785,3976.27761160714,8.23178266572879%
395.153841238283,3954.79019345238,8.03686601484362%
395.36683798236,3958.07344494048,7.99965056989292%
395.579823333729,3968.02072172619,8.05695787019222%
395.792797290101,3960.05639880952,7.96865259595689%
396.005759849188,3928.19910714286,7.76916677612855%
396.218711008701,3957.97592261905,7.66950339329959%
396.431650766351,3977.54540178571,7.71091302481179%
396.644579119852,3974.61973214286,7.61498948356335%
396.857496066913,3971.10892857143,7.4651953233087%
397.070401605247,3968.34579613095,7.44219182543558%
397.283295732565,3984.5345014881,7.57135916677709%
397.496178446579,3994.12419642857,7.59105583173239%
397.709049745,3991.55610863095,7.46459338555605%
397.921909625541,4007.51726190476,7.37236356903708%
398.134758085912,4035.57118303571,7.53658490171078%
398.347595123825,4100.55355654762,7.56174404151693%
398.560420736992,4114.07665178571,7.42665387592736%
398.773234923125,4121.97595982143,7.49863903574312%
398.986037679935,4150.06238839286,7.61148323287849%
399.198829005133,4153.31313244048,7.6022307483847%
399.411608896431,4158.96942708333,7.41321696463819%
399.624377351542,4162.74029017857,7.37140768333652%
399.837134368175,4186.08063244048,7.46551546214441%
400.049879944044,4275.41107886905,7.32615894039735%
400.262614076859,4286.62614583333,7.24695447709451%
400.475336764333,4287.69889136905,7.20546408551906%
400.688048004176,4311.68938244048,7.30265297207103%
400.900747794101,4303.13992559524,7.28022825166108%
401.113436131818,4280.90483630952,7.16096121146009%
401.32611301504,4290.78709821429,7.08721014928777%
401.538778441479,4328.62575892857,7.14357310212622%
401.751432408845,4335.12724702381,7.11846565842634%
401.964074914851,4319.00355654762,6.93872552771356%
402.176705957207,4303.85508928571,6.9255702644573%
402.389325533626,4286.20354910714,6.96650958516702%
402.601933641819,4308.01604166667,6.97706843869591%
402.814530279499,4256.4917485119,6.85674314986966%
403.027115444375,4259.41741815476,6.85922047702152%
403.23968913416,4300.57183779762,6.9189581527171%
403.452251346566,4292.60751488095,6.89899390862075%
403.664802079304,4288.90166666667,6.76198776464197%
403.877341330086,4306.71574404762,6.78958609164934%
404.089869096623,4324.85489583333,6.85998269473966%
404.302385376627,4330.41366815476,6.83808643605316%
404.51489016781,4244.52901041667,6.81430679793871%
404.727383467883,4235.94704613095,6.79993725048955%
404.939865274557,4239.39283482143,6.84316179643382%
405.152335585545,4231.16845238095,6.78916051672775%
405.364794398558,4241.37578869048,6.67889347394161%
405.577241711307,4255.8090922619,6.62299417032274%
405.789677521504,4255.02891369048,6.70833473928471%
406.002101826862,4277.55656994048,6.69424915436317%
406.21451462509,4273.49313988095,6.61062763881678%
406.426915913901,4281.88005952381,6.62033900885197%
406.639305691007,4316.27293154762,6.69461439685776%
406.851683954119,4336.19999255952,6.69235266779604%
407.064050700949,4293.94031994048,6.57601934866754%
407.276405929208,4288.02396577381,6.51820558155319%
407.488749636608,4328.26817708333,6.57894415504809%
407.70108182086,4315.2001860119,6.52404393194284%
407.913402479676,4341.75876488095,6.42790315093763%
408.125711610768,4362.10842261905,6.42155165207839%
408.338009211848,4350.73081845238,6.44741250466317%
408.550295280626,4352.87630952381,6.42036144152215%
408.762569814815,4350.66580357143,6.34214870227934%
408.974832812126,4314.06242559524,6.3409594851475%
409.18708427027,4375.11139880952,6.41532373635111%
409.39932418696,4405.14827380952,6.40035824185918%
409.611552559907,4406.93618303571,6.33308449363404%
409.823769386822,4405.63588541667,6.34278002699054%
410.035974665417,4457.97286458333,6.44394047095195%
410.248168393404,4504.1659375,6.43367484497169%
410.460350568494,4475.46186755952,6.33769114825367%
410.672521188399,4466.45730654762,6.34307777164919%
410.88468025083,4470.91082589286,6.33121193881886%
411.096827753499,4502.11796875,6.30943632034994%
411.308963694118,4511.1225297619,6.2655109948722%
411.521088070399,4530.00935267857,6.20569076623909%
411.733200880052,4567.55544642857,6.29807400470009%
411.945302120789,4575.90985863095,6.29910880219904%
412.157391790323,4569.7009375,6.30528713284397%
412.369469886364,4549.35127976191,6.321879720999%
412.581536406624,4535.24305059524,6.40137411583967%
412.793591348816,4552.08190476191,6.40186390363042%
413.005634710649,4538.75385416667,6.35540128682696%
413.217666489837,4543.92253720238,6.336056206168%
413.42968668409,4582.63889880952,6.3678437650341%
413.641695291121,4568.46565476191,6.33507634386112%
413.85369230864,4560.37130208333,6.29262257178923%
414.06567773436,4559.03849702381,6.30802817310606%
414.277651565991,4595.641875,6.39478544629325%
414.489613801246,4580.23334821428,6.37676914763281%
414.701564437837,4542.88229910714,6.29051620648259%
414.913503473474,4551.10668154762,6.27861948391999%
415.12543090587,4584.97943452381,6.31629240324893%
415.337346732735,4565.57249255952,6.31974329400175%
415.549250951782,4546.16555059524,6.237316365224%
415.761143560723,4539.92412202381,6.22854014627922%
415.973024557268,4562.25673363095,6.3250053127719%
416.184893939129,4572.69162202381,6.30849005556743%
416.396751704019,4527.86386160714,6.22652906322897%
416.608597849648,4531.63472470238,6.2298899279849%
416.820432373728,4544.05256696429,6.27712848167353%
417.032255273971,4586.40976190476,6.27805072890084%
417.244066548088,4585.20698660714,6.22483310244287%
417.455866193791,4611.60302827381,6.18641619625388%
417.667654208792,4617.71442708333,6.25760327313001%
417.879430590802,4627.07656994048,6.26034635827574%
418.091195337533,4615.73147321429,6.19002763975095%
418.302948446696,4613.78102678571,6.19839648460086%
418.514689916002,4626.36140625,6.24384096877119%
418.726419743165,4618.65714285714,6.23025764136965%
418.938137925894,4584.8494047619,6.18005153696023%
419.149844461903,4597.36476934524,6.21532348287567%
419.361539348901,4592.26110119048,6.28420739325207%
419.573222584602,4568.23810267857,6.23496846213187%
419.784894166716,4585.46704613095,6.21912201960363%
419.996554092955,4575.1621875,6.22282327970774%
420.208202361031,4591.5459375,6.25393034676888%
420.419838968655,4583.77665922619,6.22570059010848%
420.631463913539,4562.12670386905,6.17174591689449%
420.843077193395,4585.40203125,6.1711447783265%
421.054678805933,4613.00084821429,6.16781273593043%
421.266268748867,4631.53008928571,6.17607534345465%
421.477847019906,4620.67260416667,6.09680235831382%
421.689413616764,4622.948125,6.09470462806447%
421.900968537151,4610.33523809524,6.12824421872417%
422.112511778779,4631.40005952381,6.1204571298821%
422.32404333936,4630.00223958333,6.06164759223373%
422.535563216605,4628.9620014881,6.07878289383696%
422.747071408226,4685.6224702381,6.17744799016707%
422.958567911934,4698.82049107143,6.18662638593612%
423.170052725441,4672.42444940476,6.13881595495005%
423.38152584646,4684.3871875,6.122932040098%
423.5929872727,4702.20126488095,6.17477325961188%
423.804437001874,4679.21850446428,6.13235235862476%
424.015875031694,4688.02802083333,6.10142431292453%
424.22730135987,4711.43337797619,6.08770544749874%
424.438715984116,4741.56777529762,6.15856421978085%
424.650118902141,4755.09087053571,6.16951569248076%
424.861510111659,4759.96698660714,6.14673295758953%
425.07288961038,4767.89880208333,6.14900688807107%
425.284257396016,4795.5301264881,6.20377737313975%
425.495613466278,4780.7717485119,6.21564902791081%
425.706957818879,4752.23021577381,6.11117915510659%
425.91829045153,4744.07084821429,6.12065559596976%
426.129611361942,4756.78125744048,6.17357843718846%
426.340920547827,4774.30276785714,6.2018463431059%
426.552218006896,4738.08947916667,6.1541475329406%
426.763503736862,4743.90831101191,6.19509303753255%
426.974777735436,4775.60306547619,6.24326057692985%
427.186040000329,4765.81832589286,6.22155474605485%
427.397290529253,4757.5614360119,6.14732174280284%
427.60852931992,4761.81991071429,6.11379708153902%
427.81975637004,4806.09504464286,6.1583990237435%
428.030971677327,4779.43894345238,6.115445548376%
428.242175239491,4807.29781994048,6.09657792544616%
428.453367054244,4813.34420386905,6.1241596057803%
428.664547119298,4806.19256696429,6.18306647360432%
428.875715432364,4780.7717485119,6.14551616914335%
429.086871991153,4766.79354910714,6.06912431930034%
429.298016793378,4751.51505208333,6.04387649553194%
429.50914983675,4771.31208333333,6.10192034462174%
429.72027111898,4736.95171875,6.11220573786084%
429.931380637781,4725.3465625,6.02871280909541%
430.142478390864,4764.61555059524,6.07137503965087%
430.353564375939,4769.26411458333,6.11655494319706%
430.56463859072,4779.79652529762,6.12154596037196%
430.775701032917,4757.39889880952,6.09414128167747%
430.986751700243,4767.50871279762,6.08826786846193%
431.197790590408,4782.59216517857,6.12550815219757%
431.408817701124,4772.09226190476,6.11345349715722%
431.619833030104,4722.32337053571,6.02948156055125%
431.830836575058,4717.12218005952,6.06621452141196%
432.041828333698,4770.88948660714,6.11135639120746%
432.252808303736,4723.07104166667,6.08418640156778%
432.463776482883,4734.28610863095,6.06977658822834%
432.674732868851,4731.84805059524,6.10245972164524%
432.885677459352,4758.04904761905,6.13844296040062%
433.096610252096,4758.24409226191,6.16341719278163%
433.307531244797,4760.16203125,6.14172543631573%
433.518440435165,4755.77352678571,6.17662988111015%
433.729337820911,4774.95291666667,6.2540425850926%
433.940223399749,4766.50098214286,6.26517998029763%
434.151097169388,4744.68848958333,6.24595407140377%
434.361959127541,4739.84488095238,6.31178082574837%
434.572809271919,4733.47342261905,6.3677719616626%
434.783647600234,4726.41930803572,6.37453129734094%
434.994474110198,4691.63634672619,6.34440451457129%
435.205288799522,4695.82980654762,6.33957493876906%
435.416091665917,4712.83119791667,6.41363905986802%
435.626882707096,4720.73050595238,6.4244570881334%
435.837661920769,4695.08213541667,6.37644438649474%
436.048429304649,4697.74774553571,6.39577992924179%
436.259184856448,4721.47817708333,6.43498459400837%
436.469928573875,4661.43693452381,6.42955074168753%
436.680660454645,4680.87638392857,6.39013949892455%
436.891380496466,4667.41830357143,6.39978107040932%
437.102088697053,4658.67380208333,6.39039559506871%
437.312785054115,4612.80580357143,6.39044379569864%
437.523469565365,4600.90808035714,6.31957548436532%
437.734142228515,4620.08747023809,6.31514705486398%
437.944803041275,4629.02701636905,6.37202509794341%
438.155452001357,4632.89540178572,6.36243476757629%
438.366089106474,4604.93900297619,6.31545265715417%
438.576714354336,4622.65555803571,6.26098139728658%
438.787327742656,4610.82284970238,6.26887162849573%
438.997929269144,4623.17567708333,6.24362482613162%
439.208518931513,4613.97607142857,6.20068075605511%
439.419096727474,4619.63236607143,6.17099405917407%
439.629662654738,4636.34119047619,6.25362419900615%
439.840216711018,4628.47438988095,6.23194538997957%
440.050758894025,4578.44543898809,6.17204587101732%
440.261289201469,4602.11085565476,6.19768665734795%
440.471807631064,4634.26071428571,6.26663611860842%
440.682314180521,4618.13702380952,6.25301092334982%
440.892808847551,4613.78102678571,6.22983300841419%
441.103291629865,4579.87576636905,6.28382684415636%
441.313762525176,4579.09558779762,6.30524677047877%
441.524221531195,4587.41749255952,6.31522586406532%
441.734668645633,4602.40342261905,6.24560737012061%
441.945103866203,4596.97468005952,6.301864009401%
442.155527190615,4578.51045386905,6.36748722144274%
442.365938616582,4597.52730654762,6.39759001467865%
442.576338141815,4567.71798363095,6.34477392915329%
442.786725764025,4565.50747767857,6.3384282429325%
442.997101480925,4573.08171130952,6.40716540293743%
443.207465290225,4610.49777529762,6.4385278575341%
443.417817189638,4577.17764880952,6.42879901793098%
443.628157176875,4601.72076636905,6.44486044262031%
443.838485249647,4607.86467261905,6.4941591238784%
444.048801405666,4617.16180059524,6.46307742676033%
444.259105642644,4599.31521577381,6.437915224845%
444.469397958293,4605.71918154762,6.45677302434826%
444.679678350323,4569.60341517857,6.50455575874199%
444.889946816447,4560.11124255952,6.4937115718272%
445.100203354376,4556.21034970238,6.47891624962582%
445.310447961822,4566.64523809524,6.48801213837914%
445.520680636496,4596.29202380952,6.53970775674629%
445.73090137611,4644.98816964286,6.58578679996665%
445.941110178376,4654.38281994048,6.54606235412823%
446.151307041005,4640.53465029762,6.58939651465198%
446.361491961708,4639.42939732143,6.5806918410932%
446.571664938198,4655.22801339286,6.60778770557768%
446.781825968186,4625.48370535714,6.51827047009628%
446.991975049383,4625.61373511905,6.52554241000005%
447.202112179501,4669.04367559524,6.62209799545274%
447.412237356252,4647.29619791667,6.6101180826474%
447.622350577348,4603.41115327381,6.56370656370657%
447.832451840499,4617.486875,6.52365510232481%
448.042541143418,4616.15406994048,6.62102536185067%
448.252618483815,4630.91244791667,6.67449844072636%
448.462683859404,4596.32453125,6.60187396499832%
448.672737267895,4597.42978422619,6.58709116429913%
448.882778706999,4632.27776041667,6.65640540407468%
449.092808174429,4671.35170386905,6.65744764915053%
449.302825667897,4638.90927827381,6.59005583002142%
449.512831185113,4628.63692708333,6.60203239205889%
449.722824723789,4644.793125,6.65891945934014%
449.932806281637,4634.91086309524,6.65427073241725%
450.142775856368,4591.74098214286,6.61758291606329%
450.352733445695,4587.67755208333,6.6505774414197%
450.562679047328,4607.86467261905,6.71278273323231%
450.77261265898,4616.93424851191,6.76396777176067%
450.982534278361,4599.7378125,6.66328387844024%
451.192443903184,4588.13265625,6.68053235388479%
451.40234153116,4575.61729166667,6.7302412946106%
451.61222716,4560.07873511905,6.71166664066799%
451.822100787417,4559.91619791667,6.71216936652827%
452.031962411121,4586.34474702381,6.68978332059452%
452.241812028825,4567.42541666667,6.78059909016051%
452.45164963824,4554.16238095238,6.73873890119898%
452.661475237078,4534.88546875,6.66704382163588%
452.87128882305,4550.7165922619,6.68622312498299%
453.081090393868,4544.80023809524,6.76469384879053%
453.290879947243,4557.12055803571,6.76809678104385%
453.500657480887,4537.03095982143,6.71094855092035%
453.710422992512,4542.84979166667,6.75017875804411%
453.920176479828,4543.53244791667,6.78733655773581%
454.129917940549,4562.22422619048,6.81619064306992%
454.339647372385,4549.18874255952,6.76598744813398%
454.549364773049,4565.96258184524,6.72074939452708%
454.75907014025,4560.14375,6.77264204777044%
454.968763471702,4563.03691220238,6.76773889906291%
455.178444765116,4555.62521577381,6.65384039946887%
455.388114018203,4572.69162202381,6.68073974850795%
455.597771228675,4606.33682291667,6.75664905462235%
455.807416394244,4659.09639880952,6.78519917501751%
456.017049512621,4636.40620535714,6.71702001039685%
456.226670581517,4634.29322172619,6.69459813559802%
456.436279598645,4629.28707589286,6.75149753659661%
456.645876561716,4668.36101934524,6.82142611956375%
456.855461468442,4674.17985119048,6.77128672712049%
457.065034316534,4661.63197916667,6.79009119032119%
457.274595103703,4640.72969494048,6.86467718835861%
457.484143827662,4648.20640625,6.87426402619769%
457.693680486122,4590.96080357143,6.83872476829918%
457.903205076794,4577.50272321429,6.84241642352277%
458.11271759739,4623.37072172619,6.9165494417538%
458.322218045623,4632.70035714286,6.93152372711124%
458.531706419202,4576.36496279762,6.89928076532899%
458.741182715841,4582.5413764881,6.87459361151301%
458.95064693325,4561.6390922619,6.95653218059558%
459.160099069141,4558.29082589286,6.96618562058795%
459.369539121226,4550.7165922619,6.90252046142163%
459.578967087216,4550.55405505952,6.93734810070064%
459.788382964823,4523.83293898809,6.99611582348172%
459.997786751759,4510.11479910714,6.94553319977935%
460.207178445735,4461.19110119048,6.88497284891505%
460.416558044462,4471.69100446429,6.9384897854385%
460.625925545653,4508.94453125,7.04606585965107%
460.835280947018,4520.93977678571,7.07360139902484%
461.044624246271,4469.77306547619,6.99867889997212%
461.253955441121,4458.62301339286,6.96804069665846%
461.463274529281,4461.51617559524,6.95387320779281%
461.672581508462,4514.08070684524,6.96126924190483%
461.881876376376,4508.61945684524,6.84017002000093%
462.091159130735,4516.38873511905,6.82549652590115%
462.30042976925,4507.80677083333,6.87316416697289%
462.509688289632,4489.76514136905,6.85681163373509%
462.718934689594,4473.54392857143,6.72715704175738%
462.928168966846,4493.76355654762,6.6814780453863%
463.137391119102,4486.25433779762,6.76078446713986%
463.346601144071,4507.0265922619,6.75816772912555%
463.555799039465,4511.70766369048,6.68235248126619%
463.764984802997,4488.3348139881,6.68822373799617%
463.974158432378,4499.80994047619,6.77254610387236%
464.18331992532,4488.26979910714,6.71490953243593%
464.392469279533,4493.04839285714,6.67528779720373%
464.60160649273,4502.08546130952,6.69865997627244%
464.810731562622,4504.0359077381,6.6899508552929%
465.019844486922,4493.17842261905,6.64654402051442%
465.228945263339,4468.01766369048,6.6167706100412%
465.438033889587,4465.67712797619,6.60592641401564%
465.647110363376,4484.85651785714,6.70481827215295%
465.856174682419,4498.34710565476,6.76158388580951%
466.065226844426,4476.63213541667,6.68816986562912%
466.27426684711,4479.20022321429,6.71473973130448%
466.483294688181,4535.37308035714,6.7663768004443%
466.692310365353,4564.49974702381,6.79229136468421%
466.901313876335,4546.23056547619,6.70173004400126%
467.110305218841,4541.97209077381,6.75081117091384%
467.319284390581,4539.5340327381,6.81638057566188%
467.528251389266,4554.19488839286,6.82337148644258%
467.73720621261,4544.54017857143,6.74429483110027%
467.946148858323,4518.69676339286,6.77656593360808%
468.155079324116,4527.47377232143,6.82369776624093%
468.363997607702,4502.73561011905,6.78009943164964%
468.572903706792,4501.79289434524,6.80989987742512%
468.781797619097,4486.80696428571,6.82543742480651%
468.99067934233,4488.17227678571,6.82569120248983%
469.199548874201,4468.37524553571,6.85687226234166%
469.408406212423,4433.1696875,6.809545415875%
469.617251354706,4450.10606398809,6.73302591076882%
469.826084298764,4501.98793898809,6.77170214971679%
470.034905042306,4503.6133110119,6.77763502797739%
470.243713583045,4510.50488839286,6.71900259408249%
470.452509918693,4499.80994047619,6.75036411438702%
470.661294046961,4529.81430803571,6.830924371323%
470.87006596556,4509.04205357143,6.80077076337378%
471.078825672202,4492.82084077381,6.72777242921049%
471.287573164599,4494.38119791667,6.69480980125365%
471.496308440462,4513.10548363095,6.76204309108712%
471.705031497503,4517.10389880953,6.7661150329823%
471.913742333434,4514.76336309524,6.74529521487801%
472.122440945966,4523.05276041667,6.76708519229618%
472.331127332811,4572.13899553572,6.80163320075641%
472.53980149168,4586.6373139881,6.78439472174412%
472.748463420285,4595.38181547619,6.7118118092919%
472.957113116337,4627.69421130952,6.69917823474508%
473.165750577549,4643.49282738095,6.76220076287524%
473.374375801631,4667.35328869048,6.81830052298239%
473.582988786296,4685.49244047619,6.72206636179461%
473.791589529255,4723.39611607143,6.70542065798849%
474.000178028219,4716.47203125,6.77771175124215%
474.2087542809,4671.51424107143,6.72857175054655%
474.41731828501,4649.66924107143,6.64419890497803%
474.62587003826,4648.46646577381,6.63719597114029%
474.834409538362,4659.38896577381,6.67290644585611%
475.042936783028,4656.23574404762,6.64839635547528%
475.251451769968,4639.52691964286,6.61855389604163%
475.459954496896,4646.41849702381,6.59485023646874%
475.668444961521,4633.12295386905,6.64845335136866%
475.876923161557,4627.1740922619,6.63789482573553%
476.085389094714,4634.32572916667,6.57240573722346%
476.293842758704,4631.98519345238,6.54535632606342%
476.502284151238,4605.65416666667,6.53834679513386%
476.710713270029,4582.34633184524,6.51640185029547%
476.919130112788,4585.23949404762,6.47216758696184%
477.127534677227,4583.09400297619,6.50468341602495%
477.335926961056,4596.77963541667,6.541039924088%
477.544306961988,4598.3725,6.53693632077023%
477.752674677734,4583.45158482143,6.45709989456633%
477.961030106007,4559.78616815476,6.49523484321167%
478.169373244516,4586.89737351191,6.56863581385075%
478.377704090975,4600.87557291667,6.60188619079444%
478.586022643094,4615.76398065476,6.5580997442232%
478.794328898586,4628.44188244048,6.55794141037792%
479.002622855161,4657.04843005952,6.58317709851276%
479.210904510532,4694.33446428571,6.58934358704606%
479.41917386241,4665.20779761905,6.5267913522944%
479.627430908506,4665.53287202381,6.51452947730297%
479.835675646533,4693.45676339286,6.57861376269057%
480.043908074201,4722.22584821429,6.61114273531837%
480.252128189223,4701.19353422619,6.57710861617669%
480.46033598931,4697.39016369048,6.57759306670357%
480.668531472173,4729.01990327381,6.60673321614744%
480.876714635525,4725.4765922619,6.61491381247946%
481.084885477077,4723.91623511905,6.5990670299445%
481.29304399454,4713.31880952381,6.64254725183215%
481.501190185626,4720.86053571429,6.6740194121113%
481.709324048046,4727.68709821429,6.67496032841176%
481.917445579513,4710.06806547619,6.60606739926108%
482.125554777737,4703.85914434524,6.59547279243772%
482.333651640431,4715.13922619048,6.58169486276846%
482.541736165306,4694.00938988095,6.56036906778568%
482.749808350073,4661.46944196429,6.49422656617691%
482.957868192445,4664.33009672619,6.49440245178845%
483.165915690132,4654.93544642857,6.55370631023627%
483.373950840847,4619.79490327381,6.56133529531808%
483.581973642301,4571.81392113095,6.49596690084662%
483.789984092205,4558.29082589286,6.53514392479082%
483.997982188272,4543.85752232143,6.55713331465879%
484.205967928212,4550.52154761905,6.56151025619495%
484.413941309737,4524.41807291667,6.53493870063432%
484.62190233056,4557.15306547619,6.49148292819403%
484.829850988391,4580.42839285714,6.54104597312619%
485.037787280942,4575.09717261905,6.5752711085855%
485.245711205925,4605.68667410714,6.5339520461666%
485.453622761051,4611.40798363095,6.48568807892549%
485.661521944033,4622.52552827381,6.49168710585416%
485.86940875258,4665.56537946428,6.5061695134436%
486.077283184406,4665.56537946429,6.48454817536506%
486.285145237222,4660.07162202381,6.51789259265653%
486.492994908739,4661.37191964286,6.55728857466673%
486.700832196668,4672.42444940476,6.57382385191197%
486.908657098723,4655.81314732143,6.53172065874145%
487.116469612613,4724.17629464286,6.56648062537499%
487.324269736051,4721.28313244048,6.64753045786617%
487.532057466749,4761.55985119048,6.65493945738274%
487.739832802417,4731.88055803571,6.61427947428284%
487.947595740768,4731.42545386905,6.59277681660901%
488.155346279513,4766.63101190476,6.59217176901251%
488.363084416364,4754.27818452381,6.60101823527504%
488.570810149032,4731.84805059524,6.57985795724876%
488.778523475229,4724.46886160714,6.53764445771299%
488.986224392666,4730.09264880952,6.62542946404618%
489.193912899055,4715.95191220238,6.65297936736986%
489.401588992108,4660.13663690476,6.58131128379403%
489.609252669537,4642.0625,6.62172226263466%
489.816903929052,4657.34099702381,6.72201131320315%
490.024542768366,4639.00680059524,6.73435318992821%
490.23216918519,4624.24842261905,6.70503409633844%
490.439783177235,4591.02581845238,6.70329885214807%
490.647384742214,4589.56298363095,6.71615504037782%
490.854973877837,4583.58161458333,6.72699244911645%
491.062550581817,4564.66228422619,6.74703205101669%
491.270114851865,4564.27219494048,6.74568392225609%
491.477666685693,4530.75702380952,6.79521976378313%
491.685206081012,4542.26465773809,6.78440489247993%
491.892733035534,4494.4787202381,6.76002554501872%
492.10024754697,4526.62857886905,6.76589424038186%
492.307749613032,4561.89915178571,6.84612842727684%
492.515239231432,4565.24741815476,6.93165547951504%
492.722716399881,4602.79351190476,6.91373874712722%
492.930181116091,4595.86942708333,6.89755804283573%
493.137633377774,4633.28549107143,6.95174836691003%
493.34507318264,4647.81631696428,6.97400229203923%
493.552500528402,4631.59510416667,6.89084810268766%
493.759915412771,4664.65517113095,6.85587170566734%
493.967317833459,4706.32970982143,6.94590956237725%
494.174707788178,4703.59908482143,6.92567679439093%
494.382085274638,4717.51226934524,6.8490216472012%
494.589450290552,4705.51702380952,6.80838451823524%
494.796802833631,4714.16400297619,6.813255426227%
495.004142901588,4724.56638392857,6.8207979882055%
495.211470492132,4739.61732886905,6.81873068273715%
495.418785602976,4740.29998511905,6.77420213473876%
495.626088231832,4744.94854910714,6.8301708264571%
495.833378376411,4729.9951264881,6.79787756662615%
496.040656034425,4719.0726264881,6.7501236041638%
496.247921203586,4724.50136904762,6.7305698904357%
496.455173881604,4725.67163690476,6.77922599651833%
496.662414066192,4692.93664434524,6.79168993633419%
496.869641755061,4687.28034970238,6.73671821332755%
497.076856945923,4680.97390625,6.67777986897176%
497.284059636489,4676.87796875,6.74935205861515%
497.491249824471,4670.08391369048,6.78449988216679%
497.698427507581,4636.60125,6.73235955056179%
497.90559268353,4626.23137648809,6.78237199676055%
498.112745350029,4651.58718005952,6.91576702081893%
498.319885504791,4604.41888392857,6.86336874873114%
498.527013145527,4587.90510416667,6.84400686478186%
498.734128269948,4586.8973735119,6.88236863646025%
498.941230875767,4594.60163690476,7.00492931926508%
499.148320960694,4653.96022321429,7.04248336385559%
499.355398522442,4658.12117559524,7.03289164317372%
499.562463558721,4641.80244047619,7.01785515237958%
499.769516067244,4644.50055803571,7.08224713984859%
499.976556045722,4651.94476190476,7.14212442355344%
500.183583491867,4651.81473214286,7.14596890260453%
500.39059840339,4643.13524553572,7.21150774454414%
500.597600778004,4658.9988764881,7.26950071144223%
500.804590613418,4655.13049107143,7.29982722843327%
501.011567907346,4660.07162202381,7.20935658602642%
501.218532657498,4647.71879464286,7.14393724167637%
501.425484861587,4670.01889880953,7.29037142398312%
501.632424517324,4660.65675595238,7.30993279252016%
501.83935162242,4650.90452380952,7.23912498591543%
502.046266174587,4657.17845982143,7.20711600318435%
502.253168171537,4694.46449404762,7.26862905976601%
502.460057610981,4705.93962053571,7.2926065495462%
502.666934490631,4725.63912946429,7.29752199718252%
502.873798808198,4732.10811011905,7.26237234878241%
503.080650561395,4719.98283482143,7.34591346265052%
503.287489747932,4695.27718005952,7.35382928065195%
503.494316365522,4648.0763764881,7.31744601608806%
503.701130411875,4643.00521577381,7.37729431975461%
503.907931884704,4667.51582589286,7.48452474068641%
504.11472078172,4700.08828125,7.55276193841283%
504.321497100634,4710.49066220238,7.49400033486503%
504.528260839159,4701.94120535714,7.52527709940191%
504.735011995006,4713.77391369048,7.59289741066974%
504.941750565886,4717.83734375,7.64248038982094%
505.148476549511,4723.29859375,7.56017359723479%
505.355189943593,4715.07421130952,7.5897536687631%
505.561890745843,4732.69324404762,7.73079119048287%
505.768578953973,4723.13605654762,7.76505479368619%
505.975254565694,4747.87421875,7.73438818961151%
506.181917578718,4749.01197916667,7.81033289135562%
506.388567990757,4738.02446428572,7.9156645747999%
506.595205799522,4750.96242559524,7.94866068805022%
506.801831002725,4724.14378720238,7.92052412845288%
507.008443598077,4726.80939732143,7.96123185246801%
507.215043583291,4750.53982886905,8.13360121489951%
507.421630956077,4768.80901041667,8.19326343208222%
507.628205714147,4775.50554315476,8.22517772777607%
507.834767855213,4774.88790178572,8.26589868278175%
508.041317376986,4779.86154017857,8.32380997355497%
508.247854277179,4789.97135416667,8.35981185875706%
508.454378553502,4788.47601190476,8.34588047869034%
508.660890203667,4775.14796130952,8.39960908938177%
508.867389225386,4799.23597470238,8.45436372593603%
509.07387561637,4809.50832589286,8.46262675574029%
509.280349374331,4807.36283482143,8.43609799081868%
509.486810496981,4825.17691220238,8.51683745738141%
509.693258982031,4829.95550595238,8.67873649028772%
509.899694827193,4860.93509672619,8.76431015608489%
510.106118030178,4854.01101190476,8.77067609372291%
510.312528588698,4856.09148809524,8.81870911656145%
510.518926500465,4872.41022321429,8.94301599488468%
510.72531176319,4890.02925595238,9.02954670319869%
510.931684374585,4874.00308779762,9.02481759460237%
511.13804433236,4886.35591517857,9.04810124175176%
511.344391634229,4973.54087053571,9.062115372735%
511.550726277903,4966.12917410714,9.0821897594806%
511.757048261092,4964.95890625,9.11694749398225%
511.96335758151,4985.76366815476,9.15361248436477%
512.169654236866,4999.774375,9.30690047379805%
512.375938224874,5027.56823660714,9.39638782136152%
512.582209543244,5030.81898065476,9.42006179903868%
512.788468189688,5040.24613839286,9.46452383962672%
512.994714161918,5061.18093005952,9.57931611743188%
513.200947457646,5078.66993303571,9.70829067355905%
513.407168074582,5112.08758184524,9.75785955091006%
513.613376010439,5106.10621279762,9.84970656996995%
513.819571262928,5121.02712797619,10.0271829844055%
514.02575382976,5174.89195684524,10.0931217738935%
514.231923708648,5157.69552083333,10.0852106643377%
514.438080897303,5158.54071428571,10.1775277894496%
514.644225393436,5163.22178571429,10.3349012544165%
514.850357194759,5154.02218005952,10.3707296328064%
515.056476298984,5178.98789434524,10.3799174539293%
515.262582703823,5188.22000744048,10.4376508408818%
515.468676406986,5186.46460565476,10.5811600235392%
515.674757406185,5094.40353422619,10.7374539539779%
515.880825699133,5099.83227678571,10.7847684811041%
516.086881283541,5117.02871279762,10.8043851223161%
516.29292415712,5117.61384672619,10.904503161245%
516.498954317581,5136.59819196428,11.0029169423946%
516.704971762637,5151.84418154762,10.9795941763155%
516.910976489999,5147.06558779762,11.0366885631508%
517.116968497379,5135.94804315476,11.1837089755018%
517.322947782488,5149.34110863095,11.2802946821912%
517.528914343038,5160.62119047619,11.2132124674034%
517.73486817674,5139.45884672619,11.3071116598171%
517.940809281307,5206.97680059524,11.4342777785732%
518.146737654449,5241.62973214286,11.5415919782893%
518.352653293878,5226.90386160714,11.5575658483608%
518.558556197306,5228.39920386905,11.6270361802094%
518.764446362445,5269.00099702381,11.7511795547032%
518.970323787005,5293.15402529762,11.8367376116359%
519.176188468699,5317.59962053571,11.9005227127746%
519.382040405239,5322.57325892857,11.9790303935607%
519.587879594335,5325.20636160714,12.1189375620555%
519.7937060337,5357.32371279762,12.208508060205%
519.999519721045,5398.5756547619,12.2436616238407%
520.205320654081,5431.37566220238,12.3236961828146%
520.41110883052,5446.94672619048,12.471120123664%
520.616884248075,5463.78558035714,12.5717718687519%
520.822646904455,5464.46823660714,12.5819007383237%
521.028396797374,5471.81491815476,12.7331757468744%
521.234133924543,5488.19866815476,12.8644529175203%
521.439858283672,5569.04467261905,12.9306565104765%
521.645569872474,5574.5709375,12.9107263483486%
521.851268688661,5569.56479166667,13.0707064965087%
522.056954729944,5621.02406994048,13.2316794227866%
522.262627994034,5602.62485863095,13.3176367934482%
522.468288478643,5579.31702380952,13.3302711891695%
522.673936181484,5585.26588541667,13.4194983962409%
522.879571100266,5609.97154017857,13.5630724327295%
523.085193232703,5592.8726264881,13.5904432175574%
523.290802576505,5577.04150297619,13.6121156467737%
523.496399129384,5594.40047619048,13.6175798762167%
523.701982889052,5616.7655952381,13.7599621055125%
523.907553853221,5690.29742559524,13.846824169605%
524.113112019601,5688.76957589286,13.8562567715258%
524.318657385905,5690.58999255952,13.9289226811923%
524.524189949844,5716.85600446429,14.0520180813282%
524.72970970913,5716.85600446429,14.137078083619%
524.935216661474,5732.84966517857,14.1308402389216%
525.140710804588,5731.41933779762,14.1957979268011%
525.346192136184,5758.43302083333,14.276544480131%
525.551660653973,5826.99121279762,14.3987136595866%
525.757116355666,5777.54739583333,14.3679732245975%
525.962559238976,5773.02886160714,14.4258537056084%
526.167989301614,5799.29487351191,14.5093682850425%
526.373406541291,5764.86949404762,14.5118702490201%
526.578810955719,5756.67761904762,14.5646798588265%
526.78420254261,5762.65898809524,14.6126905306082%
526.989581299676,5765.09704613095,14.6977502460705%
527.194947224627,5784.04888392857,14.7695850913381%
527.400300315176,5788.17732886905,14.7951936014702%
527.605640569034,5796.85681547619,14.8343722631498%
527.810967983912,5821.52996279762,14.9655662849016%
528.016282557523,5843.43997767857,15.0516659883898%
528.221584287578,5789.90022321429,15.098950282832%
528.426873171788,5800.95275297619,15.1156020026612%
528.632149207866,5810.31489583333,15.2176352592967%
528.837412393522,5798.28714285714,15.2756332240876%
529.042662726468,5813.46811755952,15.2801512816921%
529.247900204417,5826.92619791667,15.2825431331068%
529.453124825078,5829.94938988095,15.3466834766924%
529.658336586165,5835.93075892857,15.4235492695419%
529.863535485388,5764.57692708333,15.3889659538417%
530.06872152046,5760.8060639881,15.4871451675869%
530.273894689092,5809.92480654762,15.6246663974639%
530.479054988995,5794.84135416667,15.6430567959082%
530.684202417881,5804.20349702381,15.6116686633499%
530.889336973461,5794.80884672619,15.6335362138192%
531.094458653448,5800.72520089286,15.6726887176828%
531.299567455553,5853.77734375,15.7900452906923%
531.504663377487,5826.86118303571,15.6880502912168%
531.709746416963,5849.45385416667,15.7148726376335%
531.914816571691,5905.43166666667,15.8005068966074%
532.119873839383,5885.27705357143,15.8335713167083%
532.324918217751,5859.33611607143,15.7729251209008%
532.529949704506,5857.32065476191,15.7560770452357%
532.734968297361,5899.84038690476,15.908699969955%
532.939973994026,5915.44395833333,15.9550783128943%
533.144966792213,5897.82492559524,15.9062984072651%
533.349946689634,5902.47348958333,15.861394687969%
533.554913684001,5886.28478422619,15.9762165616726%
533.759867773024,5908.71491815476,16.0084933437638%
533.964808954416,5873.60688244048,15.9512542973725%
534.169737225888,5894.89925595238,15.9676505457946%
534.374652585152,5909.13751488095,16.0034852004104%
534.57955502992,5852.93215029762,15.9874857431078%
534.784444557903,5844.28517113095,15.9484519238624%
534.989321166812,5846.8207514881,15.9878792823665%
535.194184854359,5881.92878720238,16.0337457257752%
535.399035618256,5896.13453869048,16.1248254008435%
535.603873456214,5865.87011160714,16.0118807143776%
535.808698365946,5880.56347470238,16.0524406020257%
536.013510345162,5908.94247023809,16.1460350339983%
536.218309391574,5918.43464285714,16.1595034073274%
536.423095502894,5921.45783482143,16.119364115781%
536.627868676833,5924.96863839286,16.1266743498791%
536.832628911103,5951.88479910714,16.1734754464936%
537.037376203416,5894.70421130952,16.0943595987994%
537.242110551483,5877.18270089286,16.0422436278874%
537.446831953016,5886.44732142857,16.0279563355476%
537.651540405726,5924.90362351191,16.1417349215674%
537.856235907325,5953.12008184524,16.2007832286425%
538.060918455524,5946.32602678571,16.1468764689763%
538.265588048036,5971.55180059524,16.155002958751%
538.470244682572,5992.4865922619,16.1653090933336%
538.674888356842,6018.68758928571,16.17654238251%
538.87951906856,6025.51415178571,16.166999088152%
539.084136815436,6048.72446428571,16.2066490634248%
539.288741595183,6036.37163690476,16.2142123621169%
539.49333340551,6021.61325892857,16.1921727848787%
539.697912244132,6012.25111607143,16.1162853844133%
539.902478108758,5985.85507440476,16.1662414928456%
540.107030997101,5981.75913690476,16.2405225760069%
540.311570906872,5965.96052083333,16.2215895955666%
540.516097835782,5947.4312797619,16.1761632268724%
540.720611781544,5929.29212797619,16.2105105752273%
540.925112741869,5931.17755952381,16.2465576535385%
541.129600714468,5953.51017113095,16.2994561440813%
541.334075697054,5975.19263392857,16.33129798735%
541.538537687337,6000.09333333333,16.3270256626551%
541.742986683029,6045.14864583333,16.4420202901713%
541.947422681843,6042.74309523809,16.4433389383075%
542.151845681488,6025.22158482143,16.375792231511%
542.356255679678,6035.55895089286,16.356534075479%
542.560652674124,6048.334375,16.4160694896851%
542.765036662536,6065.20573660714,16.4780441675957%
542.969407642628,6036.82674107143,16.4633974715665%
543.17376561211,6046.31891369047,16.4690994830085%
543.378110568694,6074.76292410714,16.50724684673%
543.582442510092,6116.79504464286,16.5902995806648%
543.786761434015,6110.55361607143,16.5724754487839%
543.991067338175,6118.42041666667,16.572767322166%
544.195360220283,6137.43726934524,16.5920527577731%
544.399640078052,6143.97126488095,16.6068270840182%
544.603906909192,6128.49772321428,16.6041203294202%
544.808160711415,6119.55817708333,16.5752356135381%
545.012401482433,6188.57147321429,16.6277965115284%
545.216629219958,6193.57761904762,16.6574826357741%
545.4208439217,6173.97563244048,16.5875644483901%
545.625045585373,6185.93837053571,16.5931500570296%
545.829234208686,6157.98197172619,16.5932233351721%
546.033409789352,6114.45450892857,16.535595498354%
546.237572325083,6088.02595982143,16.5041556539184%
546.44172181359,6082.27214285714,16.4735550564276%
546.645858252584,6120.04578869048,16.6050754025316%
546.849981639777,6100.21625,16.5885103935863%
547.054091972882,6086.30306547619,16.4767988175051%
547.258189249608,6119.16808779762,16.4474752737344%
547.462273467669,6146.40932291667,16.5102786333357%
547.666344624775,6124.33677083333,16.501505796053%
547.870402718639,6110.26104910714,16.4167601191151%
548.074447746971,6132.98375,16.413234828186%
548.278479707484,6153.36591517857,16.4735153127207%
548.482498597888,6154.08107886905,16.4680392300527%
548.686504415897,6172.41527529762,16.4006754977407%
548.89049715922,6183.07771577381,16.3534215390399%
549.09447682557,6210.48148809524,16.4298332884904%
549.298443412659,6186.06840029762,16.4083766362245%
549.502396918197,6192.99248511905,16.3581775282863%
549.706337339897,6189.74174107143,16.3507566679612%
549.910264675471,6225.20735863095,16.3653746051958%
550.114178922629,6270.81529761905,16.4189642463745%
550.318080079083,6277.86941220238,16.3936936191343%
550.521968142545,6279.59230654762,16.3451319016248%
550.725843110727,6305.27318452381,16.3828500296237%
550.92970498134,6290.51480654762,16.3232094054556%
551.133553752096,6280.92511160714,16.2949049072552%
551.337389420706,6259.17763392857,16.3097853363941%
551.541211984882,6267.69458333333,16.3898964476357%
551.745021442336,6267.01192708333,16.3339953215846%
551.948817790778,6265.84165922619,16.2586752858948%
552.152601027922,6264.76891369048,16.2119309487278%
552.356371151477,6266.9144047619,16.2268662817434%
552.560128159157,6255.34175595238,16.1835660053882%
552.763872048672,6249.26286458333,16.172869960185%
552.967602817734,6248.80776041667,16.1542692989426%
553.171320464056,6270.00261160714,16.1838730737237%
553.375024985347,6271.20538690476,16.1838568122756%
553.57871637932,6236.64997767857,16.1280033804854%
553.782394643687,6225.0123139881,16.0839501561174%
553.986059776159,6237.17009672619,16.1156261731552%
554.189711774447,6230.0509672619,16.1228406909789%
554.393350636264,6210.93659226191,16.038141262132%
554.596976359321,6228.36058035714,16.0190575738056%
554.800588941329,6203.36235863095,16.0390572499615%
555.00418838,6217.37306547619,16.0549335588844%
555.207774673046,6191.10705357143,15.9979061020149%
555.411347818178,6201.70447916667,15.9529922212549%
555.614907813108,6240.12827380953,15.9835751171908%
555.818454655548,6239.60815476191,15.9043562704748%
556.021988343208,6222.34670386905,15.8510287337362%
556.225508873802,6218.90091517857,15.8433975958358%
556.429016245039,6229.49834077381,15.8935715548129%
556.632510454633,6241.3960639881,15.8903867616241%
556.835991500294,6224.65473214286,15.7929037510578%
557.039459379734,6220.85136160714,15.6841146015882%
557.242914090664,6214.80497767857,15.7255386732596%
557.446355630797,6191.43212797619,15.6828449206413%
557.649783997844,6153.07334821429,15.5848434268007%
557.853199189516,6166.33638392857,15.5309305305513%
558.056601203525,6182.10249255952,15.5527107622916%
558.259990037583,6155.05630208333,15.4592433600188%
558.463365689401,6101.22398065476,15.3105499898585%
558.66672815669,6088.70861607143,15.3011796742231%
558.870077437164,6111.49633184524,15.3062054974264%
559.073413528532,6156.94173363095,15.3002158284798%
559.276736428507,6123.10148809524,15.126340060377%
559.4800461348,6102.88186011905,15.0855774748214%
559.683342645123,6119.330625,15.089286067262%
559.886625957187,6075.44558035714,15.0156097888482%
560.089896068704,6045.14864583333,14.9302273261012%
560.293152977386,6047.61921130952,14.8815358429761%
560.496396680944,6066.40851190476,14.8821721311475%
560.69962717709,6041.28026041667,14.8470128167009%
560.902844463536,6015.30681547619,14.7283206510938%
561.106048537992,6004.02673363095,14.7072348252606%
561.309239398171,6009.9755952381,14.7206457704743%
561.512417041784,5985.95259672619,14.6311128897154%
561.715581466543,5980.97895833333,14.527204561676%
561.918732670159,5981.59659970238,14.4347488774127%
562.121870650344,6005.55458333333,14.4630411558224%
562.32499540481,6033.67351934524,14.4351656598545%
562.528106931268,6022.19839285714,14.385505390783%
562.73120522743,6031.8205952381,14.3400163825721%
562.934290291007,6039.52485863095,14.3119612824789%
563.137362119711,5985.04238839286,14.208690877441%
563.340420711253,5928.47944196429,14.0948441745742%
563.543466063346,5927.99183035714,14.0803035363381%
563.746498173701,5967.71592261905,14.0692443339108%
563.949517040028,5979.74367559524,14.0180956183639%
564.152522660041,5981.5640922619,13.9480097638972%
564.355515031451,5969.53633928571,13.9186987465025%
564.558494151968,5950.55199404762,13.8577220760288%
564.761460019305,5903.15614583333,13.7812402208305%
564.964412631174,5892.65624255952,13.7070599086878%
565.167351985285,5880.2709077381,13.6022132467057%
565.370278079351,5840.9369047619,13.5417288879554%
565.573190911083,5825.13828869048,13.4699749261457%
565.776090478193,5823.12282738095,13.3844691357074%
565.978976778392,5807.38922619048,13.3417843080764%
566.181849809392,5819.41697916667,13.3659519355303%
566.384709568905,5808.52698660714,13.2767105646435%
566.587556054641,5745.49505952381,13.1292784038143%
566.790389264314,5738.70100446429,13.0935609830794%
566.993209195633,5750.76126488095,13.0960713889558%
567.196015846312,5736.52300595238,13.0422241409611%
567.398809214061,5739.22112351191,12.9624260366317%
567.601589296592,5751.63896577381,12.8910108032047%
567.804356091617,5738.66849702381,12.8830111437017%
568.007109596847,5686.16898065476,12.7866429753546%
568.209849809994,5650.18324404762,12.6516111599515%
568.412576728769,5636.59513392857,12.5890948476528%
568.615290350885,5616.21296875,12.5394080769238%
568.817990674052,5629.15093005952,12.5020847863662%
569.020677695982,5625.44508184524,12.4470248713258%
569.223351414388,5623.49463541667,12.3589469044462%
569.426011826979,5608.28115327381,12.3722345028245%
569.628658931469,5680.90277529762,12.3713813006165%
569.831292725569,5669.62269345238,12.2968204547599%
570.03391320699,5664.48651785714,12.2164822112031%
570.236520373443,5675.34400297619,12.2194391608128%
570.439114222641,5649.50058779762,12.1359542807282%
570.641694752295,5605.973125,12.0482992250918%
570.844261960117,5589.10176339286,12.0293140460633%
571.046815843818,5611.56440476191,11.9944941706845%
571.24935640111,5587.83397321428,11.9529916211744%
571.451883629704,5567.35428571428,11.8253482420818%
571.654397527312,5535.65953125,11.8041264115785%
571.856898091646,5535.43197916667,11.8219832847628%
572.059385320417,5565.37133184524,11.7949799699082%
572.261859211337,5572.06786458333,11.7493964574759%
572.464319762118,5552.46587797619,11.7335872514236%
572.66676697047,5544.56656994048,11.7160676540651%
572.869200834106,5552.43337053571,11.6980977613718%
573.071621350737,5537.96755952381,11.6408110119048%
573.274028518075,5542.74615327381,11.5913986888744%
573.476422333831,5539.10531994048,11.5760888745247%
573.678802795718,5547.81731398809,11.5477615402459%
573.881169901446,5503.86725446429,11.4581808004063%
574.083523648727,5505.65516369048,11.4406905183331%
574.285864035273,5532.05120535714,11.4671968190855%
574.488191058795,5532.70135416667,11.4135105712485%
574.690504717005,5530.71840029762,11.3485262613578%
574.892805007615,5515.47241071429,11.3226621113819%
575.095091928336,5572.84804315476,11.315301308467%
575.29736547688,5595.8633110119,11.3041894420394%
575.499625650958,5586.43615327381,11.2238969520244%
575.701872448282,5589.0367485119,11.2106750138691%
575.904105866564,5622.77947172619,11.2281094531928%
576.106325903515,5609.77649553571,11.1646106229739%
576.308532556847,5558.93485863095,11.0810355128266%
576.51072582427,5550.28787946429,11.0270788822798%
576.712905703498,5569.20720982143,11.0400649286553%
576.915072192242,5553.70116071428,10.9888225140768%
577.117225288213,5547.29719494048,10.9222986593404%
577.319364989122,5546.09441964286,10.8563276193808%
577.521491292682,5563.90849702381,10.8525382521219%
577.723604196603,5570.44249255952,10.8438485087982%
577.925703698598,5557.99214285714,10.7544645369535%
578.127789796379,5547.23218005952,10.7264954163068%
578.329862487656,5557.82960565476,10.7482909382129%
578.531921770141,5533.09144345238,10.7370936210267%
578.733967641546,5540.04803571429,10.6600573490968%
578.936000099583,5511.92909970238,10.619576244062%
579.138019141963,5568.68709077381,10.6629876157077%
579.340024766397,5541.99848214286,10.6355368574559%
579.542016970598,5498.50352678571,10.5234205490496%
579.743995752277,5490.89678571429,10.5054118460799%
579.945961109145,5536.92732142857,10.5590743873034%
580.147913038915,5508.71086309524,10.5359769011431%
580.349851539297,5493.85496279762,10.5047094845157%
580.551776608003,5500.58400297619,10.4649786183738%
580.753688242746,5495.35030505952,10.4839894373641%
580.955586441235,5472.33503720238,10.4393706452658%
581.157471201184,5488.71878720238,10.3808178013093%
581.359342520303,5487.64604166667,10.3573599342129%
581.561200396305,5485.85813244048,10.3989272903547%
581.763044826901,5463.16793898809,10.3703703703704%
581.964875809802,5449.41729166667,10.2996301434844%
582.16669334272,5449.35227678571,10.2933027338217%
582.368497423367,5470.35208333333,10.3061703626235%
582.570288049454,5492.58717261905,10.2718732443446%
582.772065218693,5460.24226934524,10.2149983655718%
582.973828928795,5436.18676339286,10.1974530315098%
583.175579177473,5499.6087797619,10.2710181204285%
583.377315962437,5441.61550595238,10.2005126099208%
583.5790392814,5425.84939732143,10.1570921171211%
583.780749132072,5422.72868303571,10.1683096304038%
583.982445512165,5440.7703125,10.1807807129599%
584.184128419392,5408.71797619048,10.127914108267%
584.385797851463,5405.23968005952,10.0562005602438%
584.587453806091,5427.01966517857,10.0479184594294%
584.789096280986,5427.27972470238,10.0966972467388%
584.990725273861,5471.58736607143,10.0806069227122%
585.192340782427,5458.87695684524,10.0206114616581%
585.393942804395,5462.19271577381,10.0387887800122%
585.595531337478,5492.03454613095,10.0689527203852%
585.797106379386,5522.23395833333,10.0667477320643%
585.998667927832,5523.76180803571,10.0213577368489%
586.200215980527,5520.38103422619,10.0261221524933%
586.401750535182,5545.11919642857,10.0724130772679%
586.60327158951,5577.13902529762,10.0952128651526%
586.804779141221,5539.43039434524,9.99663899497243%
587.006273188028,5566.63912202381,9.96194481128797%
587.207753727642,5555.87915922619,9.98076849643661%
587.409220757774,5503.47716517857,9.92575407641678%
587.610674276137,5506.53286458333,9.88407322638616%
587.812114280441,5491.09183035714,9.87574856256954%
588.013540768399,5498.69857142857,9.89385426571009%
588.214953737721,5477.27616815476,9.87118388961479%
588.416353186121,5458.55188244048,9.8363228428882%
588.617739111308,5465.93107142857,9.80721564307353%
588.819111510995,5460.76238839286,9.82732002186867%
589.020470382894,5465.08587797619,9.80509678183857%
589.221815724715,5422.76119047619,9.73346278805677%
589.423147534171,5429.8478125,9.72754710125677%
589.624465808973,5442.0055952381,9.72193928645406%
589.825770546834,5457.41412202381,9.73098342934552%
590.027061745463,5419.51044642857,9.6636587366694%
590.228339402573,5400.49359375,9.642573037122%
590.429603515876,5428.54751488095,9.65770629475499%
590.630854083083,5390.70885416667,9.62487080510343%
590.832091101905,5344.32073660714,9.54188804352446%
591.033314570055,5342.82539434524,9.54704672836896%
591.234524485244,5339.89972470238,9.59935119801016%
591.435720845183,5349.16434523809,9.60557497909213%
591.636903647585,5336.09635416667,9.59697160797716%
591.83807289016,5341.55760416667,9.60469205826447%
592.039228570621,5362.32985863095,9.62570191462011%
592.240370686678,5363.37009672619,9.63520197856554%
592.441499236044,5375.95047619048,9.62597820176372%
592.64261421643,5370.68427083333,9.60521942470927%
592.843715625548,5389.92867559524,9.65072088849191%
593.044803461109,5389.63610863095,9.64314469264897%
593.245877720825,5372.24462797619,9.58401524794752%
593.446938402407,5378.97366815476,9.58967506546485%
593.647985503568,5391.4890327381,9.6277928147538%
593.849019022018,5387.36058779762,9.63083723392633%
594.05003895547,5342.14273809524,9.53504077086672%
594.251045301634,5344.19070684524,9.58208324104464%
594.452038058223,5387.49061755952,9.65799659052622%
594.653017222948,5413.69161458333,9.65081281387024%
594.85398279352,5421.16832589286,9.62907117008445%
595.054934767652,5417.07238839286,9.61955301834896%
595.255873143055,5426.43453125,9.66117185459951%
595.45679791744,5407.28764880952,9.62820761727511%
595.657709088519,5413.91916666667,9.58892888130277%
595.858606654004,5401.59884672619,9.57194930274554%
596.059490611606,5426.75960565476,9.59024034911269%
596.260360959037,5396.85276041667,9.54860124549153%
596.461217694009,5389.83115327381,9.48565434461978%
596.662060814232,5368.21370535714,9.47529844445112%
596.862890317419,5382.54948660714,9.52055354227364%
597.063706201281,5365.41806547619,9.50388693050882%
597.264508463531,5354.46305803571,9.44477036819755%
597.465297101878,5358.8515625,9.46836471256007%
597.666072114036,5343.05294642857,9.51268035783794%
597.866833497715,5360.99705357143,9.51736385949275%
598.067581250628,5352.05750744048,9.46053252353962%
598.268315370485,5344.61330357143,9.44464460342786%
598.469035854999,5346.30369047619,9.40684982189401%
598.66974270188,5324.1661235119,9.34713523698317%
598.870435908842,5269.22854910714,9.29157285966805%
599.071115473594,5278.00555803571,9.24023689010564%
599.271781393849,5284.27949404762,9.28555949094025%
599.472433667319,5303.52389880952,9.30121757543674%
599.673072291715,5320.6228125,9.2485501365987%
599.873697264748,5313.17860863095,9.23356259324182%
600.07430858413,5365.84066220238,9.26503076189518%
600.274906247574,5358.9815922619,9.2532941450067%
600.475490252789,5367.33600446429,9.23532912316794%
600.676060597489,5364.21529017857,9.23281356647553%
600.876617279384,5385.96276785714,9.25491423769587%
601.077160296186,5368.44125744048,9.19826787897563%
601.277689645608,5348.18912202381,9.15984767627255%
601.478205325359,5352.48010416667,9.13333256517166%
601.678707333153,5364.67039434524,9.15998235077183%
601.8791956667,5383.5572172619,9.14340902247969%
602.079670323712,5345.1984375,9.07228327268482%
602.280131301901,5342.4678125,9.0764103432571%
602.480578598978,5350.56216517857,9.12657986578946%
602.681012212655,5315.48663690476,9.10934697926178%
602.881432140644,5294.16175595238,9.09487759767487%
603.081838380656,5312.23589285714,9.08686706939719%
603.282230930403,5337.5591889881,9.16207977175239%
603.482609787596,5325.59645089286,9.12512546002007%
603.682974949946,5292.86145833333,9.06741863917445%
603.883326415167,5265.58771577381,9.08971737192596%
604.083664180968,5248.55381696429,9.09864906239921%
604.283988245063,5240.71952380952,9.05170932548287%
604.484298605161,5216.43646577381,8.99251033142357%
604.684595258976,5227.94409970238,8.97328622277714%
604.884878204218,5245.85569940476,8.97912795273662%
605.085147438599,5242.2473735119,8.93882927928148%
605.285402959831,5258.85867559524,8.9174115520049%
605.485644765625,5269.03350446429,8.89528016861669%
605.685872853693,5281.93895833333,8.92244057822568%
605.886087221747,5255.25034970238,8.84780740868754%
606.086287867497,5245.95322172619,8.77890079240955%
606.286474788657,5235.55084077381,8.77507933508404%
606.486647982936,5233.95797619048,8.79182637564202%
606.686807448048,5243.19008928571,8.76207227895312%
606.886953181703,5269.03350446429,8.73746248312453%
607.087085181613,5283.14173363095,8.66129938213818%
607.287203445489,5263.66977678571,8.67790536688655%
607.487307971045,5282.23152529762,8.64467625162049%
607.687398755989,5300.37067708333,8.57017344049982%
607.887475798036,5294.16175595238,8.56396289101268%
608.087539094895,5300.50070684524,8.56792767226005%
608.287588644279,5332.09793898809,8.56214290482727%
608.4876244439,5293.93420386905,8.52976048167141%
608.687646491468,5283.59683779762,8.52050455747162%
608.887654784695,5264.57998511905,8.52332988476579%
609.087649321294,5208.43963541667,8.47455145826895%
609.287630098975,5203.2059375,8.41404890110784%
609.487597115451,5186.8221875,8.3809170864277%
609.687550368432,5188.70761904762,8.40691060016615%
609.887489855631,5194.26639136905,8.39179941108468%
610.087415574759,5211.43031994048,8.37642041067768%
610.287327523527,5206.19662202381,8.36149170534039%
610.487225699648,5225.92863839286,8.35583897397042%
610.687110100833,5221.99523809524,8.3615668720704%
610.886980724793,5183.18135416667,8.32055912078776%
611.08683756924,5193.32367559524,8.28807701802023%
611.286680631885,5192.51098958333,8.32801557494305%
611.486509910441,5243.15758184524,8.26697367480952%
611.686325402619,5176.19225446429,8.1994709913959%
611.886127106129,5164.22951636905,8.20733043795917%
612.085915018686,5209.77244047619,8.17980373535929%
612.285689137998,5260.77661458333,8.15454542505183%
612.485449461779,5222.51535714286,8.11127084950752%
612.68519598774,5231.38988839286,8.093533058287%
612.884928713592,5257.23330357143,8.10523789913323%
613.084647637046,5257.78593005952,8.10433660776366%
613.284352755816,5302.45115327381,8.06907602153482%
613.484044067612,5290.84599702381,8.06827763562712%
613.683721570145,5294.35680059524,8.0973101201813%
613.883385261128,5300.17563244048,8.07451809186856%
614.083035138272,5272.96690476191,8.04358327692087%
614.282671199288,5269.65114583333,8.03748251386775%
614.482293441889,5264.0923735119,8.05839151972684%
614.681901863785,5245.75817708333,8.03974939615962%
614.881496462689,5234.28305059524,7.97938037943456%
615.081077236311,5244.36035714286,7.97403577336441%
615.280644182365,5258.72864583333,8.00685874369068%
615.48019729856,5271.17899553571,8.02789344626296%
615.679736582609,5204.08363839286,8.04084309193714%
615.879262032223,5221.89771577381,8.03594652657134%
616.078773645115,5198.2973139881,8.04570783301628%
616.278271418995,5166.70008184524,8.06548286804064%
616.477755351575,5123.33515625,8.01036405504863%
616.677225440567,5116.24853422619,7.98517525604995%
616.876681683682,5117.87390625,8.00343381121073%
617.076124078632,5134.97281994048,7.98894286079509%
617.275552623128,5140.62911458333,7.93279167045703%
617.474967314883,5104.80591517857,7.95184567640231%
617.674368151607,5122.7825297619,7.98041186135171%
617.873755131013,5117.54883184524,7.95288994583842%
618.073128250811,5103.01800595238,7.88469312723418%
618.272487508714,5110.46220982143,7.84092572206704%
618.471832902434,5119.14169642857,7.85529879971721%
618.67116442968,5140.5315922619,7.84684452995768%
618.870482088167,5155.58253720238,7.8287085422115%
619.069785875604,5147.42316964286,7.8260580155285%
619.269075789703,5158.57322172619,7.850953672864%
619.468351828177,5168.03288690476,7.85100803769928%
619.667613988736,5132.50225446429,7.78551038363431%
619.866862269093,5152.13674851191,7.76705784494033%
620.066096666958,5145.99284226191,7.80440532255795%
620.265317180044,5163.25429315476,7.81236668383647%
620.464523806062,5152.65686755952,7.75277279502791%
620.663716542724,5169.04061755952,7.74400833622785%
620.86289538774,5182.8562797619,7.77344805091211%
621.062060338824,5179.47550595238,7.76843178185594%
621.261211393686,5138.15854910714,7.74275855978604%
621.460348550039,5126.29333333333,7.76079197677187%
621.659471805593,5132.14467261905,7.7606516507951%
621.85858115806,5131.29947916667,7.74435592851945%
622.057676605152,5120.99462053571,7.75335333318643%
622.25675814458,5115.17578869048,7.76469477064509%
622.455825774057,5135.68798363095,7.85192382982939%
622.654879491293,5119.40175595238,7.82460901325275%
622.853919294,5110.29967261905,7.81294934634103%
623.052945179891,5104.12325892857,7.83209507089294%
623.251957146675,5118.71909970238,7.84639441777136%
623.450955192066,5118.23148809524,7.83740776427829%
623.649939313774,5088.55219494048,7.79916289120879%
623.848909509512,5091.70541666667,7.8347098107533%
624.04786577699,5097.00412946429,7.86073223259152%
624.246808113921,5121.12465029762,7.83315342471334%
624.445736518015,5123.27014136905,7.79019962337577%
624.644650986986,5106.36627232143,7.82841730675254%
624.843551518543,5120.50700892857,7.90015810647923%
625.0424381104,5161.43387648809,7.87747368882171%
625.241310760266,5164.03447172619,7.84614325672201%
625.440169465855,5183.27887648809,7.82149381850943%
625.639014224877,5198.10226934524,7.8477376032412%
625.837845035045,5214.25846726191,7.86940377811394%
626.036661894069,5184.28660714286,7.84294105599219%
626.235464799662,5186.2695610119,7.8332040389885%
626.434253749534,5220.04479166667,7.86998450334875%
626.633028741398,5232.59266369048,7.85467252514856%
626.831789772966,5237.14370535714,7.84662713897617%
627.030536841948,5238.37898809524,7.79770186820918%
627.229269946056,5216.27392857143,7.78537595331214%
627.427989083003,5247.18850446429,7.80329519007285%
627.626694250499,5243.09256696429,7.79947034743394%
627.825385446256,5227.61902529762,7.82514680364689%
628.024062667986,5234.83567708333,7.81649188735065%
628.2227259134,5220.88998511905,7.79175505597251%
628.42137518021,5201.22298363095,7.75042853746731%
628.620010466128,5167.7078125,7.76288825773858%
628.818631768865,5234.51060267857,7.77062399399915%
629.017239086133,5183.92902529762,7.74675727493902%
629.215832415643,5159.32089285714,7.69511989351131%
629.414411755106,5145.14764880952,7.70753272721592%
629.612977102236,5149.95875,7.76942003734442%
629.811528454742,5131.59204613095,7.74036592240271%
630.010065810338,5136.46816220238,7.69618506924178%
630.208589166733,5146.61048363095,7.67004612318852%
630.407098521641,5206.48918898809,7.69750989497304%
630.605593872772,5178.27273065476,7.71023923385332%
630.804075217838,5133.31494047619,7.65826276403101%
631.00254255455,5127.82118303571,7.63822885082221%
631.200995880621,5113.32286458333,7.6907742480073%
631.399435193763,5131.29947916667,7.70976009411369%
631.597860491685,5094.5335639881,7.62741148672418%
631.796271772101,5072.85110119048,7.59421985462512%
631.994669032721,5085.43148065476,7.58182824933275%
632.193052271257,5107.7640922619,7.57572459937941%
632.391421485422,5097.84932291667,7.57834031143268%
632.589776672926,5090.17756696429,7.59825829849879%
632.788117831481,5126.42336309524,7.63614942475139%
632.986444958798,5091.34783482143,7.63555413226545%
633.18475805259,5112.51017857143,7.60010629519294%
633.383057110568,5098.66200892857,7.6305333171788%
633.581342130443,5137.47589285714,7.62072868007657%
633.779613109928,5096.06141369048,7.59800648977628%
633.977870046733,5126.94348214286,7.56936488865294%
634.17611293857,5117.02871279762,7.59252187896794%
634.374341783151,5131.23446428571,7.61964481391688%
634.572556578188,5111.73,7.58910074471106%
634.770757321391,5112.12008928571,7.53016625163197%
634.968944010473,5098.04436755952,7.52104376452062%
635.167116643146,5124.34288690476,7.56091442092972%
635.36527521712,5120.24694940476,7.55880854332606%
635.563419730108,5125.61067708333,7.52836159171693%
635.76155017982,5118.91414434524,7.53472668163481%
635.95966656397,5163.22178571429,7.56168112982814%
636.157768880267,5165.62733630952,7.54038942081695%
636.355857126425,5145.11514136905,7.50251279593004%
636.553931300154,5151.81167410714,7.47108582521511%
636.751991399166,5153.79462797619,7.4670211203932%
636.950037421172,5156.68779017857,7.4639113442242%
637.148069363885,5134.77777529762,7.38581777180545%
637.346087225015,5122.97757440476,7.36549551844732%
637.544091002275,5108.05665922619,7.36408378515234%
637.742080693376,5070.34802827381,7.34889696288415%
637.940056296029,5077.10957589286,7.33085552393928%
638.138017807947,5048.14544642857,7.30997765988017%
638.33596522684,5035.53255952381,7.28986946629617%
638.533898550421,5015.93057291667,7.28703619354072%
638.731817776401,4970.87526041667,7.22899749915095%
638.929722902491,4973.80093005952,7.20209764740016%
639.127613926404,4973.93095982143,7.1849194426536%
639.32549084585,4927.31529017857,7.15110053723127%
639.523353658542,4936.31985119048,7.08188823622846%
639.721202362191,4926.0475,7.01636179739247%
639.919036954508,4925.94997767857,7.02551690199727%
640.116857433205,4923.8695014881,6.99370782151243%
640.314663795995,4904.82014136905,6.96735786056339%
640.512456040587,4909.50121279762,6.91828261251514%
640.710234164694,4921.56147321429,6.94117121185732%
640.907998166028,4903.84491815476,6.9210760163309%
641.105748042301,4890.90695684524,6.83288629665785%
641.303483791222,4866.49386904762,6.84020386079467%
641.501205410505,4893.86513392857,6.85293873242255%
641.698912897862,4940.22074404762,6.85491813369445%
641.896606251002,4949.03026041667,6.80404886819646%
642.094285467639,4943.04889136905,6.75424675338642%
642.291950545484,4987.74662202381,6.75515277519727%
642.489601482248,5007.57616071429,6.75493964363342%
642.687238275643,5012.58230654762,6.70514784199492%
642.88486092338,5014.56526041667,6.71859531721243%
643.082469423171,5023.17973214286,6.75162656518537%
643.280063772728,5068.49510416667,6.74156441129298%
643.477643969763,5091.3803422619,6.70764247989548%
643.675210011986,5074.70402529762,6.73416735179709%
643.87276189711,5079.58014136905,6.76134315883106%
644.070299622846,5100.54744047619,6.75659525699209%
644.267823186906,5070.54307291667,6.71891279034136%
644.465332587,5051.59123511905,6.69694798594016%
644.662827820842,5037.93811011905,6.72616296332575%
644.860308886143,5029.32363839286,6.71166821483828%
645.057775780613,5040.57121279762,6.68764559488425%
645.255228501965,5019.83146577381,6.67618571010993%
645.45266704791,5025.00014880952,6.68348952371625%
645.650091416161,5020.18904761905,6.66029352157055%
645.847501604427,4971.03779761905,6.62465437682364%
646.044897610422,4960.89547619048,6.63051402876213%
646.242279431856,5002.92759672619,6.68435839967733%
646.439647066442,4975.7513764881,6.70855057749414%
646.637000511891,4953.93888392857,6.64257458544979%
646.834339765914,4980.59498511905,6.64104398932575%
647.031664826223,5023.63483630952,6.65850464183399%
647.228975690529,5035.66258928571,6.65857292980564%
647.426272356545,4998.24652529762,6.64956292412985%
647.623554821982,5000.22947916667,6.63408832745043%
647.820823084551,5001.98488095238,6.62819729668384%
648.018077141964,4994.73572172619,6.65741454482302%
648.215316991933,4961.87069940476,6.63264839974052%
648.412542632169,4957.61222470238,6.64483126521033%
648.609754060384,4975.32877976191,6.67618088372674%
648.80695127429,4977.40925595238,6.66713315860168%
649.004134271597,4956.89706101191,6.63232189031054%
649.201303050018,4940.70835565476,6.66228235379886%
649.398457607264,4985.43859375,6.71408462039569%
649.595597941047,5007.05604166667,6.7240267376839%
649.792724049079,4990.80232142857,6.7045802847163%
649.98983592907,4992.9478125,6.69611570072419%
650.186933578733,5039.10837797619,6.71862752975672%
650.384016995779,5050.94108630952,6.67852017270518%
650.58108617792,5026.13790922619,6.61357324965382%
650.778141122868,5021.74940476191,6.60284512838866%
650.975181828333,4972.43561755952,6.6164250621702%
651.172208292028,4941.35850446429,6.60871173867817%
651.369220511664,4906.64055803572,6.548565280314%
651.566218484953,4912.29685267857,6.53850406952349%
651.763202209607,4931.47624255952,6.62332428304768%
651.960171683336,4911.22410714286,6.60462282679857%
652.157126903853,4912.45938988095,6.53637660052648%
652.354067868869,4920.16365327381,6.54107455964211%
652.550994576095,4928.9081547619,6.53688288539538%
652.747907023245,4948.64017113095,6.53973660446426%
652.944805208028,4961.74066964286,6.51617107696038%
653.141689128157,4980.07486607143,6.49089864771682%
653.338558781342,5009.8841889881,6.48839511638238%
653.535414165297,4967.91708333333,6.46655049624971%
653.732255277732,4947.11232142857,6.45526459356246%
653.929082116359,4937.49011904762,6.46887527991491%
654.125894678889,4975.42630208333,6.51411064882015%
654.322692963035,4941.0659375,6.5046107597526%
654.519476966507,4885.70576636905,6.49519068345471%
654.716246687017,4868.34679315476,6.51943425433109%
654.913002122278,4896.62826636905,6.57145755946278%
655.10974327,4927.54284226191,6.55226445230003%
655.306470127895,4912.23183779762,6.5267447722308%
655.503182693675,4916.36028273809,6.53891443395398%
655.699880965051,4931.96385416667,6.54565431571875%
655.896564939735,4913.40210565476,6.50489402580899%
656.093234615439,4941.39101190476,6.46552962108054%
656.289889989874,4939.53808779762,6.47989508640564%
656.486531060751,4964.04869791667,6.47634783580545%
656.683157825783,4968.56723214286,6.47869303608393%
656.87977028268,4948.67267857143,6.4542800455653%
657.076368429156,4914.47485119048,6.47767722473605%
657.27295226292,4904.65760416667,6.50801550317452%
657.469521781685,4885.28316964286,6.47369984065991%
657.666076983162,4883.95036458333,6.44169003890347%
657.862617865063,4899.00130952381,6.39211247055064%
658.059144425099,4880.1795014881,6.38354008237799%
658.255656660983,4839.44767857143,6.34432660790587%
658.452154570425,4819.97572172619,6.32306073406722%
658.648638151138,4837.04212797619,6.27504262895637%
658.845107400832,4878.29406994048,6.30516112319342%
659.04156231722,4868.11924107143,6.28765309500166%
659.238002898013,4839.9027827381,6.26976699397248%
659.434429140922,4833.46630952381,6.26046557812116%
659.63084104366,4844.90892857143,6.27385435174083%
659.827238603938,4810.58107142857,6.26799507107865%
660.023621819467,4789.25619047619,6.21116799168178%
660.219990687959,4779.56897321429,6.20218053744117%
660.416345207126,4801.31645089286,6.24011926015424%
660.612685374679,4762.43755208333,6.23874296787567%
660.80901118833,4732.95330357143,6.19808873350788%
661.00532264579,4728.36975446429,6.13736098587316%
661.201619744771,4755.02585565476,6.12781791180591%
661.397902482985,4813.05163690476,6.11414980379799%
661.594170858143,4810.1259672619,6.12275523235136%
661.790424867957,4797.64311011905,6.10539672255069%
661.986664510139,4789.77630952381,6.13214265901604%
662.182889782399,4820.59336309524,6.12212767552573%
662.37910068245,4823.45401785714,6.09051018756632%
662.575297208003,4840.55293154762,6.10159383742169%
662.77147935677,4830.96323660714,6.13487834945305%
662.967647126463,4796.83042410714,6.09372355609739%
663.163800514792,4769.42665178571,6.0790492158458%
663.35993951947,4781.16183779762,6.04699020924977%
663.556064138208,4803.88453869048,6.06013418718828%
663.752174368718,4805.7699702381,6.06240241669773%
663.948270208712,4801.21892857143,6.04199297421783%
664.1443516559,4812.07641369048,6.03948757496575%
664.340418707995,4785.94043154762,6.07450182855055%
664.536471362708,4780.73924107143,6.06368001101181%
664.732509617751,4803.94955357143,6.02389259856333%
664.928533470835,4830.76819196428,6.01637934258255%
665.124542919672,4864.21834821429,6.07096928552203%
665.320537961974,4871.36998511905,6.06917825022888%
665.516518595452,4810.15847470238,6.05438156861278%
665.712484817818,4802.25916666667,6.03288543933242%
665.908436626782,4835.02666666667,6.04604230510501%
666.104374020059,4836.68454613095,6.06359526211561%
666.300296995357,4827.71249255952,6.02644437541814%
666.49620555039,4837.00962053571,6.04694056622356%
666.692099682868,4823.90912202381,6.04439446433871%
666.887979390504,4846.11170386905,6.06250447483353%
667.083844671008,4866.20130208333,6.07101468945429%
667.279695522094,4875.46592261905,6.05341131301569%
667.475531941471,4924.64968005952,6.08766524024651%
667.671353926852,4926.53511160714,6.06884948109767%
667.867161475948,4905.6978422619,6.03496251677742%
668.062954586471,4923.73947172619,6.00870939493642%
668.258733256133,4921.26890625,6.03040008556709%
668.454497482645,4962.22828125,6.07345157051544%
668.650247263719,4917.855625,6.03726752333674%
668.845982597066,4905.53530505952,6.04571162290954%
669.041703480397,4892.33728422619,6.04597881941302%
669.237409911426,4850.17513392857,6.02937903405297%
669.433101887862,4834.53905505952,6.01960187857519%
669.628779407418,4847.47701636905,5.999525307067%
669.824442467806,4857.03420386905,5.99438355514436%
670.020091066736,4859.40724702381,6.01851165356339%
670.215725201921,4858.10694940476,6.00300898991322%
670.411344871071,4868.21676339286,6.03284227998933%
670.6069500719,4890.19179315476,6.05130606553223%
670.802540802118,4902.93470982143,6.03586466009464%
670.998117059436,4885.9008110119,6.02800811906782%
671.193678841567,4887.72122767857,5.98015934663442%
671.389226146223,4891.36206101191,6.00089366827152%
671.584758971114,4850.1426264881,6.03451207952359%
671.780277313952,4838.56997767857,6.00659626704529%
671.975781172449,4842.95848214286,6.00012420780557%
672.171270544316,4832.00347470238,6.05031898669767%
672.366745427266,4854.59614583333,6.07010936374354%
672.562205819009,4830.99574404762,6.02455450935368%
672.757651717257,4837.69227678572,6.03009574304413%
672.953083119722,4851.93053571429,6.07336761708235%
673.148500024116,4834.86412946429,6.08969620268136%
673.343902428149,4845.26651041667,6.09279315100282%
673.539290329535,4857.26175595238,6.10619521283034%
673.734663725983,4846.30674851191,6.16345330538251%
673.930022615206,4830.44311755952,6.18128685179583%
674.125366994916,4816.26987351191,6.1668373324205%
674.320696862824,4809.70337053572,6.16000696696449%
674.516012216641,4828.20010416667,6.18393039721801%
674.71131305408,4816.2698735119,6.18993177208187%
674.906599372851,4817.76521577381,6.16180870714737%
675.101871170667,4802.55173363095,6.13791719301559%
675.297128445239,4814.96957589286,6.22494492863962%
675.492371194278,4850.56522321428,6.2658113013835%
675.687599415497,4853.62092261905,6.23168604908507%
675.882813106606,4844.81140625,6.2714701869538%
676.078012265318,4840.19534970238,6.31012381817967%
676.273196889344,4867.27404761905,6.35006572085675%
676.468366976395,4827.41992559524,6.33700860843783%
676.663522524184,4841.88573660714,6.31159720756866%
676.858663530421,4856.09148809524,6.32905413284563%
677.053789992819,4834.05144345238,6.33645384206485%
677.248901909089,4847.57453869048,6.36196631327328%
677.443999276942,4848.28970238095,6.33207528232347%
677.63908209409,4848.7773139881,6.36398678495423%
677.834150358245,4882.58505208333,6.35801621507492%
678.029204067119,4907.97336309524,6.35721180669329%
678.224243218422,4899.22886160714,6.35663538596916%
678.419267809867,4922.82926339286,6.39562010170152%
678.614277839165,4930.53352678571,6.4262667877526%
678.809273304028,4911.12658482143,6.41670715660227%
679.004254202168,4891.36206101191,6.44192522464793%
679.199220531295,4883.91785714286,6.45657663511378%
679.394172289121,4873.48296875,6.43976891594392%
679.589109473359,4830.57314732143,6.40986615204112%
679.78403208172,4825.82706101191,6.442899068144%
679.978940111915,4837.23717261905,6.46569496023965%
680.173833561656,4839.48018601191,6.48582919384056%
680.368712428654,4824.26670386905,6.4595814465432%
680.563576710622,4850.11011904762,6.45220368321787%
680.75842640527,4843.28355654762,6.50224513210177%
680.95326151031,4885.67325892857,6.53253062169829%
681.148082023455,4910.47643601191,6.51295792968077%
681.342887942415,4924.42212797619,6.49828918647868%
681.537679264902,4945.42193452381,6.5451843026462%
681.732455988627,4944.12163690476,6.56736848005334%
681.927218111303,4904.95017113095,6.59166476212944%
682.121965630641,4903.06473958333,6.6236667670096%
682.316698544353,4933.55671875,6.67755395619831%
682.511416850149,4937.84770089286,6.6957549394068%
682.706120545742,4893.41002976191,6.6575087660859%
682.900809628844,4896.23817708333,6.68078047285671%
683.095484097165,4962.35831101191,6.7236124797648%
683.290143948418,4988.16921875,6.78225868191535%
683.484789180314,4983.22808779762,6.81044201057858%
683.679419790564,4999.74186755952,6.81928153840497%
683.874035776881,4997.88894345238,6.85263323543297%
684.068637136976,5009.36406994048,6.87154904310617%
684.26322386856,5012.38726190476,6.87505420633835%
684.457795969345,5033.58211309524,6.90427680611048%
684.652353437043,5040.66873511905,6.98625428543729%
684.846896269365,5055.97973958333,7.040956187941%
685.041424464023,5037.54802083333,7.04394589060312%
685.235938018728,5034.39479910714,7.09817534647272%
685.430436931193,5057.70263392857,7.17553038443697%
685.624921199128,5062.4487202381,7.27135134500935%
685.819390820245,5073.6312797619,7.24947538715842%
686.013845792256,5090.21007440476,7.26528853804752%
686.208286112873,5103.37558779762,7.33550631752426%
686.402711779806,5089.75497023809,7.37982664669517%
686.597122790768,5089.59243303571,7.39241048006777%
686.791519143471,5101.03505208333,7.47526094121955%
686.985900835625,5129.60909226191,7.54867620926925%
687.180267864943,5101.42514136905,7.63171118693532%
687.374620229135,5141.05171130952,7.69495516975739%
687.568957925914,5161.4338764881,7.741153709376%
687.763280952992,5181.03586309524,7.84516608687125%
687.957589308079,5213.60831845238,7.944513210374%
688.151882988888,5203.79107142857,8.02533160320844%
688.346161993129,5246.44083333333,8.09646856158484%
688.540426318516,5275.0148735119,8.20631500156428%
688.734675962758,5276.86779761905,8.31738913728866%
688.928910923568,5304.14154017857,8.41744201504387%
689.123131198658,5323.9060639881,8.4866193847899%
689.317336785738,5380.46901041667,8.6540191073395%
689.511527682521,5384.46742559524,8.78087523530779%
689.705703886719,5406.67000744048,8.82745826145862%
689.899865396042,5424.67912946429,9.01849350846979%
690.094012208202,5477.76377976191,9.17817323683039%
690.288144320911,5516.25258928571,9.31975915393599%
690.482261731881,5551.39313244048,9.44208898935361%
690.676364438824,5597.48868303572,9.60817183916117%
690.870452439449,5683.95847470238,9.79497362233738%
691.064525731471,5720.10674851191,9.97406654935913%
691.258584312599,5745.95016369048,10.0921925865695%
691.452628180545,5762.8540327381,10.2452614952615%
691.646657333022,5817.17396577381,10.4605582630775%
691.840671767741,5869.31590029762,10.6566263209409%
692.034671482413,5880.4009375,10.8423370372267%
692.228656474749,5955.26557291667,11.0369169828653%
692.422626742463,6010.46320684524,11.2762132838368%
692.616582283264,6056.81881696429,11.4918649373162%
692.810523094865,6115.81982142857,11.6366437839524%
693.004449174978,6161.72032738095,11.8267507117667%
693.198360521313,6233.82183035714,12.1149214947114%
693.392257131583,6246.20716517857,12.3114327451996%
693.586139003499,6282.32293154762,12.4989200199741%
693.780006134773,6330.1413764881,12.7513316676802%
693.973858523116,6378.18737351191,12.9708400429612%
694.16769616624,6436.18064732143,13.2274845482553%
694.361519061856,6486.63219494048,13.4089078313341%
694.555327207677,6544.33290178571,13.657314599935%
694.749120601413,6575.8976264881,13.9201982448535%
694.942899240777,6595.56462797619,14.1407258590397%
695.136663123479,6640.55492559524,14.342317039921%
695.330412247232,6702.1890327381,14.6566559464792%
695.524146609747,6802.57200892857,14.9492777432263%
695.717866208735,6848.44000744048,15.2054734183906%
695.91157104191,6877.37162946429,15.4436305063791%
696.10526110698,6949.76569940476,15.679208153435%
696.29893640166,7002.29772321428,15.9717619812462%
696.492596923659,7061.91636904762,16.2455488829606%
696.68624267069,7098.48723958333,16.4805573724709%
696.879873640464,7134.50548363095,16.7842122290521%
697.073489830693,7178.61808035714,17.080628358534%
697.267091239089,7209.92274553571,17.3635025754231%
697.460677863362,7287.32296130952,17.5838038991704%
697.654249701225,7363.78046130952,17.8714844653089%
697.84780675039,7431.46095238095,18.1996769096422%
698.041349008567,7503.43242559524,18.4973448928232%
698.234876473469,7537.01261160714,18.7358803374719%
698.428389142807,7587.00905505952,19.0352436227406%
698.621887014292,7651.66635416667,19.3277496988734%
698.815370085636,7706.83148065476,19.6162534882691%
699.008838354552,7769.60334821429,19.8631290611398%
699.20229181875,7836.14607886905,20.1580653977117%
699.395730475942,7913.35125,20.458509732504%
699.589154323839,7963.93282738095,20.7145560786355%
699.782563360154,8035.25415178571,20.9772171968455%
699.975957582597,8127.44525297619,21.2693969757805%
700.169336988881,8212.80979166667,21.5898646498583%
700.362701576717,8276.29682291667,21.8904779960661%
700.556051343816,8307.53647321429,22.1474719142767%
700.749386287891,8381.29585565476,22.452621033475%
700.942706406653,8477.77793898809,22.7798844174083%
701.136011697812,8558.36388392857,23.0915034230728%
701.329302159082,8630.1403125,23.3748334703154%
701.522577788174,8695.77283482143,23.7185432969786%
701.715838582798,8787.37880208333,24.0279837370134%
701.909084540668,8876.12411458333,24.3224708994238%
702.102315659493,8940.94395089286,24.6163256640532%
702.295531936987,9019.64446428572,24.9364623168096%
702.48873337086,9109.82010416667,25.2969897122764%
702.681919958825,9193.2016889881,25.6421109536836%
702.875091698592,9248.46433779762,25.9240337132885%
703.068248587873,9316.50241071429,26.254089948418%
703.261390624381,9397.15337053571,26.6199712216527%
703.454517805826,9490.96984375,26.8939056212367%
703.64763012992,9526.27292410714,27.1997835742358%
703.840727594375,9594.8636235119,27.5015123297607%
704.033810196902,9654.64480654762,27.8582945127647%
704.226877935214,9725.90111607143,28.1909425889921%
704.41993080702,9801.74097470238,28.4228480844185%
704.612968810034,9856.84108630952,28.7617045756919%
704.805991941967,9996.07045386905,29.0494633635563%
704.99900020053,10098.8264732143,29.3687400375895%
705.191993583434,10162.6060714286,29.6488045676222%
705.384972088393,10238.8360193452,29.9433314448771%
705.577935713116,10300.2100669643,30.2441542368116%
705.770884455316,10377.8703422619,30.5630373899922%
705.963818312705,10431.1175297619,30.8227925350607%
706.156737282993,10513.4913839286,31.1246543665583%
706.349641363893,10582.9272767857,31.4611998003561%
706.542530553116,10634.7441369048,31.7587120500922%
706.735404848374,10684.6755654762,32.0637040658744%
706.928264247378,10777.2567559524,32.3750482921365%
707.12110874784,10831.8042410714,32.7092302297298%
707.313938347471,10894.576108631,33.0027641905307%
707.506753043984,10916.6161532738,33.302322525345%
707.699552835089,10994.4714732143,33.5942213381598%
707.892337718498,11053.2124181548,33.9568044554271%
708.085107691924,11142.5103571429,34.2520807673646%
708.277862753076,11197.2853943452,34.509004569483%
708.470602899668,11257.8792633929,34.815745218516%
708.663328129411,11325.4947395833,35.1501981069613%
708.856038440015,11316.1000892857,35.5038481655832%
709.048733829194,11355.239047619,35.8096251632942%
709.241414294658,11421.1966443452,36.1589114636558%
709.434079834119,11506.7562276786,36.5301391729884%
709.626730445289,11592.0557514881,36.8987121788687%
709.819366125879,11637.24109375,37.1927480372874%
710.011986873601,11699.427827381,37.5451512435514%
710.204592686166,11728.0018675595,37.8579599375721%
710.397183561287,11809.5305282738,38.1651753296245%
710.589759496673,11882.932328869,38.4777155826552%
710.782320490039,11953.7335342262,38.7963640571208%
710.974866539094,12058.5700297619,39.1571895699843%
711.16739764155,12144.3246577381,39.525809376452%
711.35991379512,12188.6648065476,39.8326897358869%
711.552414997514,12263.2043675595,40.1701624619864%
711.744901246444,12386.049985119,40.4867286582477%
711.937372539622,12434.9736830357,40.7961090220471%
712.12982887476,12481.2967857143,41.1106208084772%
712.322270249568,12537.4046279762,41.4348546467842%
712.514696661759,12604.4349702381,41.8231160897665%
712.707108109045,12700.9820684524,42.1438011323137%
712.899504589136,12762.5186532738,42.4424314192833%
713.091886099744,12827.5985491071,42.7451246754815%
713.284252638582,12895.4740848214,43.0477375401638%
713.47660420336,12921.1224553571,43.354841438143%
713.66894079179,12980.2534895833,43.627008908003%
713.861262401584,13044.0655952381,43.949122568358%
714.053569030454,13115.2893973214,44.3109146380182%
714.24586067611,13197.2406547619,44.6585161350861%
714.438137336265,13204.2297544643,44.9379674385804%
714.630399008631,13265.5387872024,45.2784562293972%
714.822645690917,13361.8908407738,45.625682245198%
715.014877380838,13402.9152306548,45.9315375132142%
715.207094076103,13471.9285267857,46.1990411668327%
715.399295774425,13550.5315178571,46.5112755525657%
715.591482473515,13605.6641369048,46.8408726884434%
715.783654171084,13616.5866369048,47.2271533808851%
715.975810864845,13715.7343303571,47.535076961886%
716.167952552509,13781.529389881,47.8403921473228%
716.360079231788,13880.9046354167,48.1953109897821%
716.552190900393,13942.4087127976,48.5419620948224%
716.744287556035,13965.9440997024,48.8187331721314%
716.936369196427,14044.4820758929,49.155290740156%
717.128435819279,14101.0125148809,49.4839726169611%
717.320487422305,14177.6000446429,49.8319285379386%
717.512524003214,14249.8640848214,50.1137820733249%
717.704545559719,14292.6763839286,50.384488277162%
717.896552089531,14345.6635119048,50.7095059560533%
718.088543590363,14386.1352752976,51.0033262905655%
718.280520059924,14456.7739434524,51.2503200347094%
718.472481495928,14559.9525595238,51.5611217556848%
718.664427896086,14639.9208630952,51.8858002656165%
718.856359258109,14647.2025297619,52.1414165016664%
719.048275579709,14682.6031324405,52.4200085832817%
719.240176858597,14734.7775744048,52.7212193229814%
719.432063092485,14798.1670833333,53.0216566830894%
719.623934279085,14861.4590699405,53.3091730495733%
719.815790416109,14908.7899032738,53.5681690644598%
720.007631501267,14940.8422395833,53.8722423748889%
720.199457532271,15000.4933928571,54.2028694692485%
720.391268506834,14986.5151934524,54.4213496849171%
720.583064422667,15037.5193675595,54.6442159398924%
720.77484527748,15126.0371279762,54.9116312856933%
720.966611068987,15181.2022544643,55.2088410647776%
721.158361794898,15208.8660863095,55.5054481481252%
721.350097452925,15255.9693675595,55.725971845658%
721.54181804078,15306.583452381,56.0208116868012%
721.733523556174,15346.4375744048,56.3570865628665%
721.925213996819,15410.4122172619,56.6438612308108%
722.116889360426,15455.8576190476,56.8723735336048%
722.308549644707,15500.8804241071,57.1449201996329%
722.500194847374,15581.0762797619,57.461994247274%
722.691824966138,15615.0140476191,57.7119601798869%
722.883439998712,15682.8245684524,57.947494404377%
723.075039942805,15741.0779017857,58.1921404713478%
723.266624796131,15773.5853422619,58.4826257410148%
723.4581945564,15806.0927827381,58.7579223666451%
723.649749221324,15851.4081547619,59.0277290660282%
723.841288788615,15910.1490997024,59.2248059597681%
724.032813255985,15955.1393973214,59.466743656169%
724.224322621144,15999.5445610119,59.6904004470571%
724.415816881806,16099.4724330357,60.024568718957%
724.60729603568,16116.83140625,60.2729074721015%
724.798760080479,16160.586421131,60.5670187883526%
724.990209013915,16178.8556026786,60.7765685079393%
725.181642833698,16247.836391369,60.9623380470198%
725.373061537542,16289.0233184524,61.2020855384374%
725.564465123156,16324.35890625,61.4292935794507%
725.755853588253,16358.1991517857,61.5965142735032%
725.947226930545,16387.8459375,61.7994160620686%
726.138585147742,16406.0175967262,62.0044410148192%
726.329928237558,16424.6118526786,62.2551044540796%
726.521256197702,16405.0423735119,62.4510501817516%
726.712569025887,16434.0390104167,62.6061074274014%
726.903866719824,16464.5634970238,62.8532606116593%
727.095149277226,16490.2118675595,63.1032133350235%
727.286416695803,16544.2717410714,63.2950492914307%
727.477668973267,16565.7591592262,63.451837883997%
727.66890610733,16566.8644122024,63.5643451136847%
727.860128095703,16579.2497470238,63.8551055587713%
728.051334936098,16592.5127827381,63.9892340309036%
728.242526626227,16591.9926636905,64.1000462291371%
728.433703163801,16584.3534151786,64.2491444434694%
728.624864546532,16649.30328125,64.5042566163491%
728.816010772131,16653.7568005952,64.6817904458863%
729.007141838309,16672.9361904762,64.8204897028757%
729.19825774278,16669.0678050595,64.9723364312476%
729.389358483254,16683.8261830357,65.1787087102478%
729.580444057442,16717.1138020833,65.370822505687%
729.771514463056,16765.8099479167,65.5850461889131%
729.962569697809,16770.6535565476,65.6948731007691%
730.153609759411,16838.4315699405,65.9740564747819%
730.344634645574,16869.6387127976,66.1719883363899%
730.53564435401,16911.44328125,66.3042374888621%
730.72663888243,16915.4091889881,66.5123601160041%
730.917618228546,16927.7295089286,66.6764672147434%
731.10858239007,16941.6101860119,66.8327963620668%
731.299531364712,16930.8177157738,66.9414519603131%
731.490465150186,16959.4567708333,67.1105639563608%
731.681383744201,17003.8294270833,67.3538917077332%
731.872287144471,17058.832016369,67.518349450125%
732.063175348706,17081.2296428571,67.7163997633306%
732.254048354618,17105.7727604167,67.9080004294484%
732.444906159919,17161.6530505952,68.1043998085483%
732.63574876232,17169.2922991071,68.2083835848626%
732.826576159533,17167.504389881,68.304713606934%
733.017388349269,17188.8292708333,68.4766115636336%
733.208185329241,17216.3305654762,68.675250507393%
733.398967097159,17259.4679389881,68.8537719008048%
733.589733650735,17262.0360267857,68.8957670414513%
733.780484987682,17259.7279985119,69.0604210633333%
733.971221105709,17308.684203869,69.277140063137%
734.16194200253,17330.9843080357,69.3285969777019%
734.352647675855,17345.9052232143,69.4017043485687%
734.543338123397,17353.5444717262,69.5487912142112%
734.734013342867,17400.4527083333,69.7023792874806%
734.924673331976,17437.5762053571,69.8402145830934%
735.115318088435,17437.3486532738,69.9026407722855%
735.305947609958,17449.1488541667,70.0133998988003%
735.496561894255,17477.3978199405,70.1851537117371%
735.687160939038,17502.558578869,70.3122290681679%
735.877744742018,17475.0572842262,70.3457978844761%
736.068313300907,17491.1484672619,70.4356981931724%
736.258866613416,17507.5972321429,70.6301860142798%
736.449404677258,17516.894360119,70.7159776928412%
736.639927490144,17518.389702381,70.7687111770393%
736.830435049785,17551.2222172619,70.9069649582474%
737.020927353893,17559.3165699405,71.0157390424021%
737.21140440018,17596.212514881,71.1117558314959%
737.401866186357,17563.4125074405,71.116830908132%
737.592312710136,17580.8364955357,71.2919534123077%
737.782743969228,17617.3423511905,71.3767646462734%
737.973159961345,17625.2741666667,71.5103722435869%
738.163560684199,17592.4741592262,71.6346593925636%
738.3539461355,17612.2711904762,71.7479925263028%
738.544316312962,17648.3219419643,71.9141628038817%
738.734671214295,17657.2939955357,71.9656802918442%
738.925010837211,17630.7029092262,72.0145817344589%
739.115335179422,17651.2151041667,72.1519346562123%
739.305644238638,17667.4363169643,72.2729301178158%
739.495938012573,17677.1885491071,72.3490947271976%
739.686216498937,17668.0214508929,72.4055707919955%
739.876479695442,17660.7397842262,72.5431865501513%
740.066727599799,17715.1897470238,72.7166800510338%
740.25696020972,17757.872016369,72.8091769321513%
740.447177522918,17740.0254315476,72.8762456979016%
740.637379537102,17750.0377232143,72.9713731247404%
740.827566249986,17785.0157291667,73.1258140403663%
741.01773765928,17806.1780729167,73.2595179257567%
741.207893762696,17772.1427827381,73.2714364472289%
741.398034557946,17773.2155282738,73.3800237952595%
741.588160042741,17763.5608184524,73.4622420179479%
741.778270214794,17771.8502157738,73.5343646969313%
741.968365071814,17738.5625967262,73.5463093248536%
742.158444611515,17771.525141369,73.6181854239305%
742.348508831608,17743.4712202381,73.6576088063034%
742.538557729804,17717.4652678571,73.7166132682705%
742.728591303814,17673.905297619,73.7368274248083%
742.918609551352,17672.6375074405,73.7936518477274%
743.108612470127,17699.0985639881,73.8982623380474%
743.298600057852,17703.5845907738,73.9746770686789%
743.488572312238,17680.0166964286,73.9487809665224%
743.678529230998,17673.5802232143,73.967996309238%
743.868470811841,17724.8769642857,74.0767022380748%
744.058397052481,17715.4823139881,74.1034847463196%
744.248307950629,17679.4640699405,74.0694285229604%
744.438203503996,17683.1049032738,74.1010548400257%
744.628083710293,17702.5118452381,74.2493625569835%
744.817948567234,17707.8430654762,74.2956329760345%
745.007798072528,17679.3990550595,74.2436313267316%
745.197632223888,17691.1667485119,74.3237843963228%
745.387451019025,17681.47953125,74.3845191442722%
745.577254455651,17681.7720982143,74.4559891232333%
745.767042531478,17652.9705059524,74.395118835977%
745.956815244216,17658.6593080357,74.4180543080218%
746.146572591578,17654.3358184524,74.4591161271367%
746.336314571276,17699.293608631,74.6078024486408%
746.52604118102,17688.8587202381,74.5383871196637%
746.715752418523,17705.2099627976,74.6614618061028%
746.905448281496,17740.8381175595,74.8062170057471%
747.09512876765,17707.0628869048,74.8264193333877%
747.284793874698,17697.180625,74.8403917853697%
747.47444360035,17689.053764881,74.904899957888%
747.664077942319,17690.8416741071,75.0551057071217%
747.853696898316,17638.1796205357,75.0549824282961%
748.043300466053,17591.2713839286,75.0600006288276%
748.23288864324,17554.570483631,75.0906205541748%
748.422461427591,17564.3227157738,75.1949873159766%
748.612018816816,17548.4915922619,75.2096705851867%
748.801560808627,17497.5199255952,75.1550846744799%
748.991087400736,17499.4053571429,75.205143047589%
749.180598590854,17505.4517410714,75.2981541832894%
749.370094376692,17525.3137872024,75.3919145540137%
749.559574755963,17523.1357886905,75.3751576902709%
749.749039726378,17516.4717633929,75.4933631124325%
749.938489285649,17535.3260788691,75.6433024416482%
750.127923431487,17537.5690922619,75.7067363971672%
750.317342161604,17486.1748288691,75.6587437113089%
750.50674547371,17473.1068377976,75.7591087746359%
750.69613336552,17459.2911755952,75.7459436107%
750.885505834742,17447.4584672619,75.7250274238909%
751.07486287909,17450.8717485119,75.6566646522039%
751.264204496274,17423.0128720238,75.7248768507871%
751.453530684007,17436.9585639881,75.8246930992403%
751.64284144,17426.913764881,75.7879284421996%
751.832136761964,17414.2683705357,75.8064860479515%
752.021416647612,17409.3272395833,75.8528426902886%
752.210681094654,17420.8673809524,75.9606742374526%
752.399930100803,17396.6168303571,75.9755627422844%
752.589163663769,17362.2239583333,75.8751192735304%
752.778381781266,17348.8308928571,75.8747681504442%
752.967584451003,17344.4748958333,75.9685548785075%
753.156771670693,17323.4750892857,75.984431947136%
753.345943438047,17298.5418824405,75.927059638817%
753.535099750777,17287.2943080357,75.9423096963838%
753.724240606595,17269.6102604167,76.0079230578254%
753.913366003212,17240.0609970238,75.9938953498836%
754.10247593834,17179.662172619,75.8977502163253%
754.29157040969,17154.2738616071,75.9236025237163%
754.480649414974,17145.3668229167,75.9654443093829%
754.669712951903,17125.9923883929,76.0074925734205%
754.85876101819,17073.1027827381,75.9847393454135%
755.047793611545,17064.1957440476,76.0820524342669%
755.23681072968,17102.8470907738,76.1720577515205%
755.425812370308,17110.3238020833,76.1774731650711%
755.614798531139,17086.5608630952,76.1272131480682%
755.803769209885,17097.9384672619,76.1506010202543%
755.992724404257,17083.9927752976,76.185349139201%
756.181664111968,17071.4774107143,76.183612333519%
756.370588330729,17050.6076339286,76.1655596452918%
756.559497058252,17039.2625372024,76.2512376079659%
756.748390292247,17065.8861309524,76.3818041173165%
756.937268030427,17060.26234375,76.4126265025026%
757.126130270504,17037.4746279762,76.3542699140129%
757.314977010188,17016.8974181548,76.38405692335%
757.503808247192,17050.7376636905,76.534819554317%
757.692623979226,17022.2286383929,76.492192989376%
757.881424204004,17007.080171131,76.4874998392587%
758.070208919236,16999.2133705357,76.5485823077446%
758.258978122633,17037.1495535714,76.6312901754851%
758.447731811908,17058.3444047619,76.6956473687119%
758.636469984772,17039.2950446429,76.6321199585587%
758.825192638937,17021.285922619,76.6490107780895%
759.013899772114,17011.8912723214,76.7421298257361%
759.202591382015,16957.1487425595,76.7055721776224%
759.391267466351,16926.7542857143,76.7381411678645%
759.579928022834,16942.3253497024,76.8010187956645%
759.768573049176,16940.5374404762,76.8738984047692%
759.957202543088,16952.8902678571,76.9467323804096%
760.145816502282,16946.4212872024,76.9754618501605%
760.334414924469,16919.1150372024,76.9585890315279%
760.522997807362,16932.9632068452,77.0074363684955%
760.711565148671,16897.2050223214,76.9977245849613%
760.900116946108,16880.3986755952,76.9277586762249%
761.088653197385,16869.9962946429,76.9322589712358%
761.277173900213,16883.6169122024,77.0450431503917%
761.465679052305,16811.8729910714,76.9392474643392%
761.654168651371,16815.3187797619,76.9748120548358%
761.842642695123,16783.7540550595,76.9521275292619%
762.031101181273,16797.5372098214,76.9495088252943%
762.219544107532,16813.075766369,76.9606880349305%
762.407971471613,16759.828578869,76.8976835290826%
762.596383271226,16764.6721875,76.9173521792483%
762.784779504083,16778.6503869048,76.9880943801986%
762.973160167896,16794.6765550595,76.9732274622426%
763.161525260376,16778.9104464286,76.9436065374475%
763.349874779235,16746.0779315476,76.8975736986884%
763.538208722185,16724.5580059524,76.9366495425208%
763.726527086937,16720.2020089286,76.9834036289308%
763.914829871203,16662.891391369,76.9072129513466%
764.103117072694,16649.1082366071,76.9051669757039%
764.291388689122,16669.847983631,77.0171046103333%
764.479644718198,16634.9675,77.0632925963586%
764.667885157635,16613.8376636905,77.0322593048293%
764.856110005144,16589.7171428571,77.0778984495781%
765.044319258436,16574.146078869,77.1921870357579%
765.232512915222,16575.2188244048,77.1785057318177%
765.420690973216,16572.2606473214,77.2370289269148%
765.608853430127,16573.6259598214,77.2453721190145%
765.797000283668,16601.7123883929,77.3272749134096%
765.985131531551,16570.9928571429,77.4322181456377%
766.173247171486,16504.8402157738,77.3504365047682%
766.361347201186,16483.4503199405,77.397483386096%
766.549431618362,16485.0106770833,77.5389713021954%
766.737500420726,16472.8854017857,77.5251814314314%
766.925553605989,16417.3626934524,77.4867817634372%
767.113591171863,16409.8534747024,77.5014168861451%
767.301613116059,16394.737514881,77.539207081328%
767.48961943629,16385.7004464286,77.6179869902447%
767.677610130266,16334.2411681548,77.4517272671797%
767.8655851957,16343.9608928571,77.4832570588397%
768.053544630302,16341.1652529762,77.5252839321919%
768.241488431785,16312.07109375,77.505314063105%
768.42941659786,16288.3081547619,77.4099096871198%
768.617329126239,16267.2758407738,77.4218401845928%
768.805226014633,16293.3468080357,77.5088585293849%
768.993107260754,16324.6839806548,77.506335348464%
769.180972862313,16261.489516369,77.4715583121715%
769.368822817023,16257.0359970238,77.3994756461925%
769.556657122594,16290.1285714286,77.5286541945436%
769.744475776738,16262.8223214286,77.581507903706%
769.932278777167,16265.9430357143,77.524673352779%
770.120066121593,16247.1862425595,77.5560448358687%
770.307837807727,16264.0576041667,77.5338433194489%
770.49559383328,16226.5115104167,77.4951115567812%
770.683334195965,16196.6046651786,77.4890939816461%
770.871058893492,16178.335483631,77.4680139283158%
771.058767923574,16189.4530282738,77.531528955492%
771.246461283922,16188.6403422619,77.5808549904698%
771.434138972248,16155.3527232143,77.5347555250432%
771.621800986262,16132.597514881,77.5961810752862%
771.809447323678,16125.6084151786,77.6495548107591%
771.997077982206,16101.5529092262,77.6380935367901%
772.184692959558,16069.110483631,77.6285848498344%
772.372292253446,16061.6662797619,77.6628902393094%
772.559875861581,16078.8952232143,77.7573877990445%
772.747443781675,16023.3400074405,77.7413487233613%
772.934996011439,15982.1530803571,77.7597419191289%
773.122532548585,15981.1128422619,77.7289123679558%
773.310053390825,15981.0153199405,77.852497737538%
773.49755853587,15896.8860639881,77.7723668448165%
773.685047981431,15849.977827381,77.7202413649091%
773.872521725221,15817.0477901786,77.7065469824451%
774.059979764952,15828.2953645833,77.8069393549239%
774.247422098333,15859.4374925595,77.9061425579554%
774.434848723079,15831.7411532738,77.8714905154661%
774.622259636898,15821.0462053571,77.8036981405708%
774.809654837504,15814.9348065476,77.8657053924246%
774.997034322608,15803.3946651786,77.8789648843092%
775.184398089922,15765.6210193452,77.802406388731%
775.371746137157,15738.4122916667,77.7863701264187%
775.559078462024,15729.8628348214,77.8228129200304%
775.746395062236,15692.3167410714,77.7587301322152%
775.933695935504,15672.5847247024,77.7149728147219%
776.12098107954,15655.0307068452,77.7153103032233%
776.308250492054,15649.5369494048,77.8006496449615%
776.49550417076,15604.6766815476,77.754620973062%
776.682742113367,15591.4136458333,77.7242322254943%
776.869964317589,15565.0176041667,77.6793312941851%
777.057170781136,15576.4277157738,77.7532909582477%
777.24436150172,15557.670922619,77.733543854909%
777.431536477054,15542.9775595238,77.6800518764007%
777.618695704847,15544.4403943452,77.6809668491922%
777.805839182812,15551.1694345238,77.793692632364%
777.992966908661,15510.4376116071,77.7555195273705%
778.180078880105,15421.4647470238,77.5829801697309%
778.367175094856,15416.5236160714,77.5920294324054%
778.554255550625,15429.0064732143,77.7553931068005%
778.741320245124,15423.6752529762,77.739952476633%
778.928369176064,15378.4899107143,77.6748461012312%
779.115402341158,15366.1370833333,77.6218718975728%
779.302419738116,15376.0193452381,77.6728064199625%
779.489421364651,15382.7158779762,77.7084025953134%
779.676407218473,15367.892485119,77.7032197051111%
779.863377297295,15340.3586830357,77.6886018044149%
780.050331598828,15346.4700818452,77.7357376639439%
780.237270120784,15325.4377678571,77.7118119174485%
780.424192860874,15318.9037723214,77.7080703998893%
780.61109981681,15308.0462872024,77.7331003466651%
780.797990986303,15303.7878125,77.8567587259732%
780.984866367065,15286.2337946429,77.9029795809347%
781.171725956809,15244.2341815476,77.8545492541992%
781.358569753244,15247.81,77.8578450284559%
781.545397754083,15227.8829389881,77.7844435475954%
781.732209957038,15201.9094940476,77.7751324195926%
781.91900635982,15177.0413020833,77.7547742124684%
782.10578696014,15165.273608631,77.8152864146349%
782.292551755711,15133.9689434524,77.8622834100623%
782.479300744244,15089.7263169643,77.8251134884048%
782.66603392345,15037.2593080357,77.7900489155474%
782.852751291041,15012.1310565476,77.8554407909702%
783.039452844728,15013.593891369,77.981200602891%
783.226138582224,14995.9423511905,78.0463894889527%
783.41280850124,14951.7972470238,78.0201625813796%
783.599462599487,14938.3066592262,78.0611369666779%
783.786100874678,14931.4475892857,78.179496851696%
783.972723324522,14905.1165625,78.1813712344686%
784.159329946733,14879.923296131,78.1421009835831%
784.345920739022,14866.8878125,78.1042819848027%
784.532495699101,14843.1573809524,78.1472257342984%
784.71905482468,14820.2071279762,78.0572681374237%
784.905598113472,14764.5868973214,77.9620767575808%
785.092125563188,14750.9987872024,77.9948416587997%
785.27863717154,14749.9910565476,78.0888882853767%
785.465132936239,14751.3238616071,78.2444003402325%
785.651612854998,14719.7266294643,78.0959435754342%
785.838076925527,14678.9948065476,78.0955608422528%
786.024525145538,14685.7888616071,78.2188934106849%
786.210957512743,14672.7533779762,78.2367781189712%
786.397374024853,14651.6560491071,78.2260298592207%
786.58377467958,14657.7999553571,78.2995427546223%
786.770159474636,14717.9712276786,78.3512879270202%
786.956528407732,14713.6477380952,78.3799647818431%
787.14288147658,14678.9297916667,78.3195369964721%
787.329218678891,14678.6372247024,78.3175525014657%
787.515540012378,14675.3214657738,78.383149030676%
787.70184547475,14629.0958854167,78.2954821823572%
787.888135063721,14597.1085639881,78.2803781683197%
788.074408777002,14565.088735119,78.3445634211364%
788.260666612304,14547.6972544643,78.445886890958%
788.446908567339,14544.1214360119,78.4387997449843%
788.633134639818,14495.8803943452,78.4548819633212%
788.819344827454,14483.5600744048,78.4415109123796%
789.005539127957,14486.7458035714,78.5008485053614%
789.19171753904,14466.9812797619,78.5216762903731%
789.377880058414,14421.5358779762,78.3946306824884%
789.56402668379,14404.6320089286,78.4840099345652%
789.75015741288,14404.9895907738,78.583664040751%
789.936272243396,14381.51921875,78.5370715328121%
790.12237117305,14379.2436979167,78.4870813624587%
790.308454199552,14357.7562797619,78.4682850728663%
790.494521320615,14349.7594494048,78.4912042495921%
790.68057253395,14278.9907514881,78.5066093159882%
790.866607837268,14229.0593229167,78.4898199904014%
791.052627228282,14230.0995610119,78.460354780747%
791.238630704703,14192.9760639881,78.4784408697359%
791.424618264243,14175.1619866071,78.4813187602504%
791.610589904612,14204.3861755952,78.5479513138873%
791.796545623523,14205.3613988095,78.5052694219953%
791.982485418688,14194.7964806548,78.5132639657661%
792.168409287817,14155.1699107143,78.5354409445791%
792.354317228623,14130.984375,78.5268928209608%
792.540209238817,14136.2830877976,78.5093953452576%
792.72608531611,14116.5510714286,78.5728208842802%
792.911945458215,14095.9413541667,78.5968918306982%
793.097789662843,14052.8364880952,78.5026495590498%
793.283617927705,14060.9308407738,78.5917971339384%
793.469430250513,14079.6551264881,78.6616922861732%
793.655226628979,14089.9274776786,78.5903928531848%
793.841007060814,14098.8670238095,78.574972662328%
794.02677154373,14094.9336235119,78.6178427094021%
794.212520075439,14105.2059747024,78.6513822031407%
794.398252653652,14110.3746577381,78.6899148791612%
794.58396927608,14095.8113244048,78.6035070135452%
794.769669940435,14095.7788169643,78.6416632733949%
794.955354644429,14095.3887276786,78.7243272424048%
795.141023385774,14132.4797172619,78.7184489402697%
795.326676162181,14119.5417559524,78.6723875005722%
795.512312971361,14118.5990401786,78.5414831607776%
795.697933811027,14135.1778348214,78.5932603955582%
795.88353867889,14164.7596056548,78.6325485197567%
796.06912757266,14169.6357217262,78.5234173549648%
796.254700490051,14172.2363169643,78.5150295164771%
796.440257428774,14205.1013392857,78.6590944565178%
796.625798386539,14257.27578125,78.7190598216771%
796.81132336106,14264.6874776786,78.6331978758346%
796.996832350047,14281.0712276786,78.6631337608916%
797.182325351212,14326.0940327381,78.7018989008884%
797.367802362267,14344.5582589286,78.7404533563737%
797.553263380922,14356.1309077381,78.7300713362379%
797.738708404891,14334.0258482143,78.7059453976517%
797.924137431884,14343.3879910714,78.7631779674188%
798.109550459613,14331.0351636905,78.8008949187545%
798.294947485789,14320.697797619,78.7232417362079%
798.480328508125,14337.081547619,78.7587243637926%
798.665693524332,14381.0641145833,78.7981172745308%
798.85104253212,14380.2514285714,78.7725107193902%
799.036375529203,14369.3289285714,78.7340608462458%
799.221692513292,14371.7019717262,78.6844516367011%
799.406993482097,14368.9388392857,78.8523551630681%
799.592278433332,14378.0734300595,78.8719422953816%
799.777547364706,14361.3320982143,78.8076603860633%
799.962800273933,14401.4137723214,78.7794268228653%
800.148037158723,14433.2060491071,78.8785491021024%
800.333258016788,14429.370171131,78.8077315793223%
800.518462845841,14403.4617410714,78.7486198012514%
800.703651643591,14392.0191220238,78.7325344327117%
800.888824407752,14404.664516369,78.7614107144977%
801.073981136033,14369.9465699405,78.7200254466214%
801.259121826149,14323.1358556548,78.6294429500404%
801.444246475808,14315.5291145833,78.5791625706999%
801.629355082724,14324.5011681548,78.6274616976832%
801.814447644609,14341.1124702381,78.6247026984644%
801.999524159172,14351.6448809524,78.5168627935371%
802.184584624127,14357.5937425595,78.4835267174121%
802.369629037184,14344.4932440476,78.4642797747737%
802.554657396056,14353.1727306548,78.4619622912159%
802.739669698454,14347.8740178571,78.4813977643566%
802.924665942089,14359.2191145833,78.4893946740443%
803.109646124673,14400.2109970238,78.6138190118408%
803.294610243918,14451.15015625,78.6207371979252%
803.479558297535,14424.2014880952,78.5862024696523%
803.664490283237,14440.6502529762,78.6367246766959%
803.849406198733,14408.4028720238,78.7261489102935%
804.034306041737,14407.0375595238,78.6936676585107%
804.21918980996,14390.9463764881,78.6157371385333%
804.404057501112,14381.8442931548,78.6532576258764%
804.588909112907,14410.938452381,78.7443743302774%
804.773744643055,14445.0387574405,78.8348913367074%
804.958564089268,14444.388608631,78.758536579556%
805.143367449258,14455.0510491071,78.7947965790295%
805.328154720736,14485.4129985119,78.9137844384687%
805.512925901414,14514.5396651786,78.9306266859999%
805.697680989003,14490.9717708333,78.7764163347753%
805.882419981216,14473.9703794643,78.7383439126344%
806.067142875763,14486.9733556548,78.833519276063%
806.251849670356,14481.3820758929,78.8782819073498%
806.436540362708,14440.4877157738,78.8603498716341%
806.621214950528,14441.2028794643,78.8316461409504%
806.80587343153,14453.0355877976,78.9123236223068%
806.990515803424,14470.882172619,78.9306703616991%
807.175142063923,14396.5701636905,78.8758095529641%
807.359752210737,14398.9106994048,78.8312048861743%
807.544346241579,14412.986421131,78.8090296976617%
807.72892415416,14469.7119047619,78.8596646664145%
807.913485946191,14441.7880133929,78.8153642333336%
808.098031615385,14435.4815699405,78.8623206644853%
808.282561159453,14416.4322098214,78.828479787354%
808.467074576106,14411.1009895833,78.8319417601443%
808.651571863056,14368.3537053571,78.7382706810201%
808.836053018014,14345.6960193452,78.7512721058392%
809.020518038693,14369.6214955357,78.8221676840543%
809.204966922804,14361.5921577381,78.7875221566263%
809.389399668058,14315.8541889881,78.7594436648148%
809.573816272167,14309.6452678571,78.8923843009269%
809.758216732842,14318.9749032738,78.9696195773723%
809.942601047796,14310.7180133929,78.9777211048022%
810.12696921474,14273.5620089286,78.8748810942938%
810.311321231384,14271.546547619,78.7675040368478%
810.495657095443,14294.886889881,78.8164942296206%
810.679976804625,14271.1564583333,78.835200555585%
810.864280356644,14205.7514880952,78.7391576197822%
811.04856774921,14213.0981696429,78.7518168165993%
811.232838980036,14196.2593154762,78.8258528956027%
811.417094046833,14178.2827008929,78.869834755739%
811.601332947312,14131.8620758929,78.800538626599%
811.785555679186,14127.4085565476,78.7339095344799%
811.969762240165,14090.1550297619,78.7651334071785%
812.153952627961,14096.8840699405,78.7621090893187%
812.338126840287,14051.8937723214,78.6869763751162%
812.522284874853,14016.8832589286,78.6802673061239%
812.706426729371,14032.3893080357,78.8118410875882%
812.890552401553,14012.137172619,78.760020700497%
813.074661889111,13974.6235863095,78.7649961607872%
813.258755189755,13971.307827381,78.738334925417%
813.442832301198,13950.9906770833,78.7006179353401%
813.62689322115,13987.7890997024,78.8577681601338%
813.810937947325,13940.458266369,78.8343203279859%
813.994966477433,13966.9518303571,78.8805784278186%
814.178978809186,13944.5216964286,78.9625445677393%
814.362974940295,13926.9676785714,79.0053812680386%
814.546954868473,13908.8935416667,78.9062190238294%
814.73091859143,13893.5175223214,78.907616611294%
814.914866106879,13921.3113839286,79.0352490802426%
815.09879741253,13920.6287276786,79.1034374618882%
815.282712506096,13878.7266369048,79.0879875444129%
815.466611385288,13841.538125,79.1026768317663%
815.650494047817,13817.5151264881,79.2236328735995%
815.834360491397,13841.9607217262,79.2409121075897%
816.018210713736,13828.6976860119,79.2014476240193%
816.202044712549,13829.3153273809,79.2303323347876%
816.385862485545,13846.0891666667,79.265699022276%
816.569664030437,13838.0923363095,79.2265368824053%
816.753449344937,13777.1083779762,79.1710637266535%
816.937218426755,13759.001733631,79.2002367720083%
817.120971273604,13733.3208556548,79.2704276951687%
817.304707883195,13727.6320535714,79.3377315402182%
817.488428253239,13673.3446279762,79.1481990414191%
817.672132381449,13663.2673214286,79.155557364704%
817.855820265535,13673.7997321429,79.2555768005099%
818.03949190321,13660.569203869,79.3039876822826%
818.223147292185,13614.7337127976,79.1620868587204%
818.406786430172,13586.3222098214,79.1760081078591%
818.590409314882,13575.6272619048,79.2348466207349%
818.774015944027,13539.2839434524,79.1835183487534%
818.957606315318,13518.4791815476,79.0979063960232%
819.141180426467,13495.2038541667,79.1060301766311%
819.324738275186,13511.6851264881,79.2107239546906%
819.508279859186,13497.0892857143,79.1413055833996%
819.691805176179,13460.7459672619,79.1120768017569%
819.875314223877,13436.72296875,79.1708397984442%
820.05880699999,13437.405625,79.2701413174899%
820.242283502231,13437.5031473214,79.3465018690713%
820.425743728311,13392.7404017857,79.2918351438932%
820.609187675942,13400.5421875,79.3569039406292%
820.792615342836,13417.8686532738,79.4473324643099%
820.976026726703,13391.0175074405,79.3735762202235%
821.159421825256,13370.4728050595,79.2944636269348%
821.342800636207,13348.7578348214,79.2951785202274%
821.526163157266,13335.072202381,79.3025260821075%
821.709509386145,13318.1033184524,79.3300009232271%
821.892839320557,13312.1219494048,79.2341741210047%
822.076152958212,13299.2490029762,79.2804167262217%
822.259450296822,13298.8589136905,79.32607513692%
822.442731334099,13286.3435491071,79.3570800141406%
822.625996067754,13254.0961681548,79.2611519216438%
822.809244495499,13227.895171131,79.3139573009327%
822.992476615046,13240.3780282738,79.3444985654234%
823.175692424106,13201.271577381,79.3266454193493%
823.358891920391,13187.3583928571,79.3264620642735%
823.542075101612,13174.3554166667,79.2733466557583%
823.725241965481,13191.4543303571,79.396144873628%
823.90839250971,13193.8273735119,79.44227332429%
824.091526732009,13135.0214136905,79.3844302783256%
824.274644630092,13119.0277529762,79.3652852541237%
824.457746201669,13133.1359821429,79.4259771321584%
824.640831444452,13075.5653050595,79.281139252853%
824.823900356152,13055.6707514881,79.3618944961975%
825.006952934482,13031.7777827381,79.3768073755887%
825.189989177152,13027.6168303571,79.5153002112724%
825.373009081875,13021.1803571429,79.5405673867245%
825.556012646361,12980.1884747024,79.4647255213179%
825.738999868323,12959.2536830357,79.4968770640291%
825.921970745472,12980.090952381,79.5531400966183%
826.10492527552,12990.5583482143,79.7194983335581%
826.287863456178,12984.5119642857,79.6307166577102%
826.470785285158,12953.337328869,79.6798348958994%
826.653690760172,12961.2041294643,79.7370255230172%
826.836579878931,12908.7371205357,79.7646889305151%
827.019452639146,12883.5763616071,79.7144776434274%
827.202309038529,12864.4619866071,79.7054660626941%
827.385149074793,12848.7283854167,79.8151641205529%
827.567972745648,12832.4746651786,79.7474288074019%
827.750780048806,12760.9257886905,79.6167481184088%
827.933570981979,12760.1131026786,79.563463740004%
828.116345542878,12780.3327306548,79.7321117810188%
828.299103729215,12739.1458035714,79.676529553513%
828.481845538702,12736.5127008929,79.7531713173685%
828.664570969049,12748.0853497024,79.6678753333239%
828.847280017969,12751.1410491071,79.7078876551865%
829.029972683174,12739.795952381,79.6290220391908%
829.212648962374,12728.1582886905,79.5727076957951%
829.395308853282,12699.3241889881,79.5453255861458%
829.577952353609,12684.7608556548,79.5788240845763%
829.760579461066,12643.6064360119,79.6385535297774%
829.943190173366,12586.6534002976,79.5094532447624%
830.12578448822,12562.4678645833,79.5710285351062%
830.308362403339,12565.9786681548,79.6541705663151%
830.490923916435,12527.0672619048,79.6323497707576%
830.673469025219,12534.2188988095,79.5248891590492%
830.855997727404,12525.6369345238,79.5475264548738%
831.038510020701,12558.3719270833,79.6882633342294%
831.221005902821,12546.3441741071,79.6715114007081%
831.403485371477,12493.1945089286,79.5904225090753%
831.585948424378,12488.5134375,79.5322163825895%
831.768395059239,12463.6127380952,79.5663625383798%
831.950825273768,12430.7802232143,79.4669868786905%
832.13323906568,12385.497358631,79.4379009359554%
832.315636432684,12375.0949776786,79.3297314364902%
832.498017372493,12330.0396651786,79.4323018655535%
832.680381882818,12302.4408482143,79.4559209637535%
832.862729961371,12265.6749330357,79.5097132284921%
833.045061605863,12242.139546131,79.5861621111046%
833.227376814007,12235.9631324405,79.7226302447345%
833.409675583512,12196.1415178571,79.7328365425975%
833.591957912092,12175.2067261905,79.6405550741325%
833.774223797458,12154.3044419643,79.6670262687862%
833.956473237321,12151.8338764881,79.7194143160575%
834.138706229394,12118.6437797619,79.7067995460813%
834.320922771387,12122.3496279762,79.6151196189374%
834.503122861012,12103.7553720238,79.6899317431631%
834.68530649598,12098.0015550595,79.725201072386%
834.867473674004,12057.4647767857,79.6991827768804%
835.049624392795,12048.9153199405,79.6986770969979%
835.231758650065,12026.4526785714,79.7207970696323%
835.413876443525,12017.7081770833,79.8400684817959%
835.595977770886,12012.084389881,79.8779088724383%
835.778062629861,11981.0722916667,79.9272744873819%
835.960131018161,11991.5721949405,79.9432031714088%
836.142182933497,11998.6913244048,80.0725661619246%
836.324218373582,12023.8845907738,80.1271356722725%
836.506237336126,12011.1416741071,80.10221974195%
836.688239818842,12016.3753720238,80.1228844873604%
836.87022581944,12002.8847842262,80.1664605551542%
837.052195335633,12004.8677380952,80.1265077964107%
837.234148365132,11998.431264881,80.1600781348379%
837.416084905649,11982.3400818452,80.1860903471407%
837.598004954895,11957.6669345238,80.224975143427%
837.779908510583,11908.93828125,80.1912733098881%
837.961795570422,11903.2494791667,80.1707785767419%
838.143666132126,11884.3951636905,80.2348750244791%
838.325520193406,11842.655610119,80.2470443794911%
838.507357751972,11829.8476785714,80.2874557388106%
838.689178805538,11790.221108631,80.2029440652624%
838.870983351814,11765.3854241071,80.1635357315231%
839.052771388512,11782.8744270833,80.2827077116381%
839.234542913344,11779.6561904762,80.3662114441863%
839.416297924021,11744.2555877976,80.3317154400008%
839.598036418256,11727.8393303571,80.2826156319994%
839.779758393758,11724.1334821429,80.3984976442632%
839.961463848241,11674.6896651786,80.410783055199%
840.143152779415,11659.9963020833,80.3518400299816%
840.324825184993,11647.415922619,80.4207428920819%
840.506481062685,11618.7768675595,80.44543557742%
840.688120410204,11636.5259300595,80.4620346126828%
840.869743225261,11578.7602083333,80.368219780782%
841.051349505568,11571.2184821429,80.2908960545943%
841.232939248836,11584.7090699405,80.3427380570696%
841.414512452777,11589.9102604167,80.3267209702701%
841.596069115102,11591.7306770833,80.3441772445223%
841.777609233523,11577.7524776786,80.3610071046869%
841.959132805752,11569.7556473214,80.4517496252649%
842.1406398295,11614.8434672619,80.508680246574%
842.322130302479,11576.7447470238,80.4781457984665%
842.503604222401,11556.2650595238,80.5313158373866%
842.685061586976,11600.0200744048,80.6657272197687%
842.866502393917,11555.1598065476,80.6476956730095%
843.047926640935,11527.0083630952,80.5669590910874%
843.229334325743,11525.6105431548,80.5419121926974%
843.41072544605,11525.28546875,80.6276786767501%
843.59209999957,11501.2949776786,80.5927423855452%
843.773457984013,11477.7270833333,80.5032625568974%
843.954799397091,11439.6283630952,80.4602013380855%
844.136124236516,11467.2271800595,80.5587689549366%
844.3174325,11452.0787127976,80.5572978219103%
844.498724185254,11415.5403497024,80.5031488189446%
844.679999289989,11435.8900074405,80.5251619365388%
844.861257811917,11435.5324255952,80.6697097946387%
845.04249974875,11377.8642261905,80.6912248896946%
845.2237250982,11364.2111011905,80.6649942287548%
845.404933857977,11351.4356770833,80.6021161935245%
845.586126025795,11340.7732366071,80.6361088255166%
845.767301599363,11323.21921875,80.5962400902968%
845.948460576394,11282.324858631,80.506117628903%
846.1296029546,11283.8527083333,80.4734999899226%
846.310728731691,11307.8757068452,80.6205125270553%
846.49183790538,11257.0015625,80.5673576965521%
846.672930473378,11266.9813467262,80.5110115487799%
846.854006433397,11256.9690550595,80.5395251231194%
847.035065783148,11245.8840178571,80.6958782128289%
847.216108520343,11263.7306026786,80.820320732014%
847.397134642694,11253.4257440476,80.7079103358997%
847.578144147912,11276.5710416667,80.6652430787703%
847.759137033709,11271.9874925595,80.7579108569397%
847.940113297796,11225.1442708333,80.7062649777473%
848.121072937885,11219.6180059524,80.6209181713408%
848.302015951687,11198.4881696429,80.6528856625567%
848.482942336915,11216.7573511905,80.7906474126894%
848.663852091279,11202.5515997024,80.7950627499655%
848.844745212492,11198.4556622024,80.6846775947231%
849.025621698264,11178.431078869,80.702980159938%
849.206481546309,11153.92046875,80.7679642846001%
849.387324754336,11138.90203125,80.7325144895075%
849.568151320058,11099.2104464286,80.7335936901754%
849.748961241186,11096.57734375,80.7894434002071%
849.929754515432,11065.5977529762,80.8258133937025%
850.110531140508,11028.5067633929,80.7441362816263%
850.291291114125,11010.5951636905,80.6800531532574%
850.472034433994,11001.7206324405,80.6762385111505%
850.652761097828,10999.2825744048,80.7422690575697%
850.833471103337,10961.9315252976,80.7126892243476%
851.014164448235,10933.9751264881,80.5057326730575%
851.194841130231,10934.7553050595,80.6596128666973%
851.375501147038,10898.0218973214,80.8452522844656%
851.556144496367,10884.4337872024,80.8082852972201%
851.73677117593,10868.3426041667,80.6967830934638%
851.917381183438,10857.1275372024,80.7072373696158%
852.097974516604,10854.7219866071,80.7464173609351%
852.278551173138,10795.8510119048,80.683687922968%
852.459111150753,10782.3929315476,80.7092681528206%
852.639654447159,10782.5879761905,80.7167014928588%
852.820181060069,10780.7025446429,80.7723594793826%
853.000690987194,10809.9917485119,80.8451729893614%
853.181184226245,10797.9965029762,80.7976120783736%
853.361660774935,10813.6325818452,80.7172827895536%
853.542120630975,10812.4298065476,80.7505378057525%
853.722563792076,10809.6016592262,80.7572787337544%
853.90299025595,10793.0228645833,80.694086375355%
854.083400020309,10783.2056175595,80.8022786958692%
854.263793082864,10784.538422619,80.9587901866806%
854.444169441326,10765.5215699405,80.9235510633325%
854.624529093409,10782.4579464286,80.9726288056206%
854.804872036822,10749.9830133929,80.9809274289588%
854.985198269278,10734.3794419643,80.9873437219213%
855.165507788488,10723.7495089286,80.9264815515298%
855.345800592164,10707.3007440476,80.9025463517022%
855.526076678017,10704.2775520833,80.926281577781%
855.706336043759,10688.9990550595,81.0195889828157%
855.886578687102,10664.2283854167,81.0455045749163%
856.066804605757,10667.6416666667,81.0051300339154%
856.247013797436,10642.5784300595,80.9762267941516%
856.42720625985,10614.4594940476,81.1017312387022%
856.607381990712,10588.7786160714,81.1369364323719%
856.787540987732,10553.8331175595,81.0510358767054%
856.967683248622,10551.7851488095,81.0962715219869%
857.147808771093,10514.5641294643,81.178452064528%
857.327917552859,10480.5938541667,81.1583671563792%
857.508009591629,10482.4792857143,81.0745593364125%
857.688084885116,10443.1777901786,81.0812649530008%
857.868143431031,10409.7276339286,81.0990758975912%
858.048185227085,10381.7387276786,81.0594613474666%
858.228210270991,10355.4727157738,80.9628975265017%
858.40821856046,10340.259233631,80.8563655026883%
858.588210093204,10360.8039360119,81.0441241719068%
858.768184866934,10339.9016517857,81.0699604258061%
858.948142879361,10334.0503125,81.0813408164835%
859.128084128198,10323.6479315476,81.129974415092%
859.308008611156,10294.6187872024,81.1846273154132%
859.487916325946,10267.4100595238,81.2386212974523%
859.667807270281,10261.1036160714,81.2304366690427%
859.847681441871,10213.1226339286,81.2032905203523%
860.027538838428,10195.1460193452,81.1350092711731%
860.207379457665,10218.2913169643,81.138823309413%
860.387203297292,10212.8625744048,80.9918290579614%
860.567010355021,10184.1910119048,81.0159643724317%
860.746800628564,10176.2591964286,81.1532759689071%
860.926574115632,10178.1771354167,81.2286448146664%
861.106330813937,10170.89546875,81.2318794907349%
861.286070721191,10172.0982440476,81.2816687976512%
861.465793835104,10174.7638541667,81.3743770016112%
861.645500153389,10185.4913095238,81.3845916025542%
861.825189673758,10182.3380877976,81.2993658916453%
862.004862393922,10181.1353125,81.3035952328843%
862.184518311592,10198.1367038691,81.4524618402795%
862.36415742448,10122.1668154762,81.3138032851075%
862.543779730298,10106.043125,81.2849005359761%
862.723385226757,10101.0369791667,81.1990315236638%
862.902973911569,10087.3188392857,81.219296482412%
863.082545782446,10086.1160639881,81.3027335797761%
863.262100837098,10102.4673065476,81.2245343422585%
863.441639073238,10076.8189360119,81.0460505017805%
863.621160488578,10102.6623511905,81.2393705325794%
863.800665080828,10113.487328869,81.3560287844746%
863.980152847701,10055.3640252976,81.2956219279194%
864.159623786908,10042.4585714286,81.3025562543733%
864.33907789616,10035.1769047619,81.4019189765458%
864.51851517317,10018.0779910714,81.317403169593%
864.697935615649,9986.57828125,81.1702727972947%
864.877339221308,9971.23476934524,81.1293209392862%
865.056725987859,9937.26449404762,81.2267081387606%
865.236095913014,9911.51860119048,81.2025898875007%
865.415448994484,9862.85496279762,81.0918293564715%
865.594785229981,9832.26546130952,81.0729751203218%
865.774104617216,9823.48845238095,81.1946635082553%
865.953407153901,9783.17922619048,81.1500796228261%
866.132692837748,9787.30767113095,81.050351695217%
866.311961666469,9773.94711309524,80.9510018719518%
866.491213637774,9774.4022172619,81.1812152790919%
866.670448749375,9747.06345982143,81.2530317665866%
866.849666998984,9725.64105654762,81.1747357034808%
867.028868384313,9686.98970982143,81.2102207326156%
867.208052903074,9656.82280505952,81.3230034744345%
867.387220552977,9657.34292410714,81.3597405802899%
867.566371331734,9629.06145089286,81.2650324957781%
867.745505237058,9644.95758928572,81.2032642469356%
867.924622266659,9633.80753720238,81.3969914641142%
868.103722418249,9615.8959375,81.3642098758015%
868.28280568954,9593.95341517857,81.3278222237499%
868.461872078243,9604.45331845238,81.3331092668718%
868.640921582071,9624.15282738095,81.4526723363064%
868.819954198734,9643.0721577381,81.4523877535122%
868.998969925944,9636.89574404762,81.4538599874331%
869.177968761413,9643.68979910714,81.4806775658334%
869.356950702852,9644.07988839286,81.6507607403116%
869.535915747973,9644.01487351191,81.7357637342971%
869.714863894488,9627.50109375,81.7180693805433%
869.893795140108,9617.16372767857,81.8242399000417%
870.072709482545,9603.12051339286,81.9529643365616%
870.25160691951,9586.24915178572,81.933157834497%
870.430487448715,9582.93339285714,81.7174673990671%
870.609351067871,9573.08363839286,81.7206627921356%
870.788197774691,9561.18591517857,81.7382302717146%
870.967027566885,9608.25668898809,81.9123128547017%
871.145840442166,9571.88086309524,81.7256768555082%
871.324636398245,9569.34528273809,81.8187469196922%
871.503415432833,9547.72783482143,81.9964095276702%
871.682177543643,9561.34845238095,82.0027274671991%
871.860922728385,9562.55122767857,81.9219213864793%
872.039650984771,9554.00177083333,81.891521458643%
872.218362310514,9541.84398809524,82.0693136987709%
872.397056703323,9517.52842261905,82.1420413574414%
872.575734160912,9481.05507440477,82.1299549883096%
872.754394680992,9493.92802083333,82.2092641925615%
872.933038261274,9458.26735863095,82.2837958858552%
873.11166489947,9448.38509672619,82.3117464118062%
873.290274593292,9403.62235119048,82.1912314693823%
873.46886734045,9386.78349702381,82.1818985702749%
873.647443138657,9376.57616071429,82.192367706614%
873.826001985625,9393.44752232143,82.2034127721781%
874.004543879064,9365.39360119048,82.0035396951528%
874.183068816687,9364.25584077381,82.1430829968109%
874.361576796205,9368.67685267857,82.3019538831108%
874.54006781533,9365.16604910714,82.3784675037597%
874.718541871772,9342.47585565476,82.2352855860837%
874.896998963245,9317.73769345238,82.2643323221468%
875.07543908746,9313.90181547619,82.1899849851893%
875.253862242127,9323.52401785714,82.1779800048945%
875.432268424959,9287.60329613095,82.0353496641465%
875.610657633667,9284.9376860119,82.1979440288672%
875.789029865963,9280.48416666667,82.2964678475392%
875.967385119559,9248.46433779762,82.2661601807317%
876.145723392165,9201.3935639881,82.0078897979265%
876.324044681495,9198.27284970238,81.873205273481%
876.502348985258,9172.59197172619,81.737630611279%
876.680636301168,9203.53905505952,81.8840579710145%
876.858906626934,9212.12101934524,81.8826584065959%
877.03715996027,9222.6859375,81.8804321597516%
877.215396298886,9213.48633184524,81.8795185110994%
877.393615640495,9235.65640625,82.1102026111899%
877.571817982808,9208.02508184524,82.0713477403812%
877.750003323535,9215.07919642857,82.2263716797999%
877.92817166039,9201.81616071429,82.3291759404407%
878.106322991084,9213.22627232143,82.2286557104565%
878.284457313328,9209.81299107143,82.0866438184249%
878.462574624833,9202.59633928572,82.0140831572559%
878.640674923312,9220.89802827381,82.1846934344935%
878.818758206476,9205.87959077381,82.2756281315145%
878.996824472037,9202.98642857143,82.1686923280931%
879.174873717706,9207.70000744048,82.3035801661812%
879.352905941194,9196.48494047619,82.1693745034111%
879.530921140214,9195.21715029762,82.1915246816739%
879.708919312477,9212.44609375,82.1615758338119%
879.886900455695,9242.93807291667,82.1827649144527%
880.064864567579,9226.6518452381,82.3214562284195%
880.24281164584,9276.35572172619,82.4773221193055%
880.420741688191,9271.51211309524,82.2349283233258%
880.598654692343,9274.11270833333,82.1055933659761%
880.776550656007,9294.85245535714,82.1737667957599%
880.954429576896,9313.31668154762,82.1835790927344%
881.13229145272,9294.2348139881,81.933131360775%
881.310136281192,9299.69606398809,81.9098210562576%
881.487964060023,9298.03818452381,81.9005959173323%
881.665774786924,9331.84592261905,81.8713582468052%
881.843568459607,9318.03026041667,81.8341026337225%
882.021345075784,9323.19894345238,81.8358995229374%
882.199104633167,9310.97614583333,81.9503388864255%
882.376847129466,9324.5317485119,81.8288071191978%
882.554572562394,9329.34284970238,81.5663177248331%
882.732280929662,9327.22986607143,81.7069711527638%
882.909972228982,9336.006875,81.6530606734292%
883.087646458065,9338.83502232143,81.745706633055%
883.265303614623,9341.92322916667,81.729834353619%
883.442943696368,9344.42630208334,81.7129338106975%
883.620566701011,9353.04077380952,81.8756017023115%
883.798172626263,9393.61005952381,81.9132396290172%
883.975761469837,9372.22016369048,81.8260623509385%
884.153333229443,9349.00985119048,81.8581727100521%
884.330887902795,9349.75752232143,82.0136874343245%
884.508425487602,9338.57496279762,82.0859253935814%
884.685945981577,9331.48834077381,82.1135472394788%
884.863449382431,9348.91232886905,82.2291633895867%
885.040935687876,9376.15356398809,82.3795471593027%
885.218404895624,9375.0483110119,82.4253320448569%
885.395857003386,9383.20767857143,82.4196325416841%
885.573292008873,9412.00927083333,82.2564576639322%
885.750709909798,9409.89628720238,82.3409600717811%
885.928110703872,9389.57913690476,82.2734114611332%
886.105494388806,9371.92759672619,82.2949040501209%
886.282860962312,9383.17517113096,82.4029833352757%
886.460210422102,9386.32839285714,82.4155477348636%
886.637542765887,9372.77279017857,82.4039064599946%
886.814857991378,9393.31749255952,82.292930332914%
886.992156096289,9395.78805803571,82.2339273407502%
887.169437078329,9404.04494791667,82.2085121042247%
887.346700935212,9401.73691964286,82.1868085201493%
887.523947664647,9396.27566964286,82.0517290705575%
887.701177264347,9377.25881696429,81.9782320338355%
887.878389732024,9422.18409970238,82.0677264662373%
888.055585065389,9407.75079613095,81.9777846206025%
888.232763262153,9406.28796130953,81.7747738509757%
888.409924320028,9416.20273065476,81.7904233790085%
888.587068236727,9438.79540178571,81.7369110297458%
888.76419500996,9422.31412946429,81.7089030419098%
888.941304637439,9415.29252232143,81.5029853269622%
889.118397116875,9374.39816220238,81.52260111023%
889.295472445981,9344.94642113095,81.6977155562289%
889.472530622467,9338.31490327381,81.6304158924107%
889.649571644046,9352.22808779762,81.6734044402448%
889.826595508429,9376.05604166666,81.5401463753405%
890.003602213328,9382.26496279762,81.645318660756%
890.180591756454,9397.93354910714,81.6711806421724%
890.357564135518,9407.97834821429,81.5669700910273%
890.534519348233,9401.70441220238,81.6699930502344%
890.71145739231,9367.01897321429,81.62598800581%
890.88837826546,9398.81125,81.7846535315787%
891.065281965396,9361.59023065476,81.6662132207003%
891.242168489829,9355.34880208333,81.6395446353692%
891.41903783647,9419.58350446429,81.807229453262%
891.595890003031,9381.8748735119,81.7120587868086%
891.772724987223,9387.3361235119,81.6712179624474%
891.949542786759,9380.34702380952,81.7428145396752%
892.126343399349,9390.84692708333,81.7402983343076%
892.303126822706,9415.74762648809,81.7901606291345%
892.479893054541,9407.71828869048,81.5891127089764%
892.656642092565,9410.90401785714,81.7310994073288%
892.83337393449,9453.09867559524,81.7105257300074%
893.010088578028,9443.57399553571,81.7359750667854%
893.186786020891,9442.01363839286,81.7725953759545%
893.36346626079,9470.42514136905,81.8202863451813%
893.540129295436,9462.36329613095,82.0332286947526%
893.716775122541,9476.86161458333,82.0583178169572%
893.893403739817,9443.89906994048,81.8313817538828%
894.070015144975,9456.80452380952,81.8643380271644%
894.246609335727,9446.49966517857,81.8669934276485%
894.423186309785,9472.44060267857,81.9145285432237%
894.59974606486,9446.40214285714,81.7471176258239%
894.776288598663,9495.39085565476,81.6738430816685%
894.952813908907,9512.97738095238,81.7763298630918%
895.129321993303,9480.86002976191,81.6941084179466%
895.305812849562,9505.27311755952,81.7462054059847%
895.482286475397,9495.39085565476,81.7728420441088%
895.658742868518,9506.28084821429,81.915578608478%
895.835182026638,9514.89531994048,81.9204361331674%
896.011603947467,9464.11869791667,81.8844739438515%
896.188008628718,9461.29055059524,81.9290794152509%
896.364396068102,9439.18549107143,81.871431782423%
896.54076626333,9419.55099702381,81.9398038491674%
896.717119212115,9414.3823139881,81.9211333694279%
896.893454912168,9426.99520089286,81.9627210307016%
897.0697733612,9418.05565476191,81.9217313481409%
897.246074556924,9428.36051339286,81.8578449324309%
897.42235849705,9405.34524553571,81.7979453607406%
897.59862517929,9402.12700892857,81.8870579690408%
897.774874601356,9391.10698660714,82.0240909090909%
897.95110676096,9374.69072916666,81.9164619164619%
898.127321655813,9371.92759672619,81.8222400378988%
898.303519283626,9369.03443452381,81.8218311368996%
898.479699642112,9352.94325148809,82.1635635379325%
898.655862728981,9318.48536458333,82.1058798758662%
898.832008541946,9295.43758928571,82.0188319077861%
899.008137078718,9280.54918154762,81.9306100893206%
899.184248337009,9276.81082589286,82.0231493200175%
899.36034231453,9264.91310267857,81.9047180455456%
899.536419008992,9221.71071428571,81.8515783644084%
899.712478418109,9254.86830357143,81.9399073510142%
899.88852053959,9261.14223958333,82.0239293198792%
900.064545371148,9303.07683779762,82.1566787036994%
900.240552910494,9312.11390625,82.0713107614759%
900.41654315534,9303.66197172619,82.11357227664%
900.592516103397,9314.19438244048,82.2056453298528%
900.768471752377,9305.77495535714,82.3819952471926%
900.944410099992,9266.24590773809,82.24217087828%
901.120331143953,9258.1840625,82.1290982362583%
901.296234881972,9274.86037946429,82.1827612794691%
901.472121311761,9267.44868303571,82.1908583293583%
901.64799043103,9276.64828869048,82.2484790776433%
901.823842237492,9254.6407514881,82.4656426459042%
901.999676728858,9244.66096726191,82.5734248613426%
902.17549390284,9240.79258184524,82.5106992703758%
902.351293757149,9227.78960565476,82.6607257728838%
902.527076289498,9223.59614583333,82.5610990736974%
902.702841497597,9209.94302083333,82.6638888231255%
902.878589379158,9181.04390625,82.5234304332795%
903.054319931893,9164.79018601191,82.5372318947293%
903.230033153513,9177.14301339286,82.4110953734422%
903.40572904173,9117.81693452381,82.3294647199626%
903.581407594256,9084.36677827381,82.3674641148325%
903.757068808802,9029.29917410714,82.2791181503976%
903.932712683079,8996.56418154762,82.4569831006754%
904.1083392148,8993.54098958333,82.4560812760963%
904.283948401676,8984.86150297619,82.4652861424016%
904.459540241419,8971.4684375,82.2721284737469%
904.63511473174,8964.25178571429,82.3807358972375%
904.81067187035,8978.16497023809,82.6773371077352%
904.986211654962,8954.82462797619,82.6937462960624%
905.161734083287,8940.81392113095,82.5912035458575%
905.337239153036,8932.81709077381,82.4818372421864%
905.512726861921,8971.37091517857,82.5033568516394%
905.688197207654,8926.18557291667,82.421339960083%
905.863650187947,8879.27733630952,82.3120145916686%
906.03908580051,8875.57148809524,82.0536585605069%
906.214504043056,8861.98337797619,82.2743346727589%
906.389904913296,8858.0174702381,82.3346042487706%
906.565288408942,8873.13343005952,82.5353004620972%
906.740654527705,8866.20934523809,82.3893765874961%
906.916003267297,8859.15523065476,82.5910288404769%
907.091334625429,8856.71717261905,82.6622863476191%
907.266648599814,8850.37822172619,82.5959773345738%
907.441945188162,8867.7046875,82.4931137023626%
907.617224388186,8848.75284970238,82.4232141520497%
907.792486197596,8860.58555803571,82.4932135518994%
907.967730614105,8835.32727678571,82.4175824175824%
908.142957635424,8801.29198660714,82.4721220360068%
908.318167259265,8880.57763392857,82.3921251212853%
908.493359483339,8846.37980654762,82.3476666398002%
908.668534305358,8820.95898809524,82.1907220400802%
908.843691723033,8788.5165625,82.1736644793758%
909.018831734076,8788.02895089285,82.3929655074434%
909.1939543362,8725.02953125,82.3246238308255%
909.369059527114,8745.05411458333,82.3656253823254%
909.544147304531,8759.25986607143,82.3573266881817%
909.719217666163,8763.25828125,82.6238899735079%
909.89427060972,8744.07889136905,82.6456435460322%
910.069306132916,8744.9565922619,82.5977879548112%
910.24432423346,8705.81763392857,82.4121277859559%
910.419324909066,8702.76193452381,82.6670809705068%
910.594308157444,8671.26222470238,82.5936988649645%
910.769273976306,8643.27331845238,82.44062644758%
910.944222363363,8613.95160714286,82.4197969145632%
911.119153316328,8587.13296875,82.6808760470944%
911.294066832912,8570.09906994048,82.5831836185793%
911.468962910826,8535.44613839286,82.5623038193348%
911.643841547782,8520.13513392857,82.4872640412624%
911.818702741492,8514.93394345238,82.4924195839783%
911.993546489667,8436.75354910714,82.6707457628919%
912.168372790018,8405.54640625,82.6425229411577%
912.343181640258,8399.53252976191,82.6130814186214%
912.517973038099,8399.36999255952,82.7672868349981%
912.69274698125,8355.94005208334,82.6853586903413%
912.867503467425,8355.67999255952,82.6549349243701%
913.042242494335,8349.11348958333,82.6225811498271%
913.216964059691,8367.74025297619,82.755711775044%
913.391668161205,8324.96046130952,82.7261395046339%
913.566354796589,8332.04708333333,82.6142875748892%
913.741023963554,8302.30277529762,82.7369636622127%
913.915675659812,8310.88473958333,82.9089539858552%
914.090309883074,8293.39573660714,82.83855648444%
914.264926631052,8276.75192708333,82.866657157591%
914.439525901458,8256.66232886905,82.8628000990018%
914.614107692003,8272.4284375,83.0533626819809%
914.788672000398,8307.53647321429,83.1162152896812%
914.963218824356,8309.74697916667,83.1289926903587%
915.137748161588,8295.18364583333,83.0888495338657%
915.312260009805,8293.68830357143,83.2875212299991%
915.48675436672,8309.58444196429,83.3943669858335%
915.661231230043,8271.25816964286,83.2728518784828%
915.835690597487,8260.10811755952,83.2725225225225%
916.010132466763,8259.26292410714,83.6122670526506%
916.184556835582,8268.10494791667,83.6093052755567%
916.358963701656,8267.48730654762,83.7164108712575%
916.533353062697,8257.86510416667,83.8462195642888%
916.707724916417,8215.83298363095,83.9317137829376%
916.882079260526,8195.02822172619,83.9870873780841%
917.056416092737,8197.72633928571,83.90223709402%
917.230735410761,8181.31008184524,84.108708323955%
917.40503721231,8162.68331845238,84.0773060842108%
917.579321495095,8178.05933779762,84.1236048912917%
917.753588256828,8152.54099702381,84.1528432570863%
917.92783749522,8151.95586309524,84.1512141344735%
918.102069207984,8132.87399553571,84.2732401619964%
918.27628339283,8129.65575892857,84.2400521087007%
918.450480047471,8071.95505208333,83.9516987166297%
918.624659169617,8069.02938244048,83.9697171126549%
918.798820756981,8085.05555059524,84.0696070455912%
918.972964807274,8036.71698660714,84.009870596014%
919.147091318208,8019.32550595238,83.809568930291%
919.321200287494,8032.84860119048,83.8504115641814%
919.495291712844,8019.13046130953,83.7829950447875%
919.669365591969,8000.43868303571,83.6884472524454%
919.843421922582,7973.32747767857,83.6631972532312%
920.017460702393,7940.13738095238,83.4776603411002%
920.191481929115,7943.35561755952,83.5009127000862%
920.365485600458,7941.92529017857,83.5403820486651%
920.539471714134,7907.40238839286,83.2940051792154%
920.713440267856,7884.25709077381,83.3732848655505%
920.887391259335,7885.55738839286,83.4275777364318%
921.061324686282,7869.92130952381,83.4181512338719%
921.235240546408,7818.94964285714,83.2610157061663%
921.409138837426,7818.78710565476,83.1656138289017%
921.583019557047,7831.79008184524,83.3395830900027%
921.756882702983,7843.98037202381,83.555654364903%
921.930728272945,7816.73913690476,83.4676945350154%
922.104556264645,7781.11098214286,83.6844948676391%
922.278366675794,7798.24240327381,83.9101101176001%
922.452159504104,7760.72881696429,83.857765094623%
922.625934747287,7775.94229910714,83.7894155452902%
922.799692403054,7735.76310267857,83.9460360388691%
922.973432469117,7723.41027529762,84.1619918058619%
923.147154943188,7749.31870535714,84.3339759188447%
923.320859822977,7740.28163690476,84.3408178664959%
923.494547106197,7735.11295386905,84.2421201072249%
923.668216790559,7776.39740327381,84.5823428567787%
923.841868873775,7759.6235639881,84.5703997854873%
924.015503353557,7759.39601190476,84.4904281261401%
924.189120227615,7745.9704389881,84.6443463567266%
924.362719493662,7709.62712053572,84.613650126915%
924.536301149409,7657.16011160714,84.5138660103486%
924.709865192568,7655.37220238095,84.5130850691519%
924.883411620851,7652.47904017857,84.5478740668614%
925.056940431968,7644.05961309524,84.5716444450234%
925.230451623632,7598.38665922619,84.6116710702286%
925.403945193554,7590.97496279762,84.3162356875527%
925.577421139446,7557.55731398809,84.3128387633785%
925.750879459019,7595.46098958333,84.4923824533753%
925.924320149985,7533.43679315476,84.3261012491781%
926.097743210056,7527.32539434524,84.1560855978798%
926.271148636943,7507.49585565476,84.2721839445625%
926.444536428358,7537.40270089286,84.4263547861913%
926.617906582012,7500.05165178572,84.286713519635%
926.791259095617,7467.54421130952,84.1439610684778%
926.964593966884,7439.94539434524,84.0463851953026%
927.137911193526,7432.27363839286,84.212576740687%
927.311210773253,7390.56659226191,84.3258074737247%
927.484492703778,7375.93824404762,84.1153599080367%
927.657756982812,7356.10870535714,84.1845865986929%
927.831003608066,7336.79928571429,84.1858002145311%
928.004232577253,7363.58541666667,84.3560056902103%
928.177443888083,7361.79750744048,84.2626979792463%
928.350637538268,7348.37193452381,84.2425361902416%
928.523813525521,7344.47104166667,84.2531631665305%
928.696971847552,7315.31186755952,84.3298642440438%
928.870112502073,7299.38322172619,84.1762581732064%
929.043235486795,7286.93287202381,84.2114370353964%
929.216340799431,7313.4264360119,84.4351278562901%
929.389428437692,7299.02563988095,84.3217004324904%
929.56249839929,7308.48530505952,84.3056547244039%
929.735550681935,7295.48232886905,84.44958631328%
929.90858528334,7284.68985863095,84.4552013882546%
930.081602201217,7246.07101934524,84.3806812576631%
930.254601433276,7254.00283482143,84.3207300251123%
930.42758297723,7240.21968005952,84.4846149487165%
930.60054683079,7247.46883928572,84.7146182926222%
930.773492991668,7233.36061011905,84.7949580912774%
930.946421457575,7213.01095238095,84.4183984324719%
931.119332226223,7201.69836309524,84.5077998924153%
931.292225295323,7203.87636160714,84.738101760406%
931.465100662587,7183.65673363095,84.76999855345%
931.637958325727,7170.91381696429,84.7287637432418%
931.810798282454,7155.6028125,84.8310924002506%
931.98362053048,7179.6258110119,85.0478915287971%
932.156425067517,7146.50072916667,85.1079617670612%
932.329211891276,7142.72986607143,85.1706346281418%
932.501980999468,7150.85672619048,85.1512190789181%
932.674732389806,7132.71757440476,85.3088480801336%
932.84746606,7112.14036458333,85.2287786066318%
933.020182007763,7064.32191964286,85.029747907942%
933.192880230806,7016.69851934524,84.9798439872258%
933.36556072684,7020.40436755952,85.0600763994686%
933.538223493578,6990.92011904762,84.9519086263902%
933.71086852873,6984.15857142857,84.7872276302704%
933.883495830009,6939.85093005952,84.7825429927161%
934.056105395126,6937.38036458333,84.8070617523833%
934.228697221793,6926.91296875,84.7779933797512%
934.401271307721,6916.51058779762,84.6544405081847%
934.573827650622,6929.54607142857,84.6733128834356%
934.746366248207,6915.01524553571,84.8387022212634%
934.918887098188,6881.175,84.6094461685735%
935.091390198276,6879.84219494048,84.6022062186529%
935.263875546184,6865.66895089286,84.6312973418568%
935.436343139623,6877.46915178572,84.7657408708414%
935.608792976304,6826.23742559524,84.6376607418191%
935.781225053939,6825.26220238095,84.6039145516473%
935.95363937024,6807.05803571429,84.7141990243441%
936.126035922917,6789.60154017857,84.7086880300709%
936.298414709684,6785.21303571429,84.7984970511764%
936.470775728251,6769.25188244048,84.8278221571561%
936.64311897633,6765.54603422619,85.0139742873114%
936.815444451632,6795.90798363095,85.3234110118522%
936.98775215187,6761.84018601191,85.3028694589205%
937.160042074754,6771.20232886905,85.4319310333673%
937.332314217997,6738.79241071429,85.4257088386809%
937.50456857931,6754.81857886905,85.7166111848156%
937.676805156404,6751.76287946429,85.6627577708685%
937.849023946992,6738.20727678571,85.6552480400661%
938.021224948784,6697.63799107143,85.7772850455777%
938.193408159492,6679.72639136905,85.8953258722844%
938.365573576829,6666.07326636905,85.9429194331583%
938.537721198505,6682.3920014881,86.1603997977805%
938.709851022232,6694.45226190476,86.141970435982%
938.881963045722,6706.9676264881,86.3025574338968%
939.054057266687,6660.77455357143,86.1723564184246%
939.226133682837,6662.00983630952,85.8774949535559%
939.398192291884,6668.70636904762,85.9048051227752%
939.570233091541,6690.1612797619,85.9795533398457%
939.742256079519,6705.01718005952,86.348757939965%
939.914261253528,6687.78823660714,86.3889808284747%
940.086248611282,6693.80211309524,86.3196918550767%
940.258218150492,6704.95216517857,86.4779793740563%
940.430169868868,6666.30081845238,86.3529894510079%
940.602103764123,6626.67424851191,86.3002651063428%
940.774019833969,6612.2084375,86.3355854886604%
940.945918076116,6670.29923363095,86.654801195763%
941.117798488277,6667.01598214286,86.6405958708715%
941.289661068162,6642.53787946429,86.6680601278501%
941.461505813485,6638.86453869048,86.7352728097969%
941.633332721956,6644.09823660714,86.5433232734112%
941.805141791287,6648.45423363095,86.6644426105737%
941.976933019189,6657.65383928571,86.5751254290995%
942.148706403374,6635.28872023809,86.3898684059354%
942.320461941554,6621.14798363095,86.574931952584%
942.49219963144,6609.18524553571,86.6503536948882%
942.663919470744,6638.0193452381,86.8044217231873%
942.835621457178,6644.61835565476,87.0882374049089%
943.007305588452,6619.71765625,87.0797366364559%
943.17897186228,6617.24709077381,87.2006710380345%
943.350620276371,6599.07543154762,87.0449369147897%
943.522250828439,6573.81715029762,86.9123829760186%
943.693863516193,6534.45063988095,86.8902633424728%
943.865458337347,6531.26491071429,86.8938964388272%
944.037035289612,6515.10871279762,86.8350502212674%
944.208594370698,6539.19672619048,86.9471452928436%
944.380135578319,6553.92259672619,87.0611520106545%
944.551658910185,6492.35350446429,86.9959518670508%
944.723164364008,6498.85499255952,86.8317928383271%
944.8946519375,6490.50058035714,86.9333457804331%
945.066121628372,6472.65399553571,86.9767441860465%
945.237573434335,6470.93110119047,87.1576888353897%
945.409007353102,6447.10314732143,86.9884792844135%
945.580423382385,6415.14833333333,87.0000946342386%
945.751821519893,6438.58619791667,87.237148978934%
945.92320176334,6417.48886904762,87.2448251927776%
946.094564110437,6406.27380208333,86.6923230802937%
946.265908558895,6388.52473958333,86.5501432664756%
946.437235106426,6386.70432291667,86.8636198280649%
946.608543750742,6389.27241071429,87.1470517448857%
946.779834489554,6346.78518601191,86.763174137798%
946.951107320573,6315.15544642857,86.7833947946611%
947.122362241513,6311.57962797619,86.8500757193336%
947.293599250082,6319.77150297619,87.0416338132367%
947.464818343995,6289.8646577381,86.8399492831367%
947.636019520962,6304.55802083333,86.8055012129275%
947.807202778695,6310.99449404762,86.9457306545283%
947.978368114904,6278.45454613095,86.9301121316834%
948.149515527303,6285.67119791667,87.035937035937%
948.320645013603,6257.87733630952,87.263281048603%
948.491756571515,6225.72747767857,87.2685277368484%
948.66285019875,6175.63351190476,86.9592101326419%
948.833925893021,6161.03767113095,87.0926664928711%
949.004983652038,6126.18969494048,87.1341082616491%
949.176023473515,6139.6802827381,87.355356003928%
949.347045355161,6104.89732142857,87.2059346577918%
949.518049294689,6096.25034226191,87.0059666479678%
949.689035289811,6063.06024553572,87.2687770934321%
949.860003338237,6049.50464285714,87.4480953705707%
950.03095343768,6031.59304315476,87.3473860499736%
950.201885585851,5995.44476934524,87.0579819823556%
950.372799780462,5973.40472470238,87.266330821433%
950.543696019224,5997.78530505952,87.485487767888%
950.714574299849,6008.7403125,87.5255537966389%
950.885434620049,5995.73733630952,87.3051131159794%
951.056276977534,5989.56092261905,87.1111439519492%
951.227101370018,6001.06855654762,87.5160506404338%
951.39790779521,5963.52246279762,87.4059870033024%
951.568696250824,5968.43108630952,87.450556969062%
951.73946673457,5944.76566964286,87.0990184850204%
951.91021924416,5962.93732886905,87.2833241761202%
952.080953777306,5973.20968005952,87.2896893874029%
952.251670331719,6011.08084821428,87.5474645778636%
952.422368905111,6015.30681547619,87.493600845233%
952.593049495194,6066.21346726191,87.8804793958299%
952.763712099678,6029.93516369048,87.7744631380377%
952.934356716277,6015.07926339286,87.6010573851746%
953.1049833427,6013.68144345238,87.6427013320637%
953.275591976661,6000.06082589286,87.8527020564323%
953.446182615869,5991.02375744048,87.681409620975%
953.616755258038,5966.2855952381,87.5141160817112%
953.787309900879,5997.55775297619,87.4181850841445%
953.957846542103,6005.61959821429,87.3989377896553%
954.128365179422,5994.72960565476,87.0940460081191%
954.298865810547,5987.48044642857,87.0941080567004%
954.46934843319,5964.75774553571,87.3016053223133%
954.639813045063,5955.65566220238,87.7113854094111%
954.810259643877,5951.78727678571,87.6071555285959%
954.980688227344,5956.53336309524,87.6558259349556%
955.151098793176,5960.69431547619,87.1659047202294%
955.321491339083,5943.82295386905,87.5283867080688%
955.491865862778,5904.58647321429,87.4106594692275%
955.662222361972,5899.84038690476,87.3932667923036%
955.832560834378,5873.34682291667,87.4089890786894%
956.002881277705,5894.67170386905,87.6907771535581%
956.173183689667,5851.66436011905,87.5884613582041%
956.343468067974,5859.49865327381,87.6074801484753%
956.513734410338,5843.63502232143,87.8360381383398%
956.683982714471,5840.2542485119,88.3488476752173%
956.854212978085,5822.18011160714,88.3666274970623%
957.024425198891,5823.67545386905,88.4777294138692%
957.1946193746,5825.72342261905,88.596564725597%
957.364795502924,5821.59497767857,89.0962778024511%
957.534953581576,5830.95712053571,89.4232505507469%
957.705093608265,5802.61063244048,89.5572152574019%
957.875215580705,5789.18505952381,89.6168214064078%
958.045319496606,5822.66772321429,89.8792704854868%
958.21540535368,5821.65999255952,90.14356539176%
958.38547314964,5791.88317708333,89.7315874404109%
958.555522882195,5768.08773065476,89.7998565102298%
958.725554549059,5769.9406547619,90.5327726073757%
958.895568147942,5783.75631696429,90.5901414594628%
959.065563676556,5776.86473958333,90.1303258145363%
959.235541132613,5774.36166666667,90.1540396101855%
959.405500513824,5745.91765625,90.1676146754279%
959.575441817901,5690.23241071429,89.9244014057799%
959.745365042556,5691.82527529762,89.9383461514015%
959.9152701855,5686.68909970238,89.9671578086463%
960.085157244445,5673.49107886905,90.155979202773%
960.255026217102,5693.74321428571,90.0414243812072%
960.424877101183,5700.92735863095,89.9441340782123%
960.5947098944,5638.44805803571,89.8583466417377%
960.764524594464,5643.22665178571,90.1447878961485%
960.934321199086,5615.43279017857,90.1343590146133%
961.104099705979,5599.86172619048,89.9394687430245%
961.273860112853,5599.37411458333,89.8941289701637%
961.443602417421,5601.84468005952,90.1540088571618%
961.613326617395,5546.67955357143,89.9489356058094%
961.783032710485,5516.87023065476,89.8005289106832%
961.952720694403,5478.02383928572,90.1163645108282%
962.122390566862,5548.04486607143,89.6554032344436%
962.292042325572,5534.13168154762,89.5622262234286%
962.461675968244,5489.9215625,89.4378929756861%
962.631291492592,5456.99152529762,89.7007089895546%
962.800888896325,5448.99469494048,89.9619616899878%
962.970468177157,5482.47735863095,90.1057422396643%
963.140029332799,5503.21710565476,89.6747611355984%
963.309572360961,5461.77011904762,89.4905157978533%
963.479097259356,5431.24563244048,89.5571365541584%
963.648604025695,5436.674375,89.560986398319%
963.818092657691,5390.44879464286,89.4148987831781%
963.987563153053,5396.00756696429,89.6390941862569%
964.157015509495,5445.77645833333,89.9282988804562%
964.326449724727,5400.59111607143,89.7603455287403%
964.495865796462,5395.45494047619,89.6825061598029%
964.665263722411,5382.28942708333,89.7961204884053%
964.834643500285,5372.04958333333,89.8747981757924%
965.004005127796,5341.52509672619,89.6189243396253%
965.173348602655,5337.36414434524,89.5487037539058%
965.342673922576,5358.13639880952,89.4462428739222%
965.511981085267,5371.9520610119,89.5818649943184%
965.681270088442,5305.08425595238,90.1835444864507%
965.850540929813,5281.87394345238,90.0084011703699%
966.01979360709,5311.78078869048,89.8118369544653%
966.189028117985,5359.04660714286,90.4620974594896%
966.35824446021,5350.36712053571,90.4815147190796%
966.527442631476,5333.04065476191,90.4705586683027%
966.696622629496,5288.47295386905,90.8602230152972%
966.86578445198,5296.56730654762,91.1836394982463%
967.03492809664,5307.19723958333,91.3776916772223%
967.204053561188,5306.31953869048,91.1755026328387%
967.373160843336,5292.14629464286,91.0105449472753%
967.542249940794,5270.46383184524,91.0255831791726%
967.711320851275,5238.96412202381,91.0925434362934%
967.880373572491,5266.36789434524,90.8153063079441%
968.049408102152,5269.91120535714,90.6955900894742%
968.21842443797,5298.22518601191,90.7772763310362%
968.387422577658,5297.47751488095,90.9596362966148%
968.556402518926,5314.41389136905,91.2243038287488%
968.725364259486,5340.06226190476,91.6864755690205%
968.89430779705,5357.84383184524,91.7700727085897%
969.06323312933,5372.99229910714,91.9327389967056%
969.232140254036,5391.87912202381,91.8708362724351%
969.401029168881,5359.79427827381,91.9465091063375%
969.569899871576,5354.13798363095,92.5016536995622%
969.738752359834,5345.52351190476,92.1993311458859%
969.907586631364,5326.83173363095,91.7229703001631%
970.076402683879,5318.93242559524,91.7165399330084%
970.245200515091,5390.57882440476,91.4415636218589%
970.413980122711,5420.55068452381,91.4735377381124%
970.582741504451,5406.40994791667,91.3100597593604%
970.751484658022,5391.55404761905,91.6048945988969%
970.920209581136,5407.12511160714,92.111893533174%
971.088916271504,5432.38339285714,92.76449293008%
971.257604726839,5429.55524553571,92.7926456901197%
971.426274944852,5415.96713541667,93.1087088466396%
971.594926923254,5402.02144345238,93.4740029955396%
971.763560659756,5380.30647321428,93.7047326123623%
971.932176152072,5376.92569940476,93.780325689598%
972.100773397911,5353.00022321429,93.6478553798946%
972.269352394986,5334.21092261905,93.3628318584071%
972.437913141009,5282.03648065476,93.6751333758346%
972.60645563369,5270.88642857143,93.1289996631862%
972.774979870742,5248.22874255952,93.1242807825086%
972.943485849876,5257.10327380952,93.3006702732129%
973.111973568804,5249.39901041667,93.5778719333015%
973.280443025237,5222.25529761905,93.5597229840921%
973.448894216887,5239.90683779762,93.8610523418821%
973.617327141465,5236.65609375,94.1660602280209%
973.785741796684,5151.64913690476,94.8960401211995%
973.954138180254,5112.70522321429,94.8310556615164%
974.122516289887,5100.31988839286,95.1547518330513%
974.290876123296,5096.41899553571,95.4489065324495%
974.45921767819,5051.94881696428,95.3543054615411%
974.627540952283,5022.95218005952,94.7169811320754%
974.795845943286,5022.13949404762,94.6367993107534%
974.96413264891,5009.13651785714,94.8846521527388%
975.132401066867,5009.20153273809,95.058593041396%
975.300651194868,4993.46793154762,94.4075294460323%
975.468883030625,4965.99914434524,94.1738718032907%
975.63709657185,4955.17416666667,94.491952170808%
975.805291816254,4974.25603422619,94.6789935118643%
975.973468761549,4984.8859672619,94.8077846301562%
976.141627405447,4977.31173363095,95.1685874401892%
976.309767745658,4970.35514136905,95.791091205517%
976.477889779895,4989.76208333333,96.1805032394154%
976.64599350587,4975.19875,96.0065925322523%
976.814078921293,4965.21896577381,96.1410004389564%
976.982146023877,4978.96961309524,96.718822082116%
977.150194811332,4995.58091517857,97.0519708085417%
977.318225281372,4999.12422619048,97.0581973717316%
977.486237431706,5013.75257440476,97.3488535056644%
977.654231260048,5021.03424107143,97.4865139551248%
977.822206764108,5006.30837053571,97.4114601717849%
977.990163941597,5029.12859375,96.8257705059541%
978.158102790229,5006.4709077381,97.0670446045431%
978.326023307714,4996.32858630952,97.4121228895655%
978.493925491763,5020.96922619048,97.6495090746801%
978.661809340089,4989.63205357143,97.4567304813048%
978.829674850403,4972.72818452381,98.1789374461002%
978.997522020416,4973.76842261905,98.8970292247001%
979.165350847841,4989.50202380952,99.1104282075128%
979.333161330388,4951.30578125,99.0335903643873%
979.50095346577,4949.2578125,98.9495584065923%
979.668727251698,4940.74086309524,99.5274720778956%
979.836482685884,4950.94819940476,99.4678455933522%
980.004219766038,4940.80587797619,99.1903832323025%
980.171938489873,4936.31985119048,99.1953453825204%
980.339638855101,4926.66514136905,99.3330855632641%
980.507320859433,4874.49069940476,99.0411497918695%
980.67498450058,4858.72459077381,98.413953875614%
980.842629776255,4872.21517857143,98.4697924930065%
981.010256684168,4857.84688988095,98.1038781453624%
981.177865222031,4865.94124255952,98.1080115201076%
981.345455387557,4888.95651041667,98.0564064645611%
981.513027178456,4883.13767857143,99.0338369865929%
981.68058059244,4930.89110863095,99.243799799201%
981.848115627221,4942.75632440476,99.5706403898586%
982.01563228051,4914.86494047619,99.5172309748056%
982.18313055002,4926.24254464286,99.3202123527128%
982.35061043346,4940.67584821429,99.4547224926972%
982.518071928544,4936.25483630952,99.5051331582489%
982.685515032983,4922.86177083333,99.245875198884%
982.852939744488,4905.5678125,99.2748701995751%
983.020346060771,4898.22113095238,99.4039471941367%
983.187733979543,4887.13609375,99.4117126680821%
983.355103498517,4847.47701636905,99.3560749537666%
983.522454615403,4794.68493303571,99.2590443457495%
983.689787327914,4796.3428125,99.6625999910622%
983.85710163376,4787.40326636905,99.8268768127347%
984.024397530654,4793.64469494048,100%
984.191675016307,4786.49305803571,100%
984.358934088431,4781.94201636905,100%
984.526174744737,4779.79652529762,100%
984.693396982937,4775.63557291667,100%
984.860600800742,4759.21931547619,100%
985.027786195865,4766.82605654762,100%
985.194953166016,4749.30454613095,100%
985.362101708907,4746.21633928571,100%
985.529231822251,4708.60523065476,100%
985.696343503757,4695.8623139881,100%
985.863436751139,4677.560625,100%
986.030511562108,4661.7295014881,100%
986.197567934375,4655.48807291667,100%
986.364605865651,4674.17985119048,100%
986.531625353649,4661.98956101191,100%
986.698626396081,4650.22186755952,100%
986.865608990657,4651.87974702381,100%
987.032573135089,4671.51424107143,100%
987.199518827089,4655.35804315476,100%
987.366446064368,4669.46627232143,100%
987.533354844638,4667.71087053571,100%
987.700245165611,4653.05001488095,100%
987.867117024999,4642.45258928571,100%
988.033970420512,4628.18182291667,100%
988.200805349863,4606.14177827381,100%
988.367621810762,4605.39410714286,100%
988.534419800922,4569.7009375,100%
988.701199318055,4544.11758184524,100%
988.867960359871,4525.06822172619,100%
989.034702924082,4534.04027529762,100%
989.201427008401,4563.55703125,100%
989.368132610538,4580.26585565476,100%
989.534819728206,4588.62026785714,100%
989.701488359115,4569.5709077381,100%
989.868138500978,4588.13265625,100%
990.034770151505,4582.47636160714,100%
990.201383308409,4597.78736607143,100%
990.367977969402,4588.26268601191,100%
990.534554132194,4581.17606398809,100%
990.701111794497,4583.71164434524,100%
990.867650954024,4577.34018601191,100%
991.034171608485,4565.80004464286,100%
991.200673755592,4570.15604166667,100%
991.367157393057,4575.1621875,100%
991.533622518592,4577.0801264881,100%
991.700069129907,4569.1483110119,100%
991.866497224715,4575.9748735119,100%
992.032906800727,4573.17923363095,100%
992.199297855655,4585.30450892857,100%
992.36567038721,4576.16991815476,100%
992.532024393104,4602.4684375,100%
992.698359871049,4570.44860863095,100%
992.864676818756,4554.51996279762,100%
993.030975233936,4534.52788690476,100%
993.197255114302,4526.20598214286,100%
993.363516457565,4506.44145833333,100%
993.529759261436,4500.07,100%
993.695983523628,4486.64442708333,100%
993.862189241851,4491.71558779762,100%
994.028376413817,4507.38417410714,100%
994.194545037239,4486.57941220238,100%
994.360695109827,4477.47732886905,100%
994.526826629292,4456.86761160714,100%
994.692939593348,4438.92350446429,100%
994.859033999706,4414.28286458333,100%
995.025109846075,4397.89911458333,100%
995.19116713017,4373.06343005952,100%
995.3572058497,4332.46163690476,100%
995.523226002378,4318.06084077381,100%
995.689227585916,4294.33040922619,100%
995.855210598024,4321.47412202381,100%
996.021175036415,4276.35379464286,100%
996.1871208988,4259.48243303571,100%
996.353048182891,4231.94863095238,100%
996.518956886399,4264.65111607143,100%
996.684847007035,4287.2112797619,100%
996.850718542512,4289.94190476191,100%
997.016571490542,4278.62931547619,100%
997.182405848835,4263.38332589286,100%
997.348221615103,4262.18055059524,100%
997.514018787058,4254.70383928571,100%
997.679797362411,4266.21147321429,100%
997.845557338875,4286.56113095238,100%
998.01129871416,4314.32248511905,100%
998.177021485978,4329.2759077381,100%
998.342725652041,4324.39979166667,100%
998.508411210061,4335.41981398809,100%
998.674078157749,4361.84836309524,100%
998.839726492816,4379.69494791667,100%
999.005356212975,4377.32190476191,100%
999.170967315936,4358.79266369048,100%
999.336559799412,4330.02357886905,100%
999.502133661114,4358.11000744048,100%
999.667688898753,4362.1734375,100%
999.833225510041,4427.54590029762,100%
999.998743492691,4384.66858630952,100%
1000.16424284441,4387.46422619048,100%
1000.32972356292,4338.31297619048,100%
1000.49518564592,4363.83131696429,100%
1000.66062909113,4355.76947172619,100%
1000.82605389626,4362.59603422619,100%
1000.99146005901,4370.78790922619,100%
1001.15684757711,4359.4428125,100%
1001.32221644827,4296.31336309524,100%
1001.48756667019,4268.84457589286,100%
1001.65289824058,4250.54288690476,100%
1001.81821115716,4272.09531994048,100%
1001.98350541765,4252.52584077381,100%
1002.14878101974,4256.97936011905,100%
1002.31403796116,4246.60948660714,100%
1002.47927623961,4264.52108630952,100%
1002.64449585281,4273.59066220238,100%
1002.80969679847,4280.18967261905,100%
1002.9748790743,4297.77619791667,100%
1003.14004267801,4275.96370535714,100%
1003.30518760731,4205.55258928571,100%
1003.47031385991,4217.74287946429,100%
1003.63542143353,4197.7833110119,100%
1003.80051032588,4237.05229910714,100%
1003.96558053467,4197.29569940476,100%
1004.13063205761,4212.73673363095,100%
1004.29566489241,4183.8701264881,100%
1004.46067903678,4155.29608630952,100%
1004.62567448844,4135.23899553571,100%
1004.7906512451,4171.93989583333,100%
1004.95560930447,4181.88717261905,100%
1005.12054866425,4170.50956845238,100%
1005.28546932217,4160.59479910714,100%
1005.45037127593,4178.63642857143,100%
1005.61525452325,4157.01898065476,100%
1005.78011906183,4161.89509672619,100%
1005.9449648894,4160.72482886905,100%
1006.10979200365,4170.83464285714,100%
1006.2746004023,4168.98171875,100%
1006.43939008307,4166.90124255952,100%
1006.60416104366,4186.50322916667,100%
1006.76891328179,4190.04654017857,100%
1006.93364679516,4187.83603422619,100%
1007.0983615815,4206.65784226191,100%
1007.2630576385,4200.09133928571,100%
1007.42773496389,4222.94406994048,100%
1007.59239355537,4197.58826636905,100%
1007.75703341066,4212.37915178571,100%
1007.92165452747,4209.55100446429,100%
1008.0862569035,4220.08341517857,100%
1008.25084053648,4217.25526785714,100%
1008.41540542411,4223.43168154762,100%
1008.5799515641,4208.80333333333,100%
1008.74447895416,4185.23543898809,100%
1008.90898759202,4160.33473958333,100%
1009.07347747537,4185.72305059524,100%
1009.23794860194,4182.53732142857,100%
1009.40240096942,4181.10699404762,100%
1009.56683457554,4188.51869047619,100%
1009.731249418,4180.74941220238,100%
1009.89564549452,4151.20014880952,100%
1010.06002280281,4137.61203869048,100%
1010.22438134058,4128.93255208333,100%
1010.38872110554,4129.51768601191,100%
1010.5530420954,4111.93116071429,100%
1010.71734430788,4083.55216517857,100%
1010.88162774068,4078.38348214286,100%
1011.04589239152,4116.12462053571,100%
1011.21013825811,4109.16802827381,100%
1011.37436533816,4123.7963764881,100%
1011.53857362939,4166.60867559524,100%
1011.70276312949,4161.79757440476,100%
1011.8669338362,4130.36287946429,100%
1012.03108574721,4151.33017857143,100%
1012.19521886024,4158.09172619048,100%
1012.359333173,4152.59796875,100%
1012.5234286832,4134.65386160714,100%
1012.68750538856,4127.66476190476,100%
1012.85156328678,4117.52244047619,100%
1013.01560237558,4113.26396577381,100%
1013.17962265267,4105.46218005952,100%
1013.34362411576,4080.04136160714,100%
1013.50760676256,4114.36921875,100%
1013.67157059078,4148.98964285714,100%
1013.83551559814,4137.05941220238,100%
1013.99944178234,4119.37536458333,100%
1014.16334914111,4136.3442485119,100%
1014.32723767214,4163.71551339286,100%
1014.49110737315,4146.55158482143,100%
1014.65495824186,4148.37200148809,100%
1014.81879027597,4157.9291889881,100%
1014.9826034732,4104.84453869048,100%
1015.14639783125,4112.12620535714,100%
1015.31017334784,4123.56882440476,100%
1015.47393002069,4127.69726934524,100%
1015.6376678475,4124.44652529762,100%
1015.80138682598,4116.18963541667,100%
1015.96508695385,4117.61996279762,100%
1016.12876822881,4128.18488095238,100%
1016.29243064858,4105.98229910714,100%
1016.45607421088,4093.56445684524,100%
1016.6196989134,4099.54582589286,100%
1016.78330475387,4104.29191220238,100%
1016.94689173,4061.73967261905,100%
1017.11045983949,4159.5545610119,100%
1017.27400908006,4178.47389136905,100%
1017.43753944942,4200.38390625,100%
1017.60105094529,4187.86854166667,100%
1017.76454356536,4158.83939732143,100%
1017.92801730736,4161.17993303571,100%
1018.091472169,4155.13354910714,100%
1018.25490814798,4147.62433035714,100%
1018.41832524203,4168.55912202381,100%
1018.58172344884,4152.01283482143,100%
1018.74510276614,4188.55119791667,100%
1018.90846319164,4171.51729910714,100%
1019.07180472303,4165.0158110119,100%
1019.23512735805,4192.97220982143,100%
1019.3984310944,4192.77716517857,100%
1019.56171592978,4163.55297619048,100%
1019.72498186192,4184.58529017857,100%
1019.88822888853,4174.21541666667,100%
1020.05145700731,4188.29113839286,100%
1020.21466621597,4196.58053571429,100%
1020.37785651224,4226.81245535714,100%
1020.54102789381,4094.08457589286,100%
1020.70418035841,4060.53689732143,100%
1020.86731390374,4034.30339285714,100%
1021.03042852752,4042.30022321429,100%
1021.19352422745,4043.47049107143,100%
1021.35660100125,4033.49070684524,100%
1021.51965884663,4006.60705357143,100%
1021.68269776131,3994.74183779762,100%
1021.84571774298,3963.27463541667,100%
1022.00871878937,3954.66016369048,100%
1022.17170089819,3910.28750744048,100%
1022.33466406715,3890.75053571429,100%
1022.49760829395,3897.57709821429,100%
1022.66053357632,3869.68571428571,100%
1022.82343991196,3844.19988095238,100%
1022.98632729858,3869.78323660714,100%
1023.1491957339,3866.49998511905,100%
1023.31204521562,3865.23219494048,100%
1023.47487574147,3853.10691964286,100%
1023.63768730915,3840.88412202381,100%
1023.80047991637,3816.63357142857,100%
1023.96325356084,3849.17351934524,100%
1024.12600824028,3884.05400297619,100%
1024.28874395239,3893.12357886905,100%
1024.4514606949,3885.97194196429,100%
1024.6141584655,3839.29125744048,100%
1024.77683726192,3817.15369047619,100%
1024.93949708186,3847.54814732143,100%
1025.10213792303,3830.02663690476,100%
1025.26475978316,3838.96618303571,100%
1025.42736265994,3826.58084821429,100%
1025.58994655109,3829.47401041667,100%
1025.75251145432,3857.04031994048,100%
1025.91505736734,3839.71385416667,100%
1026.07758428787,3854.11465029762,100%
1026.24009221362,3861.49383928571,100%
1026.40258114229,3856.84527529762,100%
1026.56505107161,3872.38383184524,100%
1026.72750199927,3858.73070684524,100%
1026.889933923,3853.13942708333,100%
1027.0523468405,3850.24626488095,100%
1027.21474074949,3849.72614583333,100%
1027.37711564767,3849.79116071429,100%
1027.53947153277,3827.39353422619,100%
1027.70180840248,3831.6195014881,100%
1027.86412625453,3823.59016369048,100%
1028.02642508662,3831.8795610119,100%
1028.18870489646,3828.36875744048,100%
1028.35096568178,3797.45418154762,100%
1028.51320744027,3805.32098214286,100%
1028.67543016965,3823.39511904762,100%
1028.83763386764,3837.01573660714,100%
1028.99981853193,3829.44150297619,100%
1029.16198416026,3859.25082589286,100%
1029.32413075031,3852.03417410714,100%
1029.48625829982,3841.76182291667,100%
1029.64836680649,3815.62584077381,100%
1029.81045626803,3792.54555803571,100%
1029.97252668215,3770.86309523809,100%
1030.13457804657,3773.43118303571,100%
1030.29661035899,3768.2625,100%
1030.45862361713,3779.08747767857,100%
1030.6206178187,3796.25140625,100%
1030.78259296141,3778.95744791667,100%
1030.94454904297,3777.07201636905,100%
1031.1064860611,3772.58598958333,100%
1031.2684040135,3789.39233630952,100%
1031.4303028979,3807.40145833333,100%
1031.59218271199,3818.9090922619,100%
1031.75404345349,3829.34398065476,100%
1031.91588512011,3832.72475446429,100%
1032.07770770956,3828.17371279762,100%
1032.23951121957,3836.49561755952,100%
1032.40129564783,3832.49720238095,100%
1032.56306099205,3789.55487351191,100%
1032.72480724996,3809.70948660714,100%
1032.88653441926,3815.30076636905,100%
1033.04824249766,3845.24011904762,100%
1033.20993148288,3856.78026041667,100%
1033.37160137262,3849.17351934524,100%
1033.53325216461,3861.75389880952,100%
1033.69488385654,3868.77550595238,100%
1033.85649644613,3881.51842261905,100%
1034.0180899311,3848.23080357143,100%
1034.17966430915,3824.50037202381,100%
1034.341219578,3821.24962797619,100%
1034.50275573535,3835.48788690476,100%
1034.66427277893,3806.06865327381,100%
1034.82577070643,3809.83951636905,100%
1034.98724951558,3819.20165922619,100%
1035.14870920408,3860.74616815476,100%
1035.31014976965,3835.61791666667,100%
1035.47157120999,3830.96935267857,100%
1035.63297352283,3810.55468005952,100%
1035.79435670586,3849.46608630952,100%
1035.95572075681,3846.96301339286,100%
1036.11706567338,3844.62247767857,100%
1036.27839145329,3842.96459821429,100%
1036.43969809424,3844.55746279762,100%
1036.60098559395,3848.97847470238,100%
1036.76225395013,3856.16261904762,100%
1036.92350316049,3861.62386904762,100%
1037.08473322275,3875.63457589286,100%
1037.24594413461,3888.11743303571,100%
1037.40713589379,3884.44409226191,100%
1037.56830849799,3938.21139880952,100%
1037.72946194494,3948.38622767857,100%
1037.89059623233,3930.8647172619,100%
1038.05171135789,3923.61555803571,100%
1038.21280731933,3904.98879464286,100%
1038.37388411435,3902.22566220238,100%
1038.53494174066,3872.93645833333,100%
1038.69598019599,3896.95945684524,100%
1038.85699947804,3899.16996279762,100%
1039.01799958452,3913.5382514881,100%
1039.17898051314,4834.5715625,100%
1039.33994226162,3892.5059375,100%
1039.50088482767,3848.13328125,100%
1039.661808209,3303.37359375,100%
1039.82271240331,3419.42515625,100%
1039.98359740833,3904.79375,100%
1040.14446322176,3904.79375,100%
1040.30530984132,3904.79375,100%
1040.46613726472,3904.79375,100%
1040.62694548966,3904.79375,100%
1040.78773451386,3904.79375,100%

Peak Wavelengths
460.835280947018
545.216629219958
984.024397530654

Wavelength, Light Calibration Value, Darkness Calibration Value
345.21991,1247.895625,1275.201875
345.435498861008,1214.44546875,1244.48234375
345.651076862504,1261.54875,1297.046875
345.866644002202,3291.08578125,3297.2296875
346.082200277813,3184.59140625,3124.51765625
346.297745687047,3025.5325,3026.8978125
346.513280227618,3831.74953125,3820.82703125
346.728803897236,3219.406875,3205.75375
346.944316693613,2953.1709375,2958.6321875
347.15981861446,3706.8234375,3740.95625
347.37530965749,3007.10078125,3021.46906994048
347.590789820413,3124.12756696429,3139.56860119048
347.806259100942,3235.6605952381,3251.68676339286
348.021717496787,3339.84694196429,3355.67806547619
348.237165005661,3337.79897321429,3352.45982886905
348.452601625276,3377.81563244048,3395.92227678571
348.668027353342,3436.75162202381,3452.19265625
348.883442187571,3403.85409226191,3422.31831845238
349.098846125676,3403.62654017857,3421.40811011905
349.314239165367,3466.49593005952,3483.43230654762
349.529621304356,3449.3320014881,3464.77303571429
349.744992540355,3488.69851190476,3500.82378720238
349.960352871075,3506.87017113095,3517.53261160714
350.175702294228,3528.84520089286,3537.32964285714
350.391040807526,3533.68880952381,3540.19029761905
350.606368408679,3553.09575148809,3556.0864360119
350.821685095401,3585.11558035714,3590.15423363095
351.036990865402,3607.74075892857,3612.06424851191
351.252285716393,3621.55642113095,3621.29636160714
351.467569646088,3587.19605654762,3587.68366815476
351.682842652196,3566.97642857143,3562.49040178571
351.89810473243,3589.5365922619,3584.75799851191
352.113355884501,3601.49933035714,3593.79506696429
352.328596106122,3591.03193452381,3580.59704613095
352.543825395002,3576.79367559524,3566.45630952381
352.759043748855,3601.95443452381,3590.771875
352.974251165392,3583.81528273809,3575.26582589286
353.189447642324,3544.83886160714,3538.36988095238
353.404633177362,3560.57246279762,3559.40219494048
353.619807768219,3548.05709821429,3547.34193452381
353.834971412607,3503.32686011905,3502.18909970238
354.050124108236,3490.22636160714,3489.1861235119
354.265265852818,3455.96351934524,3450.76232886905
354.480396644065,3448.16173363095,3441.04260416667
354.695516479689,3471.20950892857,3468.64142113095
354.9106253574,3465.00058779762,3462.85509672619
355.125723274911,3450.17719494048,3444.52090029762
355.340810229934,3463.70029017857,3453.23289434524
355.555886220179,3463.92784226191,3450.53477678571
355.770951243359,3459.1492485119,3445.20355654762
355.986005297185,3482.58711309524,3464.41545386905
356.201048379369,3503.78196428571,3487.26818452381
356.416080487621,3510.28345238095,3488.69851190476
356.631101619655,3485.44776785714,3460.90465029762
356.846111773181,3476.83329613095,3449.88462797619
357.061110945911,3497.08543154762,3463.6677827381
357.276099135557,3507.03270833333,3468.83646577381
357.49107633983,3510.57601934524,3461.1972172619
357.706042556441,3521.98613095238,3464.05787202381
357.920997783104,3520.65332589286,3450.85985119048
358.135942017528,3573.41290178571,3495.26501488095
358.350875257425,3588.56136904762,3505.92745535714
358.565797500508,3606.08287946429,3512.16888392857
358.780708744488,3636.08724702381,3535.05412202381
358.995608987076,3692.71520833333,3585.34313244048
359.210498225985,3679.58220238095,3556.18395833333
359.425376458925,3681.07754464286,3540.2553125
359.640243683608,3721.48429315476,3568.08168154762
359.855099897745,3732.04921130952,3563.59565476191
360.06994509905,3728.6684375,3542.59584821429
360.284779285232,3738.29063988095,3529.85293154762
360.499602454003,3752.23633184524,3527.80496279762
360.714414603076,3818.29145089286,3562.58792410714
360.929215730162,3823.55765625,3544.4812797619
361.144005832972,3842.76955357143,3535.02161458333
361.358784909218,3898.74736607143,3557.02915178571
361.573552956612,3913.08314732143,3538.72746279762
361.788309972865,3925.40346726191,3521.49851934524
362.003055955688,3941.26709821429,3497.76808779762
362.217790902794,3989.24808035714,3508.853125
362.432514811894,4062.42232886905,3541.88068452381
362.647227680699,4080.7890327381,3523.41645833333
362.861929506922,4103.70677827381,3502.41665178571
363.076620288273,4157.3765625,3509.30822916667
363.291300022465,4201.32662202381,3509.76333333333
363.505968707208,4222.3589360119,3480.44162202381
363.720626340215,4254.34625744048,3468.02377976191
363.935272919197,4352.68126488095,3514.34688244048
364.149908441866,4381.51536458333,3496.53280505952
364.364532905934,4413.27513392857,3482.81466517857
364.579146309111,4475.07177827381,3498.74331101191
364.79374864911,4534.65791666667,3515.90723958333
365.008339923641,4576.95009672619,3518.21526785714
365.222920130418,4583.93919642857,3486.42299107143
365.437489267151,4630.91244791667,3492.11179315476
365.652047331552,4688.06052827381,3511.0311235119
365.866594321332,4715.00919642857,3507.13023065476
366.081130234203,4738.08947916667,3497.76808779762
366.295655067877,4763.34776041667,3489.51119791667
366.510168820066,4795.17254464286,3499.19841517857
366.72467148848,4787.20822172619,3465.22813988095
366.939163070832,4783.01476190476,3435.48383184524
367.153643564833,4798.45579613095,3425.01643601191
367.368112968194,4857.84688988095,3458.36906994048
367.582571278628,4868.80189732143,3459.96193452381
367.797018493846,4864.93351190476,3439.70979910714
368.011454611559,4843.21854166667,3409.54289434524
368.225879629479,4873.22290922619,3426.57679315476
368.440293545318,4852.84074404762,3404.14665922619
368.654696356787,4855.79892113095,3400.21325892857
368.869088061598,4867.24154017857,3405.34943452381
369.083468657462,4883.78782738095,3419.91276785714
369.297838142092,4913.72718005952,3446.34131696429
369.512196513198,4915.71013392857,3441.56272321429
369.726543768492,4900.72420386905,3429.33992559524
369.940879905687,4930.30597470238,3460.64459077381
370.155204922492,4926.47009672619,3460.15697916667
370.369518816621,4927.57534970238,3462.82258928571
370.583821585784,4953.54879464286,3496.11020833333
370.798113227694,4921.56147321429,3467.01604910714
371.012393740062,4968.11212797619,3520.62081845238
371.226663120598,4971.88299107143,3536.12686755952
371.440921367016,4948.93273809524,3525.69197916667
371.655168477027,4967.39696428571,3557.41924107143
371.869404448341,4937.1000297619,3548.15462053571
372.083629278672,4933.84928571429,3555.27375
372.29784296573,4925.55988839286,3563.75819196429
372.512045507227,4936.83997023809,3590.05671130952
372.726236900874,4932.48397321428,3599.45136160714
372.940417144384,4911.67921130952,3593.27494791667
373.154586235468,4903.97494791667,3597.01330357143
373.368744171837,4904.72261904762,3609.23610119048
373.582890951202,4895.58802827381,3611.54412946429
373.797026571277,4846.89188244048,3571.07236607143
374.011151029772,4830.50813244048,3561.38514880952
374.225264324398,4847.4120014881,3582.05988095238
374.439366452868,4831.8409375,3569.41448660714
374.653457412893,4810.32101190476,3549.09733630952
374.867537202184,4789.41872767857,3525.17186011905
375.081605818454,4794.00227678571,3535.02161458333
375.295663259413,4838.63499255952,3579.2967485119
375.509709522774,4788.05341517857,3525.04183035714
375.723744606248,4798.32576636905,3530.1454985119
375.937768507546,4827.745,3552.57563244048
376.15178122438,4817.44014136905,3535.28167410714
376.365782754462,4812.88909970238,3518.9629389881
376.579773095504,4817.44014136905,3513.53419642857
376.793752245216,4852.28811755952,3531.25075148809
377.007720201311,4866.68891369048,3528.7801860119
377.2216769615,4867.89168898809,3515.06204613095
377.435622523495,4880.08197916667,3512.42894345238
377.649556885007,4911.09407738095,3525.36690476191
377.863480043748,4892.4673139881,3492.20931547619
378.07739199743,4891.03698660714,3471.72962797619
378.291292743764,4910.57395833333,3472.57482142857
378.505182280461,4946.20211309524,3492.50188244048
378.719060605234,4965.05642857143,3492.3393452381
378.932927715794,4961.22055059524,3466.04082589286
379.146783609852,5000.3270014881,3485.41526041667
379.36062828512,5021.68438988095,3489.44618303572
379.57446173931,5023.92740327381,3461.16470982143
379.788283970133,5045.25228422619,3455.80098214286
380.002094975302,5089.85249255952,3474.65529761905
380.215894752526,5159.28838541667,3509.53578125
380.429683299519,5208.5371577381,3526.6021875
380.643460613992,5220.4023735119,3505.60238095238
380.857226693655,5254.60020089286,3503.09930803571
381.070981536222,5313.01607142857,3528.03251488095
381.284725139403,5312.20338541667,3490.03131696429
381.49845750091,5339.54214285714,3477.19087797619
381.712178618455,5376.43808779762,3479.79147321429
381.925888489749,5425.03671130952,3483.59484375
382.139587112504,5488.19866815476,3504.17205357143
382.353274484432,5554.15626488095,3522.53875744048
382.566950603243,5602.91742559524,3520.03568452381
382.780615466651,5755.53985863095,3626.33501488095
382.994269072365,5767.24253720238,3593.56751488095
383.207911418098,5798.44968005952,3575.42836309524
383.421542501562,5844.80529017857,3575.36334821429
383.635162320468,5909.43008184524,3585.8632514881
383.848770872527,5986.60274553571,3609.95126488095
384.062368155452,6047.13159970238,3614.27475446429
384.275954166954,6099.95619047619,3611.31657738095
384.489528904744,6159.86740327381,3606.89556547619
384.703092366534,6140.03786458333,3534.20892857143
384.916644550035,6165.52369791667,3502.25411458333
385.13018545296,6236.1948735119,3511.97383928571
385.34371507302,6310.50688244048,3523.25392113095
385.557233407926,6368.11006696429,3512.36392857143
385.77074045539,6459.65101934524,3539.41011904762
385.984236213123,6525.96619791667,3538.01229910714
386.197720678838,6606.77969494048,3542.92092261905
386.411193850246,6684.92758184524,3559.04461309524
386.624655725058,6729.56029761905,3535.99683779762
386.838106300986,6814.66477678571,3547.47196428571
387.051545575742,6906.46578869048,3568.69932291667
387.264973547037,6876.88401785714,3472.67234375
387.478390212582,6972.0983110119,3494.51734375
387.69179557009,7056.52013392857,3502.74172619048
387.905189617272,7143.8676264881,3507.91040922619
388.11857235184,7219.28488839286,3508.17046875
388.331943771505,7289.4034375,3501.63647321429
388.545303873978,7378.60385416667,3511.58375
388.758652656972,7482.14005208333,3538.01229910714
388.971990118198,7553.55889880952,3532.6160639881
389.185316255368,7656.63999255952,3550.65769345238
389.398631066192,7742.19957589286,3544.51378720238
389.611934548384,7815.47134672619,3529.43033482143
389.825226699653,7902.59128720238,3531.83588541667
390.038507517713,7985.81033482143,3532.51854166667
390.251777000274,8068.60678571429,3525.75699404762
390.465035145049,8208.55131696429,3583.91280505952
390.678281949748,8301.62011904762,3587.00101190476
390.891517412083,8385.71686755952,3572.92529017857
391.104741529767,8482.00390625,3571.82003720238
391.31795430051,8546.69371279762,3553.45333333333
391.531155722024,8640.77024553571,3552.05551339286
391.74434579202,8715.37482142857,3520.91338541667
391.957524508211,8828.63074404762,3524.03409970238
392.170691868309,8934.44246279762,3527.05729166667
392.383847870023,9029.00660714286,3524.6842485119
392.596992511067,9114.2736235119,3499.4259672619
392.810125789151,9228.0171577381,3508.56055803571
393.023247701988,9338.93254464286,3518.70287946429
393.236358247288,9419.09589285715,3484.70009672619
393.449457422764,9517.95101934524,3476.44320684524
393.662545226128,9653.76710565476,3498.4832514881
393.875621655089,9754.89775297619,3497.34549107143
394.088686707362,9871.66447916667,3506.35005208333
394.301740380656,9988.88630952381,3509.50327380952
394.514782672683,10082.2801860119,3485.18770833333
394.727813581156,10198.0391815476,3477.48344494048
394.940833103785,10252.9442485119,3413.24874255952
395.153841238283,10351.2142410714,3395.79224702381
395.36683798236,10462.7472693452,3392.47648809524
395.579823333729,10569.3066592262,3389.55081845238
395.792797290101,10678.8242261905,3378.30324404762
396.005759849188,10775.7614136905,3351.38708333333
396.218711008701,10923.5402380952,3379.37598958333
396.431650766351,11035.2683110119,3387.86043154762
396.644579119852,11142.4778497024,3383.7970014881
396.857496066913,11254.7585491071,3383.50443452381
397.070401605247,11359.2049553571,3374.07727678572
397.283295732565,11467.7472991071,3371.54169642857
397.496178446579,11577.8174925595,3371.15160714286
397.709049745,11690.9108779762,3370.46895089286
397.921909625541,11813.8215104167,3386.20255208333
398.134758085912,11933.0262946429,3391.85884672619
398.347595123825,12102.7151339286,3445.95122767857
398.560420736992,12238.8562946429,3462.26996279762
398.773234923125,12352.1772321429,3454.79325148809
398.986037679935,12476.4206696429,3464.09037946429
399.198829005133,12576.7711383929,3460.2545014881
399.411608896431,12697.5362797619,3475.30544642857
399.624377351542,12812.027485119,3474.42774553571
399.837134368175,12930.809672619,3480.57165178571
400.049879944044,13155.0785044643,3573.44540922619
400.262614076859,13288.4890401786,3583.29516369048
400.475336764333,13376.8442633929,3581.92985119048
400.688048004176,13485.87421875,3588.95145833333
400.900747794101,13588.9553125,3574.03054315476
401.113436131818,13687.5828869048,3555.33876488095
401.32611301504,13828.0475372024,3563.30308779762
401.538778441479,13965.3264583333,3587.26107142857
401.751432408845,14087.7494791667,3587.68366815476
401.964074914851,14200.6153125,3582.22241815476
402.176705957207,14291.7011607143,3560.66998511905
402.389325533626,14381.1616369048,3530.27552827381
402.601933641819,14501.4066592262,3543.47354910714
402.814530279499,14558.7172767857,3498.09316220238
403.027115444375,14668.8849925595,3492.82695684524
403.23968913416,14805.9688690476,3519.67810267857
403.452251346566,14890.3256770833,3507.29276785714
403.664802079304,15000.2658407738,3512.07136160714
403.877341330086,15131.5959002976,3518.21526785714
404.089869096623,15242.413764881,3520.75084821429
404.302385376627,15340.4236979167,3522.27869791667
404.51489016781,15348.6805877976,3432.5256547619
404.727383467883,15437.4584077381,3418.67748511905
404.939865274557,15538.4590252976,3409.38035714286
405.152335585545,15632.9581547619,3400.70087053571
405.364794398558,15753.8208184524,3417.44220238095
405.577241711307,15872.375453869,3431.87550595238
405.789677521504,15938.9181845238,3414.87411458333
406.002101826862,16051.231391369,3432.85072916667
406.21451462509,16144.7878050595,3433.17580357143
406.426915913901,16246.4060639881,3433.6309077381
406.639305691007,16362.9127306548,3451.93259672619
406.851683954119,16475.5835193452,3465.52070684524
407.064050700949,16549.4079166667,3431.29037202381
407.276405929208,16645.8574925595,3426.34924107143
407.488749636608,16763.4694122024,3452.55023809524
407.70108182086,16840.0569419643,3441.04260416667
407.913402479676,16988.9410193452,3472.96491071429
408.125711610768,17099.4013020833,3488.04836309524
408.338009211848,17149.4627604167,3468.67392857143
408.550295280626,17255.2094642857,3467.66619791667
408.762569814815,17353.9020535714,3470.13676339286
408.974832812126,17399.607514881,3428.13715029762
409.18708427027,17536.75640625,3472.86738839286
409.39932418696,17654.8234300595,3499.13340029762
409.611552559907,17744.4789508929,3505.14727678571
409.823769386822,17828.93328125,3496.5653125
410.035974665417,17935.2001041667,3529.69039434524
410.248168393404,18041.7269866071,3573.31537946429
410.460350568494,18090.4231324405,3554.20100446429
410.672521188399,18155.4705208333,3539.34510416667
410.88468025083,18231.082827381,3540.84044642857
411.096827753499,18343.8836458333,3569.96711309524
411.308963694118,18421.9340104167,3581.27970238095
411.521088070399,18516.0755580357,3604.65255208333
411.733200880052,18617.8238467262,3623.18179315476
411.945302120789,18671.1035416667,3628.35047619048
412.157391790323,18731.3073214286,3616.68030505952
412.369469886364,18760.4014806548,3590.31677083333
412.581536406624,18795.0869196429,3559.98732886905
412.793591348816,18891.081391369,3571.33242559524
413.005634710649,18921.7359077381,3562.62043154762
413.217666489837,18983.8901339286,3567.10645833333
413.42968668409,19070.8800446429,3597.30587053571
413.641695291121,19125.6875892857,3583.88029761905
413.85369230864,19184.68859375,3578.32152529762
414.06567773436,19235.5302306548,3570.90982886905
414.277651565991,19291.3455059524,3591.68208333333
414.489613801246,19336.0432366071,3575.20081101191
414.701564437837,19387.4375,3546.39921875
414.913503473474,19467.8934151786,3551.79545386905
415.12543090587,19564.0179166667,3575.07078125
415.337346732735,19588.886108631,3552.08802083333
415.549250951782,19625.5219940476,3543.05095238095
415.761143560723,19685.4982217262,3533.91636160714
415.973024557268,19751.3257886905,3536.67949404762
416.184893939129,19826.4179761905,3545.61904017857
416.396751704019,19869.5878571429,3509.17819940476
416.608597849648,19926.1833110119,3508.853125
416.820432373728,19979.1054241071,3510.28345238095
417.032255273971,20070.4838392857,3549.19485863095
417.244066548088,20142.4553125,3552.51061755952
417.455866193791,20235.3940848214,3581.31220982143
417.667654208792,20273.6228348214,3572.63272321429
417.879430590802,20347.2196800595,3577.21627232143
418.091195337533,20382.0351488095,3575.39585565476
418.302948446696,20435.1197991071,3568.30923363095
418.514689916002,20492.3654017857,3569.73956101191
418.726419743165,20541.1265625,3560.735
418.938137925894,20586.5394568452,3530.79564732143
419.149844461903,20647.9460119048,3533.65630208333
419.361539348901,20661.7616741071,3514.70446428571
419.573222584602,20689.0679241071,3496.27274553571
419.784894166716,20764.8102604167,3512.52646577381
419.996554092955,20804.9894568452,3498.19068452381
420.208202361031,20874.1652901786,3505.3098139881
420.419838968655,20876.6033482143,3502.09157738095
420.631463913539,20917.887797619,3486.29296130952
420.843077193395,20983.3902901786,3506.90267857143
421.054678805933,21056.53203125,3532.12845238095
421.266268748867,21108.9015178571,3546.88683035714
421.477847019906,21157.6626785714,3546.98435267857
421.689413616764,21201.0601116071,3546.98435267857
421.900968537151,21223.7828125,3525.75699404762
422.112511778779,21297.2821354167,3544.87136904762
422.32404333936,21333.1053348214,3552.18554315476
422.535563216605,21369.8387425595,3545.45650297619
422.747071408226,21435.0811755952,3582.80755208333
422.958567911934,21496.227671131,3591.09694940476
423.170052725441,21534.2288690476,3569.60953125
423.38152584646,21573.8554389881,3582.80755208333
423.5929872727,21604.1198660714,3589.86166666667
423.804437001874,21625.6397916667,3572.11260416667
424.015875031694,21665.4288988095,3584.85552083333
424.22730135987,21725.5676636905,3608.5209375
424.438715984116,21771.1430952381,3623.96197172619
424.650118902141,21783.1058333333,3635.46960565476
424.861510111659,21843.8297321429,3641.09339285714
425.07288961038,21886.707046131,3646.29458333333
425.284257396016,21925.8134970238,3662.51579613095
425.495613466278,21937.4836681548,3643.69398809524
425.706957818879,21946.4882291667,3633.06405505952
425.91829045153,21969.308452381,3621.03630208333
426.129611361942,21980.84859375,3623.47436011905
426.340920547827,22025.3187723214,3633.68169642857
426.552218006896,22024.0834895833,3604.52252232143
426.763503736862,22029.7397842262,3602.31201636905
426.974777735436,22073.5273065476,3623.73441964286
427.186040000329,22080.581421131,3617.10290178571
427.397290529253,22095.2747842262,3621.94651041667
427.60852931992,22090.008578869,3633.42163690476
427.81975637004,22154.6658779762,3667.58695684524
428.030971677327,22175.0155357143,3646.32709077381
428.242175239491,22226.669858631,3676.36396577381
428.453367054244,22252.3182291667,3675.68130952381
428.664547119298,22245.7517261905,3656.82699404762
428.875715432364,22226.1822470238,3638.46029017857
429.086871991153,22244.4189211309,3637.51757440476
429.298016793378,22261.3878050595,3625.16474702381
429.50914983675,22258.9822544643,3634.88447172619
429.72027111898,22225.23953125,3598.44363095238
429.931380637781,22232.9437946429,3602.14947916667
430.142478390864,22283.6228943452,3632.21886160714
430.353564375939,22279.234389881,3628.48050595238
430.56463859072,22297.9911830357,3637.48506696429
430.775701032917,22262.3305208333,3621.39388392857
430.986751700243,22298.4462872024,3630.98357886905
431.197790590408,22310.636577381,3638.85037946429
431.408817701124,22304.0050595238,3630.4959672619
431.619833030104,22293.4076339286,3594.90031994048
431.830836575058,22271.6276488095,3583.45770089286
432.041828333698,22329.6859375,3627.96038690476
432.252808303736,22280.0795833333,3585.66820684524
432.463776482883,22280.3396428571,3600.45909226191
432.674732868851,22292.3999032738,3590.57683035714
432.885677459352,22293.4726488095,3611.2515625
433.096610252096,22292.204858631,3606.57049107143
433.307531244797,22303.4849404762,3612.19427827381
433.518440435165,22269.5146651786,3602.79962797619
433.729337820911,22254.4962276786,3608.84601190476
433.940223399749,22242.5659970238,3598.41112351191
434.151097169388,22211.2938392857,3581.05215029762
434.361959127541,22166.0759895833,3565.83866815476
434.572809271919,22142.8981845238,3549.48742559524
434.783647600234,22104.6694345238,3543.21348958333
434.994474110198,22041.8975669643,3516.29732886905
435.205288799522,22037.1514806548,3522.05114583333
435.416091665917,21996.8747619048,3528.32508184524
435.626882707096,22000.1905208333,3534.40397321429
435.837661920769,21968.0081547619,3518.67037202381
436.048429304649,21933.4527455357,3520.06819196429
436.259184856448,21927.2438244048,3538.14232886905
436.469928573875,21855.304858631,3479.98651785714
436.680660454645,21841.8792857143,3509.4057514881
436.891380496466,21789.8673809524,3496.6953422619
437.102088697053,21724.6574553571,3493.63964285714
437.312785054115,21655.3190848214,3449.36450892857
437.523469565365,21610.9789360119,3453.4279389881
437.734142228515,21586.4683258929,3476.41069940476
437.944803041275,21572.7501860119,3475.89058035714
438.155452001357,21536.439375,3484.34251488095
438.366089106474,21451.3348958333,3469.29156994048
438.576714354336,21445.4185416667,3499.03587797619
438.787327742656,21412.4559970238,3487.10564732143
438.997929269144,21385.507328869,3506.90267857143
439.208518931513,21329.9846205357,3508.95064732143
439.419096727474,21290.3905580357,3523.22141369048
439.629662654738,21243.3847991071,3528.5201264881
439.840216711018,21194.9162053571,3527.44738095238
440.050758894025,21090.0146949405,3492.30683779762
440.261289201469,21028.5756324405,3516.78494047619
440.471807631064,20992.5248809524,3540.61289434524
440.682314180521,20938.8876041667,3529.52785714286
440.892808847551,20890.6790699405,3532.38851190476
441.103291629865,20785.1924255952,3493.2820610119
441.313762525176,20739.1943973214,3491.59167410714
441.524221531195,20684.0942857143,3502.35163690476
441.734668645633,20647.1008184524,3533.5587797619
441.945103866203,20589.4326190476,3521.36848958333
442.155527190615,20501.6625297619,3495.65510416667
442.365938616582,20455.4044419643,3513.66422619048
442.576338141815,20376.60640625,3496.72784970238
442.786725764025,20322.1239360119,3499.19841517857
442.997101480925,20246.0890327381,3500.14113095238
443.207465290225,20213.7441294643,3536.74450892857
443.417817189638,20138.0017931548,3508.07294642857
443.628157176875,20132.898125,3531.80337797619
443.838485249647,20092.5888988095,3532.42101934524
444.048801405666,20034.2705505952,3551.89297619048
444.259105642644,19963.2092857143,3542.14074404762
444.469397958293,19908.4667559524,3549.45491815476
444.679678350323,19826.9380952381,3508.13796130952
444.889946816447,19766.994375,3504.04202380952
445.100203354376,19688.553921131,3507.87790178571
445.310447961822,19612.5840327381,3522.73380208333
445.520680636496,19589.3737202381,3547.17939732143
445.73090137611,19583.0022619048,3591.84462053572
445.941110178376,19558.1015625,3610.4388764881
446.151307041005,19468.8686383929,3594.51023065476
446.361491961708,19413.5409747024,3598.70369047619
446.571664938198,19367.705483631,3614.27475446429
446.781825968186,19290.435297619,3602.9296577381
446.991975049383,19249.8009970238,3604.68505952381
447.202112179501,19221.4220014881,3637.02996279762
447.412237356252,19160.4055357143,3620.06107886905
447.622350577348,19070.4574479167,3587.13104166667
447.832451840499,19029.1404910714,3611.70666666667
448.042541143418,18946.4090550595,3600.06900297619
448.252618483815,18911.8536458333,3609.56117559524
448.462683859404,18860.2643377976,3588.07375744048
448.672737267895,18810.8205208333,3595.16037946429
448.882778706999,18806.6595684524,3621.49140625
449.092808174429,18802.336078869,3663.49101934524
449.302825667897,18720.1247619048,3645.48189732143
449.512831185113,18676.9873883929,3635.59963541667
449.722824723789,18666.2599330357,3644.50667410714
449.932806281637,18604.3982738095,3639.07793154762
450.142775856368,18511.1669345238,3605.33520833333
450.352733445695,18469.199828869,3598.70369047619
450.562679047328,18434.7094345238,3612.90944196429
450.77261265898,18384.9405431548,3618.11063244048
450.982534278361,18352.7256696429,3617.91558779762
451.192443903184,18298.535766369,3606.63550595238
451.40234153116,18215.3492261905,3591.38951636905
451.61222716,18168.4409895833,3581.01964285714
451.822100787417,18137.8189806548,3582.97008928571
452.031962411121,18119.0946949405,3616.12767857143
452.241812028825,18036.4282738095,3587.71617559524
452.45164963824,18003.5957589286,3582.35244791667
452.661475237078,17942.3517410714,3577.15125744048
452.87128882305,17931.4942559524,3591.94214285714
453.081090393868,17878.8647098214,3577.34630208333
453.290879947243,17829.8109821429,3593.60002232143
453.500657480887,17786.3485342262,3583.91280505952
453.710422992512,17769.8022470238,3585.37563988095
453.920176479828,17724.9744866071,3583.71776041667
454.129917940549,17700.6914285714,3601.17425595238
454.339647372385,17660.5772470238,3597.69595982143
454.549364773049,17637.106875,3624.18952380952
454.75907014025,17571.7994270833,3614.89239583333
454.968763471702,17570.9217261905,3618.79328869048
455.178444765116,17536.008735119,3630.3659375
455.388114018203,17549.3042782738,3643.69398809524
455.597771228675,17537.0814806548,3669.34235863095
455.807416394244,17558.7314360119,3720.11898065476
456.017049512621,17527.9793973214,3708.12373511905
456.226670581517,17506.0043675595,3710.75683779762
456.436279598645,17457.4707589286,3700.48448660714
456.645876561716,17463.4196205357,3731.65912202381
456.855461468442,17450.9692708333,3746.18994791667
457.065034316534,17414.3008779762,3732.63434523809
457.274595103703,17345.7426860119,3704.28785714286
457.484143827662,17322.3048214286,3712.64226934524
457.693680486122,17279.1024330357,3659.55761904762
457.903205076794,17229.5285863095,3648.21252232143
458.11271759739,17250.1383035714,3685.14097470238
458.322218045623,17254.1692261905,3692.68270089286
458.531706419202,17195.8508779762,3641.19091517857
458.741182715841,17199.6217410714,3651.13819196429
458.95064693325,17156.0942782738,3619.9960639881
459.160099069141,17127.910327381,3617.10290178571
459.369539121226,17104.2124032738,3619.96355654762
459.578967087216,17085.1955505952,3616.1601860119
459.788382964823,17016.637358631,3584.0753422619
459.997786751759,17012.7689732143,3576.92370535714
460.207178445735,16964.2028571429,3536.7120014881
460.416558044462,16960.9521130952,3540.51537202381
460.625925545653,16967.42109375,3564.57087797619
460.835280947018,16992.5818526786,3571.59248511905
461.044624246271,16941.6752008929,3531.21824404762
461.253955441121,16919.1800520833,3525.33439732143
461.463274529281,16914.5639955357,3530.8281547619
461.672581508462,16945.0884821429,3583.97781994048
461.881876376376,16969.8591517857,3593.66503720238
462.091159130735,16957.5713392857,3605.01013392857
462.30042976925,16947.559047619,3589.69912946429
462.509688289632,16922.0732142857,3574.55066220238
462.718934689594,16911.1507142857,3576.50110863095
462.928168966846,16919.017514881,3604.13243303571
463.137391119102,16882.6416889881,3587.39110119048
463.346601144071,16902.7312872024,3608.58595238095
463.555799039465,16927.5019568452,3622.62916666667
463.764984802997,16917.8472470238,3597.43590029762
463.974158432378,16931.7279241071,3596.68822916667
464.18331992532,16925.8115699405,3592.98238095238
464.392469279533,16950.1921502976,3602.01944940476
464.60160649273,16977.8559821429,3606.37544642857
464.810731562622,16984.0649032738,3609.26860863095
465.019844486922,16990.2413169643,3603.41726934524
465.228945263339,16972.5572693452,3581.99486607143
465.438033889587,16998.1731324405,3579.23173363095
465.647110363376,17028.86015625,3583.36017857143
465.856174682419,17047.8119940476,3588.26880208333
466.065226844426,17059.5471800595,3574.74570684524
466.27426684711,17074.2405431548,3572.60021577381
466.483294688181,17141.5959598214,3620.48367559524
466.692310365353,17169.0972544643,3645.96950892857
466.901313876335,17180.6048883929,3638.68784226191
467.110305218841,17191.4948809524,3626.20498511905
467.319284390581,17190.5521651786,3614.1122172619
467.528251389266,17235.2498958333,3625.55483630952
467.73720621261,17246.7250223214,3625.91241815476
467.946148858323,17247.2451413691,3593.43748511905
468.155079324116,17269.5777529762,3594.3151860119
468.363997607702,17272.4384077381,3573.96552827381
468.572903706792,17279.1674479167,3568.08168154762
468.781797619097,17276.0142261905,3549.9425297619
468.99067934233,17275.98171875,3551.37285714286
469.199548874201,17256.4772544643,3526.95976934524
469.408406212423,17252.1862723214,3496.46779017857
469.617251354706,17303.8731026786,3522.18117559524
469.826084298764,17364.7595386905,3567.6915922619
470.034905042306,17382.47609375,3567.26899553571
470.243713583045,17415.6011755952,3580.95462797619
470.452509918693,17424.6057366071,3564.18078869048
470.661294046961,17456.5280431548,3582.05988095238
470.87006596556,17464.7524255952,3563.66066964286
471.078825672202,17499.7629389881,3554.62360119048
471.287573164599,17535.0985267857,3558.68703125
471.496308440462,17576.2204389881,3565.70863839286
471.705031497503,17611.6535491071,3566.81389136905
471.913742333434,17646.3714955357,3564.92845982143
472.122440945966,17688.1435565476,3567.49654761905
472.331127332811,17757.7094791667,3609.85374255952
472.53980149168,17790.7370386905,3625.61985119048
472.748463420285,17846.4872991071,3642.00360119048
472.957113116337,17918.2637276786,3673.40578869048
473.165750577549,17945.1798883929,3678.76951636905
473.374375801631,18006.2613690476,3691.31738839286
473.582988786296,18066.0425520833,3721.22423363095
473.791589529255,18131.415014881,3759.71304315476
474.000178028219,18128.5868675595,3741.34633928571
474.2087542809,18124.2633779762,3701.03711309524
474.41731828501,18129.8221502976,3690.27715029762
474.62587003826,18159.8590252976,3687.93661458333
474.834409538362,18208.3601264881,3690.63473214286
475.042936783028,18231.7979910714,3689.39944940476
475.251451769968,18250.8473511905,3674.80360863095
475.459954496896,18282.964702381,3683.613125
475.668444961521,18273.3750074405,3661.67060267857
475.876923161557,18283.8098958333,3656.20935267857
476.085389094714,18336.4394419643,3670.41510416667
476.293842758704,18353.8634300595,3670.93522321429
476.502284151238,18353.960952381,3643.85652529762
476.710713270029,18358.739546131,3622.0440327381
476.919130112788,18389.0689880952,3630.00835565476
477.127534677227,18408.9310342262,3621.19883928571
477.335926961056,18428.2079464286,3628.74056547619
477.544306961988,18458.1472991071,3629.000625
477.752674677734,18456.0993303571,3625.84740327381
477.961030106007,18446.4446205357,3595.16037946429
478.169373244516,18473.1332291667,3610.63392113095
478.377704090975,18501.9348214286,3618.27316964286
478.586022643094,18534.2147098214,3638.91539434524
478.794328898586,18569.4852827381,3650.03293898809
479.002622855161,18619.3191889881,3673.11322172619
479.210904510532,18664.2769791667,3708.87140625
479.41917386241,18668.1453645833,3687.44900297619
479.627430908506,18685.4718303571,3688.55425595238
479.835675646533,18707.6419047619,3706.59588541667
480.043908074201,18748.47125,3729.28607886905
480.252128189223,18740.0518229167,3712.8373139881
480.46033598931,18742.0672842262,3708.54633184524
480.668531472173,18770.8038616071,3735.69004464286
480.876714635525,18772.0716517857,3730.48885416667
481.084885477077,18776.2651116071,3731.07398809524
481.29304399454,18780.4910788691,3712.4147172619
481.501190185626,18776.9802752976,3715.66546130952
481.709324048046,18798.5002008929,3721.2892485119
481.917445579513,18794.7293377976,3713.81253720238
482.125554777737,18817.8096205357,3707.24603422619
482.333651640431,18836.7289508929,3720.21650297619
482.541736165306,18823.5309300595,3701.97982886905
482.749808350073,18805.5218080357,3679.12709821429
482.957868192445,18807.5047619048,3682.02026041667
483.165915690132,18791.0234895833,3663.52352678572
483.373950840847,18759.5887946429,3626.88764136905
483.581973642301,18706.6666815476,3589.82915922619
483.789984092205,18665.2847098214,3571.91755952381
483.997982188272,18641.0016517857,3554.62360119048
484.205967928212,18657.9705357143,3559.85729910714
484.413941309737,18635.6054166667,3537.78474702381
484.62190233056,18681.3758928571,3576.63113839286
484.829850988391,18691.4531994048,3592.81984375
485.037787280942,18684.2040401786,3582.09238839286
485.245711205925,18715.8987946429,3619.28090029762
485.453622761051,18729.9095014881,3632.21886160714
485.661521944033,18726.1386383929,3643.40142113095
485.86940875258,18766.90296875,3684.26327380952
486.077283184406,18763.7497470238,3687.96912202381
486.285145237222,18743.1400297619,3678.151875
486.492994908739,18732.2175297619,3673.95841517857
486.700832196668,18742.8149553571,3682.3778422619
486.908657098723,18731.1772916667,3672.20301339286
487.116469612613,18797.0698735119,3735.13741815476
487.324269736051,18782.1814657738,3720.02145833333
487.532057466749,18820.2801860119,3759.2579389881
487.739832802417,18770.7388467262,3737.54296875
487.947595740768,18771.8766071429,3740.43613095238
488.155346279513,18818.1346949405,3774.9590327381
488.363084416364,18798.5002008929,3761.69599702381
488.570810149032,18774.1196205357,3742.80917410714
488.778523475229,18768.5283407738,3742.09401041667
488.986224392666,18759.6863169643,3734.61729910714
489.193912899055,18742.1648065476,3716.28310267857
489.401588992108,18689.8603348214,3671.74790922619
489.609252669537,18663.1067113095,3647.78992559524
489.816903929052,18642.9195907738,3649.4803125
490.024542768366,18605.2109598214,3630.56098214286
490.23216918519,18588.9897470238,3620.61370535714
490.439783177235,18549.6882514881,3588.10626488095
490.647384742214,18535.8400818452,3585.47316220238
490.854973877837,18509.3790252976,3579.23173363095
491.062550581817,18478.4644494048,3557.97186755952
491.270114851865,18467.5744568452,3558.5570014881
491.477666685693,18406.525483631,3519.12547619048
491.685206081012,18410.9464955357,3532.87612351191
491.892733035534,18353.1482663691,3489.70624255952
492.10024754697,18381.3647247024,3521.20595238095
492.307749613032,18399.5038764881,3544.93638392857
492.515239231432,18384.550453869,3535.99683779762
492.722716399881,18414.6198363095,3576.95621279762
492.930181116091,18388.9714657738,3573.99803571429
493.137633377774,18408.8010044643,3604.09992559524
493.34507318264,18395.602983631,3617.16791666667
493.552500528402,18374.1155654762,3614.5348139881
493.759915412771,18398.5611607143,3653.77129464286
493.967317833459,18413.28703125,3683.19052827381
494.174707788178,18409.0285565476,3683.77566220238
494.382085274638,18430.3534375,3709.26149553571
494.589450290552,18402.1044717262,3704.87299107143
494.796802833631,18395.7980282738,3713.84504464286
495.004142901588,18407.7282589286,3722.94712797619
495.211470492132,18411.2390625,3739.16834077381
495.418785602976,18402.7871279762,3747.52275297619
495.626088231832,18380.9096205357,3745.31224702381
495.833378376411,18359.7147693452,3735.88508928571
496.040656034425,18330.1004910714,3733.80461309524
496.247921203586,18325.6794791667,3743.00421875
496.455173881604,18303.5419122024,3738.25813244048
496.662414066192,18256.5686607143,3704.61293154762
496.869641755061,18236.4465550595,3708.57883928571
497.076856945923,18220.7129538691,3712.12215029762
497.284059636489,18197.502641369,3698.27398065476
497.491249824471,18170.9765699405,3687.44900297619
497.698427507581,18128.5218526786,3662.71084077381
497.90559268353,18096.3719940476,3646.16455357143
498.112745350029,18085.8395833333,3653.47872767857
498.319885504791,18026.2209375,3615.3475
498.527013145527,17998.2645386905,3602.66959821429
498.734128269948,17973.7539285714,3597.4684077381
498.941230875767,17951.746391369,3588.46384672619
499.148320960694,17986.4318303571,3643.8890327381
499.355398522442,17961.5961458333,3651.72332589286
499.562463558721,17928.9911830357,3638.94790178571
499.769516067244,17911.3721502976,3633.29160714286
499.976556045722,17893.785625,3633.45414434524
500.183583491867,17885.5612425595,3633.35662202381
500.39059840339,17861.9608407738,3615.77009672619
500.597600778004,17857.4748139881,3624.31955357143
500.804590613418,17841.1235714286,3616.77782738095
501.011567907346,17846.747358631,3635.53462053571
501.218532657498,17822.5618229167,3634.10429315476
501.425484861587,17806.6656845238,3636.99745535714
501.632424517324,17783.2928348214,3625.74988095238
501.83935162242,17764.145952381,3627.53779017857
502.046266174587,17767.49421875,3638.91539434524
502.253168171537,17773.9631994048,3669.24483630953
502.460057610981,17765.511264881,3678.63948660714
502.666934490631,17774.4833184524,3698.43651785714
502.873798808198,17780.1721205357,3710.30173363095
503.080650561395,17741.2932217262,3687.61154017857
503.287489747932,17711.2888541667,3662.12570684524
503.494316365522,17656.1237276786,3621.06880952381
503.701130411875,17630.2478050595,3608.58595238095
503.907931884704,17625.0466145833,3619.24839285714
504.11472078172,17628.167328869,3643.8890327381
504.321497100634,17641.88546875,3662.90588541667
504.528260839159,17614.3841741071,3651.17069940476
504.735011995006,17598.0004241071,3655.10409970238
504.941750565886,17570.5316369048,3654.29141369048
505.148476549511,17581.2265848214,3671.71540178571
505.355189943593,17554.0178571429,3660.59785714286
505.561890745843,17550.9621577381,3658.71242559524
505.768578953973,17522.1930729167,3645.61192708333
505.975254565694,17539.1294494048,3675.61629464286
506.181917578718,17519.0398511905,3667.13185267857
506.388567990757,17483.3141741071,3642.42619791667
506.595205799522,17480.5835491071,3651.75583333333
506.801831002725,17443.5575744048,3630.04086309524
507.008443598077,17423.6955282738,3628.54552083333
507.215043583291,17414.6584598214,3629.29319196429
507.421630956077,17417.7791741071,3639.95563244048
507.628205714147,17411.2776860119,3643.04383928571
507.834767855213,17407.4093005952,3636.60736607143
508.041317376986,17401.4279315476,3633.87674107143
508.247854277179,17399.9976041667,3639.63055803571
508.454378553502,17393.6261458333,3640.67079613095
508.660890203667,17358.9732142857,3621.23134672619
508.867389225386,17363.7843154762,3638.88288690476
509.07387561637,17365.9298065476,3648.6676264881
509.280349374331,17373.0489360119,3649.64284970238
509.486810496981,17359.2332738095,3658.28982886905
509.693258982031,17335.8929315476,3641.45097470238
509.899694827193,17350.5862946429,3661.15048363095
510.106118030178,17345.2225669643,3653.12114583333
510.312528588698,17335.2427827381,3649.15523809524
510.518926500465,17325.1654761905,3649.38279017857
510.72531176319,17323.7351488095,3655.88427827381
510.931684374585,17313.5603199405,3639.98813988095
511.13804433236,17324.7103720238,3648.96019345238
511.344391634229,17414.8860119048,3733.73959821429
511.550726277903,17384.3940327381,3725.61273809524
511.757048261092,17373.6015625,3720.18399553571
511.96335758151,17381.0132589286,3736.82780505952
512.169654236866,17363.8493303571,3730.97646577381
512.375938224874,17374.0241592262,3747.13266369048
512.582209543244,17380.8507217262,3746.45000744048
512.788468189688,17377.5349627976,3750.5134375
512.994714161918,17387.0596428571,3755.35704613095
513.200947457646,17377.3399181548,3756.29976190476
513.407168074582,17416.1212946429,3781.65556547619
513.613376010439,17390.4079092262,3763.93901041667
513.819571262928,17386.9946279762,3754.02424107143
514.02575382976,17427.6614360119,3799.37212053572
514.231923708648,17406.9541964286,3783.76854910714
514.438080897303,17388.9450744048,3772.74852678571
514.644225393436,17364.5319866071,3756.88489583333
514.850357194759,17349.0584449405,3742.97171130952
515.056476298984,17369.2780729167,3767.09223214286
515.262582703823,17360.1759895833,3769.69282738095
515.468676406986,17337.5508110119,3748.5954985119
515.674757406185,17225.2376041667,3635.17703869048
515.880825699133,17229.3985565476,3633.55166666667
516.086881283541,17251.6986607143,3647.13977678571
516.29292415712,17238.6631770833,3634.10429315476
516.498954317581,17246.6600074405,3639.40300595238
516.704971762637,17268.407485119,3657.41212797619
516.910976489999,17245.0996502976,3646.1970610119
517.116968497379,17217.0782366071,3614.69735119048
517.322947782488,17214.7377008929,3615.28248511905
517.528914343038,17246.8875595238,3634.20181547619
517.73486817674,17213.1448363095,3600.23154017857
517.940809281307,17272.5359300595,3649.25276041667
518.146737654449,17289.1472321429,3669.73244791667
518.352653293878,17272.0158110119,3652.86108630952
518.558556197306,17273.6736904762,3643.62897321429
518.764446362445,17295.5186904762,3667.55444940476
518.970323787005,17320.6794494048,3678.34691964286
519.176188468699,17349.2534895833,3692.35762648809
519.382040405239,17352.1466517857,3685.43354166667
519.587879594335,17352.1141443452,3666.6767485119
519.7937060337,17369.1480431548,3686.92888392857
519.999519721045,17406.5315997024,3723.23969494048
520.205320654081,17434.6505357143,3744.20699404762
520.41110883052,17429.8394345238,3739.62344494048
520.616884248075,17432.4725372024,3742.74415922619
520.822646904455,17430.7171354167,3742.1915327381
521.028396797374,17424.9308110119,3727.72572172619
521.234133924543,17433.8703571429,3724.5725
521.439858283672,17511.7256770833,3795.43872023809
521.645569872474,17518.9098214286,3803.85814732143
521.851268688661,17500.1855357143,3775.67419642857
522.056954729944,17520.8927752976,3806.3612202381
522.262627994034,17486.7599627976,3776.77944940476
522.468288478643,17478.9906845238,3749.08311011905
522.673936181484,17475.0247767857,3742.41908482143
522.879571100266,17470.3762127976,3748.92057291667
523.085193232703,17462.6394419643,3726.00282738095
523.290802576505,17442.6798735119,3707.3760639881
523.496399129384,17445.2479613095,3726.19787202381
523.701982889052,17453.6023735119,3728.14831845238
523.907553853221,17517.2844494048,3789.42484375
524.113112019601,17526.4190401786,3784.67875744048
524.318657385905,17525.2487723214,3775.38162946429
524.524189949844,17540.8198363095,3783.70353422619
524.72970970913,17531.29515625,3771.64327380952
524.935216661474,17556.3258854167,3787.14932291667
525.140710804588,17554.7655282738,3775.31661458333
525.346192136184,17566.8908035714,3791.83039434524
525.551660653973,17629.6951785714,3841.69680803571
525.757116355666,17587.8581026786,3795.92633184524
525.962559238976,17592.4091443452,3780.5503125
526.167989301614,17607.3625669643,3795.24367559524
526.373406541291,17584.1522544643,3758.51026785714
526.578810955719,17583.9897172619,3740.4036235119
526.78420254261,17579.4386755952,3740.40362351191
526.989581299676,17569.3288616071,3731.20401785714
527.194947224627,17597.5128125,3736.89281994048
527.400300315176,17604.0468080357,3736.43771577381
527.605640569034,17619.5853645833,3737.54296875
527.810967983912,17638.3746651786,3741.83395089286
528.016282557523,17650.142358631,3751.45615327381
528.221584287578,17592.3766369048,3690.92729910714
528.426873171788,17600.8935863095,3699.70430803571
528.632149207866,17598.9106324405,3694.37308779762
528.837412393522,17588.5407589286,3672.52808779762
529.042662726468,17610.0606845238,3685.82363095238
529.247900204417,17633.9536532738,3697.00619047619
529.453124825078,17638.4396800595,3689.2044047619
529.658336586165,17645.1362127976,3682.3778422619
529.863535485388,17582.1042857143,3615.2174702381
530.06872152046,17583.6321354167,3594.25017113095
530.273894689092,17628.8174776786,3621.29636160714
530.479054988995,17616.7247098214,3602.60458333333
530.684202417881,17642.6656473214,3614.1122172619
530.889336973461,17632.0682217262,3601.30428571429
531.094458653448,17642.1130208333,3599.93897321429
531.299567455553,17700.3663541667,3632.44641369048
531.504663377487,17689.9639732143,3619.47594494048
531.709746416963,17720.0983705357,3636.18476934524
531.914816571691,17774.0607217262,3678.21688988095
532.119873839383,17765.2512053571,3650.39052083333
532.324918217751,17754.52375,3631.76375744048
532.529949704506,17773.3455580357,3628.67555059524
532.734968297361,17818.6609300595,3644.99428571429
532.939973994026,17843.2365550595,3651.07317708333
533.144966792213,17845.252016369,3637.97267857143
533.349946689634,17875.8090104167,3645.31936011905
533.554913684001,17853.0863095238,3610.92648809524
533.759867773024,17880.2300223214,3626.98516369048
533.964808954416,17866.1217931548,3597.5984375
534.169737225888,17899.2793824405,3613.8521577381
534.374652585152,17911.7297321429,3622.33659970238
534.57955502992,17873.240922619,3565.48108630952
534.784444557903,17884.8785863095,3559.62974702381
534.989321166812,17896.8413244048,3553.64837797619
535.194184854359,17943.5220089286,3578.71161458333
535.399035618256,17959.6131919643,3576.95621279762
535.603873456214,17962.7664136905,3559.66225446428
535.808698365946,17988.8373809524,3565.22102678571
536.013510345162,18015.6560193452,3577.80140625
536.218309391574,18036.5583035714,3582.77504464286
536.423095502894,18067.115297619,3587.42360863095
536.627868676833,18085.0268973214,3586.90348958333
536.832628911103,18113.7959821429,3605.36771577381
537.037376203416,18080.3133184524,3557.32171875
537.242110551483,18077.6477083333,3545.97662202381
537.446831953016,18099.5252157738,3555.30625744048
537.651540405726,18129.5295833333,3575.65591517857
537.856235907325,18161.0292931548,3592.98238095238
538.060918455524,18181.7690401786,3590.25175595238
538.265588048036,18223.4435788691,3610.89398065476
538.470244682572,18254.6182142857,3628.05790922619
538.674888356842,18297.9506324405,3648.99270089286
538.87951906856,18308.8731324405,3656.69696428571
539.084136815436,18345.3139732143,3670.41510416667
539.288741595183,18342.7458854167,3654.84404017857
539.49333340551,18347.9795833333,3640.08566220238
539.697912244132,18364.5583779762,3639.04542410714
539.902478108758,18335.1391443452,3604.45750744048
540.107030997101,18328.2150595238,3587.84620535714
540.311570906872,18335.4967261905,3570.90982886905
540.516097835782,18332.9936532738,3557.28921130952
540.720611781544,18315.4721428571,3532.97364583333
540.925112741869,18328.8001934524,3526.27711309524
541.129600714468,18365.8586755952,3536.38692708333
541.334075697054,18398.4311309524,3550.30011160714
541.538537687337,18446.5421428571,3571.42994791667
541.742986683029,18495.1082589286,3595.32291666667
541.947422681843,18513.3124255952,3588.62638392857
542.151845681488,18528.1358184524,3576.82618303571
542.356255679678,18550.9235342262,3588.1712797619
542.560652674124,18560.5782440476,3590.9019047619
542.765036662536,18583.4309747024,3595.48545386905
542.969407642628,18579.1074851191,3564.99347470238
543.17376561211,18599.2295907738,3571.36493303571
543.378110568694,18630.7618080357,3592.33223214286
543.582442510092,18673.8341666667,3619.18337797619
543.786761434015,18678.5477455357,3613.9821875
543.991067338175,18701.36796875,3618.82579613095
544.195360220283,18734.8831398809,3631.47119047619
544.399640078052,18760.7915699405,3631.47119047619
544.603906909192,18755.9479613095,3614.37227678571
544.808160711415,18774.8672916667,3605.14016369048
545.012401482433,18855.2581919643,3662.3207514881
545.216629219958,18878.4034895833,3658.28982886905
545.4208439217,18879.9638467262,3647.23729910714
545.625045585373,18903.6292633929,3655.85177083333
545.829234208686,18888.350766369,3625.35979166667
546.033409789352,18872.7471949405,3586.83847470238
546.237572325083,18873.2998214286,3560.83252232143
546.44172181359,18884.2873363095,3557.38673363095
546.645858252584,18921.1507738095,3571.16988839286
546.849981639777,18925.1491889881,3549.64996279762
547.054091972882,18944.458608631,3549.74748511905
547.258189249608,18995.8528720238,3584.36790922619
547.462273467669,19029.2380133929,3598.80121279762
547.666344624775,19030.8308779762,3573.67296130952
547.870402718639,19048.3848958333,3569.05690476191
548.074447746971,19082.8752901786,3590.12172619048
548.278479707484,19107.3859002976,3598.50864583333
548.482498597888,19125.4600372024,3596.81825892857
548.686504415897,19175.0988988095,3621.52391369048
548.89049715922,19202.43765625,3637.71261904762
549.09447682557,19235.4977232143,3649.77287946429
549.298443412659,19233.2872172619,3625.00220982143
549.502396918197,19261.0160639881,3637.22500744048
549.706337339897,19283.3161681548,3630.3659375
549.910264675471,19335.0355059524,3659.91520089286
550.114178922629,19393.1913169643,3693.00777529762
550.318080079083,19413.6710044643,3702.1748735119
550.521968142545,19431.1275,3709.94415178571
550.725843110727,19472.3794419643,3725.48270833333
550.92970498134,19478.3283035714,3717.90847470238
551.133553752096,19492.2739955357,3709.06645089286
551.337389420706,19485.3174032738,3681.63017113095
551.541211984882,19485.74,3676.59151785714
551.745021442336,19510.0230580357,3681.59766369048
551.948817790778,19539.1497247024,3688.78180803571
552.152601027922,19560.9297098214,3692.13007440476
552.356371151477,19591.0966145833,3686.01867559524
552.560128159157,19605.0748139881,3677.72927827381
552.763872048672,19615.9322991071,3670.41510416667
552.967602817734,19626.9198139881,3671.29280505952
553.171320464056,19666.7414285714,3683.25554315476
553.375024985347,19670.3172470238,3684.00321428571
553.57871637932,19657.3142708333,3655.94929315476
553.782394643687,19662.0278497024,3649.57783482143
553.986059776159,19675.0308258929,3655.52669642857
554.189711774447,19668.691875,3646.87971726191
554.393350636264,19675.6484672619,3638.94790178571
554.596976359321,19705.3602678571,3657.6721875
554.800588941329,19687.5786979167,3627.47277529762
555.00418838,19703.2147767857,3638.13521577381
555.207774673046,19701.7844494048,3618.04561755952
555.411347818178,19727.6928794643,3634.3318452381
555.614907813108,19768.8147916667,3666.38418154762
555.818454655548,19808.2788244048,3673.47080357143
556.021988343208,19820.7941889881,3660.82540922619
556.225508873802,19825.9953794643,3657.21708333333
556.429016245039,19842.834233631,3656.98953125
556.632510454633,19862.7938020833,3667.97704613095
556.835991500294,19875.4717038691,3664.46624255952
557.039459379734,19905.9961904762,3675.19369791667
557.242914090664,19910.6772619048,3659.1675297619
557.446355630797,19903.2330580357,3641.06088541667
557.649783997844,19897.0566443452,3615.64006696429
557.853199189516,19923.8752827381,3636.80241071429
558.056601203525,19949.1335639881,3646.6196577381
558.259990037583,19944.7450595238,3633.45414434524
558.463365689401,19945.7527901786,3598.34610863095
558.66672815669,19940.9091815476,3586.25334077381
558.870077437164,19980.9908556548,3604.94511904762
559.073413528532,20036.8061309524,3649.67535714286
559.276736428507,20051.4344791667,3640.76831845238
559.4800461348,20053.4174330357,3624.48209077381
559.683342645123,20083.3892931548,3637.81014136905
559.886625957187,20065.7377529762,3603.54729910714
560.089896068704,20057.9034598214,3585.83074404762
560.293152977386,20077.0828497024,3594.80279761905
560.496396680944,20109.2977232143,3611.1215327381
560.69962717709,20099.1879092262,3590.18674107143
560.902844463536,20102.17859375,3582.18991071429
561.106048537992,20113.2636309524,3571.13738095238
561.309239398171,20131.8253794643,3572.30764880952
561.512417041784,20132.5080357143,3561.41765625
561.715581466543,20151.0047693452,3572.60021577381
561.918732670159,20179.1887202381,3586.48089285714
562.121870650344,20216.6372916667,3602.66959821429
562.32499540481,20266.0486011905,3632.60895089286
562.528106931268,20281.6196651786,3626.23749255952
562.73120522743,20309.5110491071,3641.64601934524
562.934290291007,20336.2646726191,3651.62580357143
563.137362119711,20307.8531696429,3612.90944196429
563.340420711253,20295.7929092262,3571.16988839286
563.543466063346,20311.9816145833,3570.77979910714
563.746498173701,20367.04921875,3610.14630952381
563.949517040028,20400.1417931548,3628.70805803571
564.152522660041,20432.4866964286,3639.24046875
564.355515031451,20430.8938318452,3631.24363839286
564.558494151968,20433.4944270833,3620.6787202381
564.761460019305,20412.4946205357,3583.97781994048
564.964412631174,20429.6260416667,3583.55522321429
565.167351985285,20448.1877901786,3586.74095238095
565.370278079351,20427.0904613095,3556.34649553571
565.573190911083,20431.4139508929,3551.40536458333
565.776090478193,20454.9818452381,3562.1003125
565.978976778392,20474.291264881,3549.29238095238
566.181849809392,20497.0139657738,3554.94867559524
566.384709568905,20519.3140699405,3556.41151041667
566.587556054641,20493.405639881,3516.55738839286
566.790389264314,20498.1842336309,3514.99703125
566.993209195633,20522.3047544643,3524.74926339286
567.196015846312,20534.4625372024,3517.07750744048
567.398809214061,20572.0736458333,3530.17800595238
567.601589296592,20603.1182514881,3553.81091517857
567.804356091617,20597.6570014881,3541.29555059524
568.007109596847,20572.8213169643,3503.58691964286
568.209849809994,20572.2361830357,3488.86104910714
568.412576728769,20590.4403497024,3482.9121875
568.615290350885,20595.4464955357,3468.60891369048
568.817990674052,20636.763452381,3484.79761904762
569.020677695982,20655.195171131,3488.73101934524
569.223351414388,20683.6066741071,3499.75104166667
569.426011826979,20685.3945833333,3479.53141369048
569.628658931469,20763.3474255952,3551.56790178571
569.831292725569,20778.5284002976,3551.21031994048
570.03391320699,20799.788266369,3558.16691220238
570.236520373443,20827.2570535714,3566.13123511905
570.439114222641,20838.0170163691,3551.63291666667
570.641694752295,20814.4166145833,3522.60377232143
570.844261960117,20815.3268229167,3507.03270833333
571.046815843818,20867.0461607143,3532.35600446429
571.24935640111,20860.6421949405,3514.4444047619
571.451883629704,20878.8138541667,3513.89177827381
571.654397527312,20860.1220758929,3484.63508184524
571.856898091646,20869.7767857143,3479.56392113095
572.059385320417,20925.4295238095,3511.38870535714
572.261859211337,20948.8998958333,3524.84678571429
572.464319762118,20950.8178348214,3505.50485863095
572.66676697047,20941.3256622024,3501.27889136905
572.869200834106,20980.3996056548,3508.56055803571
573.071621350737,20979.6194270833,3503.61942708333
573.274028518075,21004.8452008929,3515.48464285714
573.476422333831,21014.4023883929,3513.14410714286
573.678802795718,21042.3912946429,3524.94430803571
573.881169901446,21032.1514508929,3494.35480654762
574.083523648727,21054.7116145833,3496.92289434524
574.285864035273,21093.9806026786,3516.39485119048
574.488191058795,21113.2250074405,3525.30188988095
574.690504717005,21135.2650520833,3533.13618303571
574.892805007615,21141.8965699405,3520.23072916667
575.095091928336,21222.7100669643,3576.07851190476
575.29736547688,21267.407797619,3598.54115327381
575.499625650958,21282.8163244048,3601.95443452381
575.701872448282,21301.3780729167,3605.17267113095
575.904105866564,21347.9937425595,3633.81172619048
576.106325903515,21359.4363616071,3630.39844494048
576.308532556847,21331.4474553571,3593.3724702381
576.51072582427,21348.4813541667,3592.29972470238
576.712905703498,21389.4732366071,3605.88783482143
576.915072192242,21412.1309226191,3595.90805059524
577.117225288213,21420.3878125,3601.01171875
577.319364989122,21450.3271651786,3609.20359375
577.521491292682,21488.5234077381,3625.29477678571
577.723604196603,21522.2011160714,3630.26841517857
577.925703698598,21538.6823883929,3632.25136904762
578.127789796379,21539.9826860119,3625.65235863095
578.329862487656,21570.6697098214,3629.45572916667
578.531921770141,21563.2905208333,3604.88010416667
578.733967641546,21593.2298735119,3624.57961309524
578.936000099583,21579.7067782738,3602.86464285714
579.138019141963,21650.7030282738,3649.18774553571
579.340024766397,21637.7000520833,3626.40002976191
579.542016970598,21625.5097619048,3601.79189732143
579.743995752277,21642.1535714286,3594.96533482143
579.945961109145,21695.0431770833,3629.35820684524
580.147913038915,21684.9008556548,3603.67732886905
580.349851539297,21694.2304910714,3592.29972470238
580.551776608003,21726.5753943452,3604.06741815476
580.753688242746,21738.4406101191,3592.98238095238
580.955586441235,21739.1557738095,3576.24104910714
581.157471201184,21775.7591517857,3602.14947916667
581.359342520303,21788.274516369,3604.26246279762
581.561200396305,21799.2295238095,3592.55978422619
581.763044826901,21790.7125744048,3574.03054315476
581.964875809802,21800.7248660714,3571.91755952381
582.16669334272,21815.5482589286,3571.42994791667
582.368497423367,21863.5617485119,3586.70844494048
582.570288049454,21898.8323214286,3614.43729166667
582.772065218693,21889.1451041667,3591.09694940476
582.973828928795,21892.850952381,3567.46404017857
583.175579177473,21965.3100372024,3614.82738095238
583.377315962437,21933.4202380952,3568.27672619048
583.5790392814,21953.607358631,3557.32171875
583.780749132072,21964.3673214286,3550.33261904762
583.982445512165,21989.1054836309,3565.05848958333
584.184128419392,21985.7247098214,3540.61289434524
584.385797851463,22001.263266369,3549.71497767857
584.587453806091,22043.4904315476,3570.90982886905
584.789096280986,22053.21015625,3560.08485119048
584.990725273861,22116.3070982143,3605.59526785714
585.192340782427,22119.2652752976,3603.48228422619
585.393942804395,22139.159828869,3601.20676339286
585.595531337478,22192.4395238095,3622.20656994048
585.797106379386,22231.6434970238,3651.85335565476
585.998667927832,22259.2423139881,3659.8501860119
586.200215980527,22270.6524255952,3653.83630952381
586.401750535182,22302.7047619048,3668.17209077381
586.60327158951,22345.9071502976,3694.21055059524
586.804779141221,22340.2183482143,3673.37328125
587.006273188028,22410.4019122024,3703.02006696429
587.207753727642,22415.3755505952,3686.60380952381
587.409220757774,22390.6698958333,3642.58873511905
587.610674276137,22427.1432440476,3650.65058035714
587.812114280441,22423.0798139881,3635.6971577381
588.013540768399,22442.1941889881,3638.26524553571
588.214953737721,22451.4913169643,3618.2081547619
588.416353186121,22454.2219419643,3604.425
588.617739111308,22499.3097619048,3613.78714285714
588.819111510995,22510.6873660714,3602.60458333333
589.020470382894,22537.831078869,3609.10607142857
589.221815724715,22528.6964880952,3578.22400297619
589.423147534171,22552.1343526786,3584.79050595238
589.624465808973,22585.1944196429,3595.87554315476
589.825770546834,22613.4108779762,3608.00081845238
590.027061745463,22602.1633035714,3581.40973214286
590.228339402573,22607.0719270833,3564.27831101191
590.429603515876,22661.8469642857,3586.28584821429
590.630854083083,22644.5204985119,3553.19327380952
590.832091101905,22639.9694568452,3519.9056547619
591.033314570055,22660.4816517857,3514.99703125
591.234524485244,22660.3841294643,3500.69375744048
591.435720845183,22671.3066294643,3508.46303571429
591.636903647585,22671.4366592262,3495.81764136905
591.83807289016,22686.8776934524,3498.58077380952
592.039228570621,22731.9980208333,3512.29891369048
592.240370686678,22751.8925744048,3509.30822916667
592.441499236044,22772.5347991071,3522.99386160714
592.64261421643,22787.4557142857,3520.00317708333
592.843715625548,22817.2000223214,3528.42260416667
593.044803461109,22827.7974479167,3528.58514136905
593.245877720825,22828.5776264881,3521.88860863095
593.446938402407,22842.9134077381,3526.6021875
593.647985503568,22866.2212425595,3529.82042410714
593.849019022018,22866.3512723214,3524.58672619048
594.05003895547,22847.9845684524,3497.02041666667
594.251045301634,22860.857514881,3487.85331845238
594.452038058223,22907.5707068452,3514.50941964286
594.653017222948,22929.6432589286,3542.69337053571
594.85398279352,22955.8767633929,3552.83569196429
595.054934767652,22956.6244345238,3550.26760416667
595.255873143055,22970.5376190476,3550.20258928571
595.45679791744,22959.9076860119,3537.23212053571
595.657709088519,22994.3005580357,3549.35739583333
595.858606654004,22982.0777604167,3540.67790922619
596.059490611606,23017.9659747024,3560.76750744048
596.260360959037,22989.4569494048,3539.67017857143
596.461217694009,23005.4181026786,3543.76611607143
596.662060814232,23003.2075967262,3522.34371279762
596.862890317419,23019.16875,3526.76472470238
597.063706201281,23007.4335639881,3512.65649553571
597.264508463531,23016.8932291667,3512.29891369048
597.465297101878,23039.1933333333,3509.73082589286
597.666072114036,23026.4179092262,3484.04994791667
597.866833497715,23049.270639881,3500.46620535714
598.067581250628,23069.1001785714,3500.79127976191
598.268315370485,23074.6264434524,3495.42755208333
598.469035854999,23096.4389360119,3503.19683035714
598.66974270188,23091.3352678571,3492.20931547619
598.870435908842,23068.5475520833,3445.98373511905
599.071115473594,23103.0054389881,3463.2451860119
599.271781393849,23109.96203125,3459.63686011905
599.472433667319,23125.9231845238,3475.82556547619
599.673072291715,23170.3933630952,3501.53895089286
599.873697264748,23172.5063467262,3496.37026785714
600.07430858413,23243.3400595238,3540.35283482143
600.274906247574,23244.5753422619,3535.21665922619
600.475490252789,23266.0302529762,3546.13915922619
600.676060597489,23261.2516592262,3543.73360863095
600.876617279384,23289.1430431548,3560.05234375
601.077160296186,23282.0889285714,3553.7784077381
601.277689645608,23276.5626636905,3540.3853422619
601.478205325359,23297.3999330357,3548.77226190476
601.678707333153,23300.8132142857,3556.05392857143
601.8791956667,23334.8159970238,3577.02122767857
602.079670323712,23321.0328422619,3551.66542410714
602.280131301901,23319.0823958333,3547.95957589286
602.480578598978,23328.8671354167,3544.96889136905
602.681012212655,23306.8921056548,3512.33142113095
602.881432140644,23300.8132142857,3492.63191220238
603.081838380656,23325.2913169643,3511.81130208333
603.282230930403,23325.5838839286,3523.25392113095
603.482609787596,23338.4568303571,3516.84995535714
603.682974949946,23333.4181770833,3493.93220982143
603.883326415167,23300.7156919643,3462.33497767857
604.083664180968,23296.3596949405,3442.0828422619
604.283988245063,23307.5422544643,3442.60296130952
604.484298605161,23299.5454241071,3429.63249255952
604.684595258976,23334.1658482143,3443.05806547619
604.884878204218,23365.8280952381,3458.3365625
605.085147438599,23376.132953869,3462.17244047619
605.285402959831,23404.3819196429,3482.32705357143
605.485644765625,23423.1712202381,3496.50029761905
605.685872853693,23434.4838095238,3503.61942708333
605.886087221747,23429.9002604167,3491.1040625
606.086287867497,23448.0719196429,3494.22477678571
606.286474788657,23439.2624032738,3484.50505208333
606.486647982936,23435.0689434524,3479.49890625
606.686807448048,23454.1833184524,3494.28979166667
606.886953181703,23486.3331770833,3524.91180059524
607.087085181613,23520.3359598214,3553.77840773809
607.287203445489,23489.6814434524,3531.73836309524
607.487307971045,23539.6128720238,3554.59109375
607.687398755989,23567.7968229167,3588.07375744048
607.887475798036,23562.8881994048,3583.10011904762
608.087539094895,23565.8788839286,3588.88644345238
608.287588644279,23587.3663020833,3622.69418154762
608.4876244439,23576.5413244048,3589.04898065476
608.687646491468,23573.2580729167,3580.07692708333
608.887654784695,23545.1716443452,3561.2876264881
609.087649321294,23499.4336755952,3514.83449404762
609.287630098975,23504.5048363095,3521.85610119048
609.487597115451,23510.2586532738,3510.67354166667
609.687550368432,23503.4320907738,3507.68285714286
609.887489855631,23509.5109821429,3516.4923735119
610.087415574759,23535.6469642857,3536.19188244048
610.287327523527,23525.8622247024,3534.63152529762
610.487225699648,23548.4223883929,3555.33876488095
610.687110100833,23563.2132738095,3548.4471875
610.886980724793,23536.3621279762,3517.50010416667
611.08683756924,23550.8604464286,3534.33895833333
611.286680631885,23545.3016741071,3525.236875
611.486509910441,23607.4233928571,3588.17127976191
611.686325402619,23554.9563839286,3534.63152529762
611.886127106129,23543.0911681548,3520.94589285714
612.085915018686,23596.5334002976,3571.78752976191
612.285689137998,23666.3593824405,3626.62758184524
612.485449461779,23652.1536309524,3595.6804985119
612.68519598774,23646.6598735119,3609.69120535714
612.884928713592,23681.8979389881,3632.15384672619
613.084647637046,23689.472172619,3632.2838764881
613.284352755816,23748.0830877976,3683.41808035714
613.484044067612,23756.2424553571,3670.25256696429
613.683721570145,23756.7300669643,3667.68447916667
613.883385261128,23780.395483631,3676.9165922619
614.083035138272,23775.1292782738,3654.55147321429
614.282671199288,23776.299546131,3652.17843005952
614.482293441889,23768.5952827381,3642.23115327381
614.681901863785,23773.50390625,3625.94492559524
614.881496462689,23786.2468229167,3625.58734375
615.081077236311,23798.9572321429,3636.60736607143
615.280644182365,23832.6349404762,3642.1011235119
615.48019729856,23852.8870758929,3649.25276041667
615.679736582609,23803.4432589286,3577.76889880952
615.879262032223,23841.021860119,3594.93282738095
616.078773645115,23834.0977752976,3567.72409970238
616.278271418995,23814.6908333333,3530.698125
616.477755351575,23797.0392931548,3497.24796875
616.677225440567,23816.1536681548,3493.44459821429
616.876681683682,23825.2232440476,3490.38889880952
617.076124078632,23854.122358631,3509.6658110119
617.275552623128,23893.6188988095,3524.81427827381
617.474967314883,23858.2833110119,3484.73260416667
617.674368151607,23875.6747916667,3496.43528273809
617.873755131013,23890.173110119,3495.59008928571
618.073128250811,23917.2193005952,3492.5994047619
618.272487508714,23942.7701488095,3508.20297619048
618.471832902434,23973.1646056548,3511.84380952381
618.67116442968,24010.8732366071,3533.72131696429
618.870482088167,24048.4843452381,3550.88524553571
619.069785875604,24053.39296875,3542.20575892857
619.269075789703,24072.3773139881,3547.14688988095
619.468351828177,24085.5103199405,3556.28148065476
619.667613988736,24076.3757291667,3533.10367559524
619.866862269093,24112.0038839286,3555.50130208333
620.066096666958,24103.8770238095,3541.19802827381
620.265317180044,24129.7204389881,3555.95640625
620.464523806062,24143.438578869,3556.60655505952
620.663716542724,24164.1458184524,3574.58316964286
620.86289538774,24163.235610119,3583.06761160714
621.062060338824,24181.6348214286,3578.97167410714
621.261211393686,24155.9539434524,3542.07572916667
621.460348550039,24138.3024032738,3526.66720238095
621.659471805593,24159.5947767857,3531.25075148809
621.85858115806,24172.3376934524,3532.90863095238
622.057676605152,24172.8903199405,3519.67810267857
622.25675814458,24162.3904166667,3511.71377976191
622.455825774057,24186.9660416667,3512.33142113095
622.654879491293,24176.9862574405,3501.63647321429
622.853919294,24179.9444345238,3494.12725446429
623.052945179891,24166.8114285714,3484.24499255952
623.251957146675,24180.36703125,3495.72011904762
623.450955192066,24209.3311607143,3494.74489583333
623.649939313774,24200.911733631,3471.85965773809
623.848909509512,24198.733735119,3467.47115327381
624.04786577699,24206.2754613095,3466.72348214286
624.246808113921,24244.8943005952,3495.81764136905
624.445736518015,24256.4019345238,3506.83766369048
624.644650986986,24236.1823065476,3481.61188988095
624.843551518543,24246.0320610119,3479.95401041667
625.0424381104,24302.6600223214,3524.65174107143
625.241310760266,24313.7775669643,3533.59128720238
625.440169465855,24340.6612202381,3557.74431547619
625.639014224877,24363.0913541667,3566.00120535714
625.837845035045,24378.6949255952,3577.31379464286
626.036661894069,24345.56984375,3553.58336309524
626.235464799662,24342.4166220238,3558.19941964286
626.434253749534,24372.2909598214,3584.01032738095
626.633028741398,24382.2707440476,3600.23154017857
626.831789772966,24390.9502306548,3606.24541666667
627.030536841948,24410.357172619,3616.97287202381
627.229269946056,24385.7490401786,3597.85849702381
627.427989083003,24421.9298214286,3624.28704613095
627.626694250499,24403.8231770833,3622.23907738095
627.825385446256,24377.9797619048,3601.85691220238
628.024062667986,24389.0322916667,3610.69893601191
628.2227259134,24395.2737202381,3600.62162946429
628.42137518021,24375.0540922619,3590.31677083333
628.620010466128,24349.8933333333,3553.29079613095
628.818631768865,24419.914360119,3618.078125
629.017239086133,24376.1268377976,3572.30764880952
629.215832415643,24365.1718303571,3558.19941964286
629.414411755106,24350.5759895833,3541.26304315476
629.612977102236,24354.0217782738,3532.22597470238
629.811528454742,24338.2556696429,3520.19822172619
630.010065810338,24364.0015625,3533.2987202381
630.208589166733,24395.4362574405,3547.56948660714
630.407098521641,24462.0114955357,3600.68664434524
630.605593872772,24431.649546131,3569.77206845238
630.804075217838,24395.40375,3535.83430059524
631.00254255455,24397.45171875,3534.24143601191
631.200995880621,24380.8729241071,3508.0404389881
631.399435193763,24410.8772916667,3520.71834077381
631.597860491685,24385.8790699405,3501.60396577381
631.796271772101,24380.320297619,3486.09791666667
631.994669032721,24400.8975074405,3500.82378720238
632.193052271257,24434.1201116071,3523.64401041667
632.391421485422,24415.0057366071,3513.89177827381
632.589776672926,24412.6326934524,3501.27889136905
632.788117831481,24443.807328869,3529.36531994048
632.986444958798,24405.64359375,3494.67988095238
633.18475805259,24440.9466741071,3522.70129464286
633.383057110568,24429.471547619,3501.76650297619
633.581342130443,24481.4184375,3541.71814732143
633.779613109928,24442.9296279762,3505.21229166667
633.977870046733,24483.1738392857,3541.81566964286
634.17611293857,24469.130625,3526.99227678571
634.374341783151,24479.3379613095,3535.37919642857
634.572556578188,24470.1058482143,3521.9536235119
634.770757321391,24498.3223065476,3533.42875
634.968944010473,24494.4864285714,3520.5883110119
635.167116643146,24528.6192410714,3537.19961309524
635.36527521712,24523.6130952381,3533.65630208333
635.563419730108,24542.7924851191,3544.80635416667
635.76155017982,24544.287827381,3535.99683779762
635.95966656397,24589.2131101191,3574.12806547619
636.157768880267,24603.1262946429,3580.43450892857
636.355857126425,24590.1558258929,3567.91914434524
636.553931300154,24612.8135119048,3580.46701636905
636.751991399166,24615.7716889881,3583.29516369048
636.950037421172,24621.7855654762,3586.64343005952
637.148069363885,24626.6291741071,3580.33698660714
637.346087225015,24625.8815029762,3572.27514136905
637.544091002275,24614.1788244048,3557.41924107143
637.742080693376,24575.7225223214,3523.22141369048
637.940056296029,24577.9980431548,3534.43648065476
638.138017807947,24551.0168675595,3510.05590029762
638.33596522684,24547.2460044643,3501.31139880952
638.533898550421,24535.413296131,3481.74191964286
638.731817776401,24506.2866294643,3448.61683779762
638.929722902491,24520.4273660714,3456.77620535714
639.127613926404,24536.0634449405,3459.60435267857
639.32549084585,24489.9353869048,3420.62793154762
639.523353658542,24523.1579910714,3443.48066220238
639.721202362191,24530.5371800595,3446.73140625
639.919036954508,24518.0218154762,3445.4961235119
640.116857433205,24533.1052678571,3449.3320014881
640.314663795995,24513.9258779762,3436.26401041667
640.512456040587,24542.5974404762,3450.2747172619
640.710234164694,24547.8636458333,3457.65390625
640.907998166028,24550.7243005952,3442.96054315476
641.105748042301,24560.671577381,3448.32427083333
641.303483791222,24540.6795014881,3421.92822916667
641.501205410505,24570.781391369,3446.21128720238
641.698912897862,24616.7794196429,3492.14430059524
641.896606251002,24645.93859375,3510.99861607143
642.094285467639,24673.2773511905,3513.89177827381
642.291950545484,24728.1499107143,3557.64679315476
642.489601482248,24754.4809375,3577.05373511905
642.687238275643,24773.3677604167,3592.36473958333
642.88486092338,24771.3197916667,3591.58456101191
643.082469423171,24777.3336681548,3592.88485863095
643.280063772728,24820.9911607143,3640.60578125
643.477643969763,24867.3467708333,3669.50489583333
643.675210011986,24840.560639881,3647.52986607143
643.87276189711,24842.7386383929,3646.42461309524
644.070299622846,24883.5354761905,3667.03433035714
644.267823186906,24861.9505357143,3644.99428571429
644.465332587,24863.6734300595,3629.55325148809
644.662827820842,24848.8500372024,3609.33362351191
644.860308886143,24845.891860119,3603.61231398809
645.057775780613,24859.0573735119,3620.19110863095
645.255228501965,24842.9661904762,3601.72688244048
645.45266704791,24848.0698586309,3605.2376860119
645.650091416161,24857.56203125,3604.68505952381
645.847501604427,24830.190766369,3562.1003125
646.044897610422,24819.1057291667,3550.69020089286
646.242279431856,24858.179672619,3580.66206101191
646.439647066442,24839.2603422619,3547.37444196429
646.637000511891,24831.556078869,3539.60516369048
646.834339765914,24871.3451860119,3565.67613095238
647.031664826223,24925.0474776786,3603.96989583333
647.228975690529,24930.0211160714,3616.48526041667
647.426272356545,24893.1901860119,3581.08465773809
647.623554821982,24905.9981175595,3585.83074404762
647.820823084551,24927.1604613095,3587.55363839286
648.018077141964,24912.8571875,3574.12806547619
648.215316991933,24893.7753199405,3545.94411458333
648.412542632169,24896.9610491071,3538.36988095238
648.609754060384,24914.8076339286,3548.90229166667
648.80695127429,24922.6744345238,3552.64064732143
649.004134271597,24923.2595684524,3538.59743303572
649.201303050018,24917.9283482143,3514.76947916667
649.398457607264,24955.6044717262,3548.12211309524
649.595597941047,24988.8595833333,3566.61884672619
649.792724049079,24978.1971428571,3554.42855654762
649.98983592907,24987.4942708333,3558.004375
650.186933578733,25040.3838764881,3598.50864583333
650.384016995779,25047.4379910714,3619.89854166667
650.58108617792,25042.1067708333,3608.61845982143
650.778141122868,25043.1145014881,3606.31043154762
650.975181828333,24992.0128050595,3554.00595982143
651.172208292028,24962.5285565476,3524.58672619048
651.369220511664,24953.068891369,3501.8965327381
651.566218484953,24968.9650297619,3509.14569196429
651.763202209607,24965.8443154762,3510.41348214286
651.960171683336,24944.7469866071,3494.51734375
652.157126903853,24960.7731547619,3510.38097470238
652.354067868869,24967.4696875,3517.07750744048
652.550994576095,24974.1662202381,3526.92726190476
652.747907023245,25000.3347098214,3545.55402529762
652.944805208028,25013.1426413691,3564.08326636905
653.141689128157,25037.718266369,3587.78119047619
653.338558781342,25060.3434449405,3618.66325892857
653.535414165297,25033.9148958333,3580.62955357143
653.732255277732,25013.4027008929,3562.39287946429
653.929082116359,25005.1783184524,3549.55244047619
654.125894678889,25032.6796130952,3577.83391369048
654.322692963035,24999.7495758929,3545.55402529762
654.519476966507,24949.2980282738,3492.01427083333
654.716246687017,24931.3864285714,3469.1290327381
654.913002122278,24952.9063541667,3485.93537946429
655.10974327,24992.9230133929,3520.62081845238
655.306470127895,24983.8209300595,3510.73855654762
655.503182693675,24989.8022991071,3511.94133184524
655.699880965051,25005.5684077381,3525.98454613095
655.896564939735,25003.3904092262,3515.64718005952
656.093234615439,25055.9224330357,3550.98276785714
656.289889989874,25061.2861607143,3545.32647321429
656.486531060751,25093.826108631,3570.09714285714
656.683157825783,25118.2391964286,3572.69773809524
656.87977028268,25103.5133258929,3558.06938988095
657.076368429156,25070.8108407738,3518.37780505952
657.27295226292,25057.1902232143,3501.83151785714
657.469521781685,25053.4518675595,3489.28364583333
657.666076983162,25053.5168824405,3495.23250744048
657.862617865063,25086.7719940476,3520.45828125
658.059144425099,25065.4471130952,3503.78196428571
658.255656660983,25032.257016369,3471.56709077381
658.452154570425,25019.3190550595,3456.54865327381
658.648638151138,25063.4966666667,3482.84717261905
658.845107400832,25101.1727901786,3517.40258184524
659.04156231722,25114.7609002976,3509.6658110119
659.238002898013,25090.3478125,3485.31773809524
659.434429140922,25087.7797247024,3480.76669642857
659.63084104366,25097.3044047619,3489.25113839286
659.827238603938,25087.0645610119,3454.66322172619
660.023621819467,25080.0754613095,3445.4961235119
660.219990687959,25072.2411681548,3437.75935267857
660.416345207126,25083.0986532738,3451.47749255952
660.612685374679,25052.4116294643,3412.37104166667
660.80901118833,25020.2292633929,3392.44398065476
661.00532264579,25031.2817931548,3400.83090029762
661.201619744771,25077.1822991071,3428.4297172619
661.397902482985,25151.6568452381,3488.53597470238
661.594170858143,25146.1955952381,3483.78988839286
661.790424867957,25148.308578869,3474.36273065476
661.986664510139,25141.4495089286,3460.2545014881
662.182889782399,25173.3393080357,3493.31456845238
662.37910068245,25194.0140401786,3502.31912946429
662.575297208003,25211.7305952381,3516.81744791667
662.77147935677,25201.8158258929,3499.55599702381
662.967647126463,25178.9956026786,3474.20019345238
663.163800514792,25146.2281026786,3450.53477678571
663.35993951947,25172.9817261905,3468.7064360119
663.556064138208,25199.0201860119,3488.17839285714
663.752174368718,25204.8715252976,3489.28364583333
663.948270208712,25198.8576488095,3489.54370535714
664.1443516559,25209.6176116071,3500.98632440476
664.340418707995,25173.9569494048,3467.37363095238
664.536471362708,25190.3732068452,3463.27769345238
664.732509617751,25213.0634002976,3495.72011904762
664.928533470835,25255.3230729167,3523.28642857143
665.124542919672,25283.4745163691,3544.44877232143
665.320537961974,25282.9543973214,3552.51061755952
665.516518595452,25223.4007663691,3494.61486607143
665.712484817818,25228.1143452381,3490.87651041667
665.908436626782,25266.1155431548,3520.26323660714
666.104374020059,25267.773422619,3517.85768601191
666.300296995357,25283.8971130952,3515.87473214286
666.49620555039,25303.7591592262,3519.74311755952
666.692099682868,25302.3613392857,3506.48008184524
666.887979390504,25318.3875074405,3524.87929315476
667.083844671008,25338.6071354167,3542.9859375
667.279695522094,25365.8483705357,3555.17622767857
667.475531941471,25413.6668154762,3596.49318452381
667.671353926852,25433.8864434524,3601.5643452381
667.867161475948,25433.3988318452,3587.29357886905
668.062954586471,25474.68328125,3609.95126488095
668.258733256133,25484.24046875,3601.66186755952
668.454497482645,25526.4351264881,3632.51142857143
668.650247263719,25493.3750595238,3595.84303571429
668.845982597066,25485.8333333333,3581.24719494048
669.041703480397,25475.2034002976,3567.82162202381
669.237409911426,25437.6247991071,3529.23529017857
669.433101887862,25423.0614657738,3515.80971726191
669.628779407418,25446.6618675595,3532.74609375
669.824442467806,25467.3691071429,3542.79089285714
670.020091066736,25462.5580059524,3539.99525297619
670.215725201921,25472.570297619,3541.58811755952
670.411344871071,25479.0392782738,3544.96889136905
670.6069500719,25499.193891369,3562.75046130952
670.802540802118,25520.486264881,3578.54907738095
670.998117059436,25519.3810119048,3562.32786458333
671.193678841567,25545.0943973214,3573.80299107143
671.389226146223,25543.5990550595,3572.92529017857
671.584758971114,25506.020453869,3523.61150297619
671.780277313952,25497.9261011905,3518.34529761905
671.975781172449,25508.198452381,3523.8715625
672.171270544316,25478.9092485119,3502.35163690476
672.366745427266,25495.7481026786,3520.68583333333
672.562205819009,25478.5841741071,3507.32527529762
672.757651717257,25486.8735714286,3512.62398809524
672.953083119722,25507.9383928571,3516.29732886905
673.148500024116,25483.0376934524,3495.91516369048
673.343902428149,25497.7960714286,3505.3098139881
673.539290329535,25533.0016294643,3512.65649553571
673.734663725983,25509.0111383929,3489.12110863095
673.930022615206,25494.2527604167,3468.99900297619
674.125366994916,25489.1490922619,3457.62139880952
674.320696862824,25476.3086532738,3453.07035714286
674.516012216641,25498.8688169643,3465.68324404762
674.71131305408,25488.2388839286,3452.25767113095
674.906599372851,25493.2775372024,3460.12447172619
675.101871170667,25478.3241145833,3450.50226934524
675.297128445239,25475.6259970238,3443.48066220238
675.492371194278,25507.0931994048,3469.74667410714
675.687599415497,25512.9445386905,3480.63666666667
675.882813106606,25501.8595014881,3462.62754464286
676.078012265318,25482.4200520833,3449.91713541667
676.273196889344,25503.7124255952,3467.99127232143
676.468366976395,25458.3320386905,3431.5829389881
676.663522524184,25481.3798139881,3451.44498511905
676.858663530421,25484.858110119,3462.26996279762
677.053789992819,25454.3986383929,3439.05965029762
677.248901909089,25476.7637574405,3445.98373511905
677.443999276942,25477.6089508929,3453.72050595238
677.63908209409,25459.0146949405,3447.99919642857
677.834150358245,25499.1288764881,3482.7821577381
678.029204067119,25532.091421131,3507.84539434524
678.224243218422,25517.2030133929,3499.65351934524
678.419267809867,25531.2462276786,3514.73697172619
678.614277839165,25530.043452381,3515.84222470238
678.809273304028,25510.246421131,3498.71080357143
679.004254202168,25489.766733631,3473.06243303571
679.199220531295,25475.6910119048,3462.62754464286
679.394172289121,25458.0069642857,3456.64617559524
679.589109473359,25419.4856473214,3420.46539434524
679.78403208172,25406.7427306548,3408.50265625
679.978940111915,25412.0739508929,3414.97163690476
680.173833561656,25413.991889881,3412.50107142857
680.368712428654,25405.800014881,3402.97639136905
680.563576710622,25439.8353050595,3429.99007440476
680.75842640527,25427.2224181548,3411.7859077381
680.95326151031,25481.9649479167,3446.1787797619
681.148082023455,25517.4630729167,3474.8503422619
681.342887942415,25533.4567336309,3492.11179315476
681.537679264902,25548.3126339286,3502.48166666667
681.732455988627,25535.4396875,3496.76035714286
681.927218111303,25498.4137127976,3451.70504464286
682.121965630641,25473.4154910714,3443.90325892857
682.316698544353,25516.0327455357,3460.80712797619
682.511416850149,25521.0713988095,3460.74211309524
682.706120545742,25480.3070684524,3425.08145089286
682.900809628844,25487.1336309524,3422.12327380952
683.095484097165,25547.5324553571,3478.52368303571
683.290143948418,25570.6127380952,3490.64895833333
683.484789180314,25567.2644717262,3478.91377232143
683.679419790564,25595.1233482143,3492.50188244048
683.874035776881,25586.4438616071,3483.23726190476
684.068637136976,25597.4313764881,3490.25886904762
684.26322386856,25605.9158184524,3492.04677827381
684.457795969345,25620.7392113095,3506.77264880952
684.652353437043,25625.4202827381,3494.54985119048
684.846896269365,25625.8753869048,3497.96313244048
685.041424464023,25608.7764732143,3478.71872767857
685.235938018728,25600.7796428571,3463.01763392857
685.430436931193,25612.9374255952,3468.73894345238
685.624921199128,25616.058139881,3450.72982142857
685.819390820245,25648.7931324405,3465.45569196429
686.013845792256,25662.3162276786,3478.49117559524
686.208286112873,25665.9895684524,3475.59801339286
686.402711779806,25632.9295014881,3452.90781994048
686.597122790768,25631.6617113095,3449.81961309524
686.791519143471,25632.6369345238,3442.24537946429
686.985900835625,25644.8597321429,3454.53319196429
687.180267864943,25596.7487202381,3408.04755208333
687.374620229135,25629.0936235119,3433.07828125
687.568957925914,25654.5469494048,3441.92030505952
687.763280952992,25650.3859970238,3438.47451636905
687.957589308079,25666.6072098214,3448.48680803571
688.151882988888,25641.6740029762,3420.46539434524
688.346161993129,25676.1643973214,3446.63388392857
688.540426318516,25686.0791666667,3450.2747172619
688.734675962758,25667.257358631,3427.0644047619
688.928910923568,25683.4135565476,3431.06281994048
689.123131198658,25675.6767857143,3436.55657738095
689.317336785738,25686.0141517857,3456.74369791667
689.511527682521,25657.6026488095,3432.9482514881
689.705703886719,25663.5840178571,3445.36609375
689.899865396042,25637.6105729167,3421.08303571429
690.094012208202,25645.1522991071,3439.70979910714
690.288144320911,25657.2125595238,3446.24379464286
690.482261731881,25659.00046875,3454.85826636905
690.676364438824,25684.9088988095,3462.3024702381
690.870452439449,25738.5461755952,3506.31754464286
691.064525731471,25727.883735119,3503.42438244048
691.258584312599,25730.7768973214,3502.64420386905
691.452628180545,25712.8978050595,3485.61030505952
691.646657333022,25717.3838318452,3492.30683779762
691.840671767741,25720.6345758929,3501.50644345238
692.034671482413,25690.6302083333,3471.30703125
692.228656474749,25725.9332886905,3502.48166666667
692.422626742463,25713.6454761905,3506.31754464286
692.616582283264,25708.8018675595,3505.21229166667
692.810523094865,25727.7862127976,3533.10367559524
693.004449174978,25732.9548958333,3536.61447916667
693.198360521313,25748.7210044643,3543.70110119048
693.392257131583,25720.4070238095,3512.03885416667
693.586139003499,25706.4938392857,3507.71536458333
693.780006134773,25685.0064211309,3501.44142857143
693.973858523116,25686.1116741071,3500.5312202381
694.16769616624,25690.8902678571,3501.01883184524
694.361519061856,25705.6161383929,3510.51100446429
694.555327207677,25726.2583630952,3510.2184375
694.749120601413,25682.0157366071,3486.1954389881
694.942899240777,25642.3241517857,3458.62912946429
695.136663123479,25636.4403050595,3459.92942708333
695.330412247232,25628.4759821429,3451.83507440476
695.524146609747,25651.5237574405,3489.51119791667
695.717866208735,25622.9172098214,3481.77442708333
695.91157104191,25597.496391369,3458.27154761905
696.10526110698,25614.692827381,3479.07630952381
696.29893640166,25590.4747842262,3469.1290327381
696.492596923659,25595.7084821429,3466.98354166667
696.68624267069,25569.6050074405,3453.65549107143
696.879873640464,25529.9459300595,3424.23625744048
697.073489830693,25497.5360119048,3405.089375
697.267091239089,25463.3381845238,3374.53238095238
697.460677863362,25487.3611830357,3404.2766889881
697.654249701225,25494.1227306548,3418.54745535714
697.84780675039,25488.6614806548,3413.93139880952
698.041349008567,25484.988139881,3422.44834821429
698.234876473469,25462.8505729167,3404.11415178571
698.428389142807,25431.5459077381,3391.66380208333
698.621887014292,25417.6002157738,3395.23962053571
698.815370085636,25404.3696875,3388.05547619048
699.008838354552,25401.6390625,3399.23803571429
699.20229181875,25405.7024925595,3400.27827380952
699.395730475942,25405.4424330357,3414.28898065476
699.589154323839,25395.5926785714,3409.64041666667
699.782563360154,25403.7195386905,3424.65885416667
699.975957582597,25427.0598809524,3453.88304315476
700.169336988881,25434.6666220238,3470.85192708333
700.362701576717,25419.3556175595,3471.89216517857
700.556051343816,25378.7538244048,3451.11991071429
700.749386287891,25391.39921875,3456.28859375
700.942706406653,25404.8247916667,3484.31000744048
701.136011697812,25415.227172619,3497.15044642857
701.329302159082,25420.07078125,3508.30049851191
701.522577788174,25404.6622544643,3500.40119047619
701.715838582798,25424.8818824405,3525.36690476191
701.909084540668,25449.6525520833,3549.45491815476
702.102315659493,25446.5643452381,3551.08029017857
702.295531936987,25456.7066666667,3559.17464285714
702.48873337086,25463.2731696429,3571.98257440476
702.681919958825,25468.7344196429,3580.62955357143
702.875091698592,25462.2654389881,3574.19308035714
703.068248587873,25457.3893229167,3570.22717261905
703.261390624381,25444.3863467262,3575.72093005952
703.454517805826,25483.5253050595,3607.7082514881
703.64763012992,25447.1819866071,3577.86642113095
703.840727594375,25451.0828794643,3579.9794047619
704.033810196902,25421.5986309524,3566.0662202381
704.226877935214,25417.7952604167,3565.54610119048
704.41993080702,25448.4497767857,3588.52886160714
704.612968810034,25435.2192485119,3567.23648809524
704.805991941967,25502.9647544643,3647.04225446429
704.99900020053,25540.3483110119,3678.18438244048
705.191993583434,25543.6315625,3680.42739583333
705.384972088393,25554.2614955357,3692.78022321429
705.577935713116,25543.7940997024,3691.02482142857
705.770884455316,25546.3296800595,3701.39469494048
705.963818312705,25539.1455357143,3699.54177083333
706.156737282993,25550.1980654762,3718.42859375
706.349641363893,25537.2926116072,3718.46110119048
706.542530553116,25521.6890401786,3706.53087053571
706.735404848374,25500.006577381,3692.32511904762
706.928264247378,25514.7324479167,3721.77686011905
707.12110874784,25490.6769419643,3706.30331845238
707.313938347471,25494.3827901786,3702.7275
707.506753043984,25435.9669196429,3667.06683779762
707.699552835089,25449.7825818452,3681.63017113095
707.892337718498,25431.9359970238,3660.24027529762
708.085107691924,25458.6571130952,3684.36079613095
708.277862753076,25453.9760416667,3685.04345238095
708.470602899668,25445.7191517857,3679.97229166667
708.663328129411,25430.4406547619,3680.26485863095
708.856038440015,25345.5312202381,3593.17742559524
709.048733829194,25315.8194196429,3567.10645833333
709.241414294658,25291.4713467262,3565.22102678571
709.434079834119,25285.1323958333,3576.59863095238
709.626730445289,25283.8971130952,3585.70071428571
709.819366125879,25267.0582589286,3566.03371279762
710.011986873601,25245.2782738095,3556.24897321429
710.204592686166,25202.1083928571,3519.35302827381
710.397183561287,25207.1145386905,3540.3853422619
710.589759496673,25206.1393154762,3550.23509672619
710.782320490039,25193.6889657738,3561.06007440476
710.974866539094,25220.4100818452,3587.87871279762
711.16739764155,25218.2645907738,3599.22380952381
711.35991379512,25190.4707291667,3581.05215029762
711.552414997514,25194.8267261905,3580.82459821429
711.744901246444,25249.9268377976,3634.78694940476
711.937372539622,25219.987485119,3625.09973214286
712.12982887476,25192.3236532738,3607.74075892857
712.322270249568,25176.7525892857,3595.06285714286
712.514696661759,25154.9400967262,3581.92985119048
712.707108109045,25181.6287053571,3609.78872767857
712.899504589136,25165.7975818452,3616.45275297619
713.091886099744,25158.4834077381,3621.65394345238
713.284252638582,25156.8905431548,3627.60280505952
713.47660420336,25112.5178869048,3590.12172619048
713.66894079179,25111.4776488095,3591.90963541667
713.861262401584,25098.7022247024,3592.10468005952
714.053569030454,25089.4376041667,3587.65116071429
714.24586067611,25083.9113392857,3605.14016369048
714.438137336265,25031.7368973214,3551.40536458333
714.630399008631,25013.272671131,3545.06641369048
714.822645690917,25036.7430431548,3565.48108630952
715.014877380838,25008.0714806548,3544.25372767857
715.207094076103,25021.6270833333,3554.16849702381
715.399295774425,25026.6982440476,3571.39744047619
715.591482473515,24998.7418452381,3566.71636904762
715.783654171084,24913.4098139881,3506.90267857143
715.975810864845,24938.8306324405,3547.21190476191
716.167952552509,24933.5319196429,3552.99822916667
716.360079231788,24944.7469866071,3587.9112202381
716.552190900393,24924.6898958333,3582.48247767857
716.744287556035,24878.724375,3556.89912202381
716.936369196427,24879.6345833333,3569.34947172619
717.128435819279,24857.1394345238,3564.63589285714
717.320487422305,24856.0016741071,3570.74729166667
717.512524003214,24860.8127752976,3590.51181547619
717.704545559719,24834.35171875,3587.61865327381
717.896552089531,24811.9540922619,3578.06146577381
718.088543590363,24781.722172619,3564.79843005952
718.280520059924,24793.5223735119,3589.79665178571
718.472481495928,24824.4694568452,3633.81172619048
718.664427896086,24826.9400223214,3654.35642857143
718.856359258109,24767.4839136905,3621.26385416667
719.048275579709,24737.7396056548,3604.62004464286
719.240176858597,24719.66546875,3600.49159970238
719.432063092485,24707.8002529762,3613.75463541667
719.623934279085,24711.9612053571,3614.66484375
719.815790416109,24699.4133333333,3613.39705357143
720.007631501267,24663.3300744048,3586.02578869048
720.199457532271,24645.4184747024,3585.310625
720.391268506834,24584.1094419643,3526.89475446428
720.583064422667,24578.4531473214,3542.69337053571
720.77484527748,24609.2376934524,3576.76116815476
720.966611068987,24591.0010193452,3582.84005952381
721.158361794898,24548.6438244048,3557.80933035714
721.350097452925,24540.2894122024,3570.1621577381
721.54181804078,24525.4010044643,3563.62816220238
721.733523556174,24491.1056547619,3537.71973214286
721.925213996819,24493.088608631,3544.09119047619
722.116889360426,24483.4989136905,3551.11279761905
722.308549644707,24472.2513392857,3538.04480654762
722.500194847374,24479.6955431548,3560.47494047619
722.691824966138,24458.208125,3546.39921875
722.883439998712,24477.6800818452,3563.69317708333
723.075039942805,24481.1258705357,3575.85095982143
723.266624796131,24445.3351785714,3558.29694196429
723.4581945564,24417.6063318452,3537.19961309524
723.649749221324,24395.9563764881,3541.4905952381
723.841288788615,24409.674516369,3564.8309375
724.032813255985,24398.2644047619,3568.14669642857
724.224322621144,24394.1684672619,3568.7968452381
724.415816881806,24414.1605431548,3614.66484375
724.60729603568,24371.51078125,3593.04739583333
724.798760080479,24343.0017559524,3592.81984375
724.990209013915,24316.4756845238,3569.64203869048
725.181642833698,24345.0497247024,3602.99467261905
725.373061537542,24332.1442708333,3601.33679315476
725.564465123156,24311.1119568452,3604.32747767857
725.755853588253,24303.310171131,3614.79487351191
725.947226930545,24281.7902455357,3617.33045386905
726.138585147742,24249.0227455357,3607.12311755952
726.329928237558,24206.7955803571,3588.95145833333
726.521256197702,24138.3674181548,3543.05095238095
726.712569025887,24128.2576041667,3552.12052827381
726.903866719824,24098.44828125,3547.82954613095
727.095149277226,24059.9919791667,3543.89614583333
727.286416695803,24068.9315252976,3568.53678571429
727.477668973267,24050.9224032738,3570.64976934524
727.66890610733,24024.4613467262,3556.60655505952
727.860128095703,23968.0284300595,3525.91953125
728.051334936098,23947.2236681548,3523.57899553571
728.242526626227,23912.7982886905,3520.55580357143
728.433703163801,23868.6531845238,3493.47710565476
728.624864546532,23878.9580431548,3511.29118303571
728.816010772131,23841.2819196429,3490.51892857143
729.007141838309,23826.8486160714,3491.39662946429
729.19825774278,23783.74375,3472.15222470238
729.389358483254,23751.3663392857,3454.76074404762
729.580444057442,23739.1435416667,3461.35975446429
729.771514463056,23735.4051860119,3483.75738095238
729.962569697809,23711.7397693452,3478.36114583333
730.153609759411,23714.5679166667,3506.05748511905
730.344634645574,23699.3869419643,3509.76333333333
730.53564435401,23709.5617708333,3534.56651041667
730.72663888243,23664.4739508929,3510.57601934524
730.917618228546,23633.2668080357,3510.73855654762
731.10858239007,23611.1617485119,3502.28662202381
731.299531364712,23571.4701636905,3483.91991815476
731.490465150186,23559.7024702381,3491.72170386905
731.681383744201,23548.3248660714,3501.53895089286
731.872287144471,23565.5863169643,3533.49376488095
732.063175348706,23537.5323958333,3538.82498511905
732.254048354618,23518.938139881,3535.24916666667
732.444906159919,23530.5107886905,3562.68544642857
732.63574876232,23510.4211904762,3564.50586309524
732.826576159533,23482.0421949405,3559.40219494048
733.017388349269,23462.7977901786,3560.21488095238
733.208185329241,23442.7406994048,3565.77365327381
733.398967097159,23441.6354464286,3592.78733630952
733.589733650735,23432.9559598214,3593.46999255952
733.780484987682,23393.264375,3569.02439732143
733.971221105709,23395.5724032738,3583.32767113095
734.16194200253,23407.6976785714,3595.38793154762
734.352647675855,23402.5940104167,3608.3909077381
734.543338123397,23374.6051041667,3601.79189732143
734.734013342867,23386.5353348214,3628.93561011905
734.924673331976,23395.4748809524,3641.02837797619
735.115318088435,23377.4657589286,3641.12590029762
735.305947609958,23363.3900372024,3640.44324404762
735.496561894255,23351.1347321429,3650.42302827381
735.687160939038,23346.5511830357,3661.70311011905
735.877744742018,23305.819360119,3643.30389880952
736.068313300907,23305.3967633929,3638.94790178571
736.258866613416,23280.2360044643,3625.22976190476
736.449404677258,23267.720639881,3629.61826636905
736.639927490144,23258.033422619,3622.75919642857
736.830435049785,23261.5442261905,3633.74671130952
737.020927353893,23245.810625,3626.56256696429
737.21140440018,23260.6665252976,3652.50350446429
737.401866186357,23224.8433258929,3623.70191220238
737.592312710136,23201.6980282738,3622.3040922619
737.782743969228,23218.4068526786,3650.16296875
737.973159961345,23195.5541220238,3643.59646577381
738.163560684199,23132.8472693452,3600.65413690476
738.3539461355,23127.3210044643,3606.40795386905
738.544316312962,23123.9402306548,3627.92787946429
738.734671214295,23123.1600520833,3626.10746279762
738.925010837211,23083.4684672619,3599.15879464286
739.115335179422,23074.2038467262,3600.71915178571
739.305644238638,23060.193139881,3610.76395089286
739.495938012573,23053.3340699405,3610.40636904762
739.686216498937,23028.790952381,3601.79189732143
739.876479695442,22989.2944122024,3582.25492559524
740.066727599799,23005.3205803571,3615.70508184524
740.25696020972,23025.31265625,3653.18616071429
740.447177522918,22989.3594270833,3636.08724702381
740.637379537102,22974.8286011905,3644.24661458333
740.827566249986,22976.5189880952,3658.71242559524
741.01773765928,22966.5066964286,3668.69220982143
741.207893762696,22925.7748735119,3644.40915178571
741.398034557946,22900.8741741071,3638.42778273809
741.588160042741,22870.9998363095,3625.06722470238
741.778270214794,22860.2723809524,3633.74671130952
741.968365071814,22817.2325297619,3618.89081101191
742.158444611515,22831.1132068452,3652.79607142857
742.348508831608,22790.6089360119,3630.85354910714
742.538557729804,22749.6495610119,3603.77485119048
742.728591303814,22693.6392410714,3580.43450892857
742.918609551352,22675.7601488095,3584.4979389881
743.108612470127,22678.2957291667,3602.18198660714
743.298600057852,22664.8376488095,3601.66186755952
743.488572312238,22641.8873958333,3595.29040922619
743.678529230998,22626.1212872024,3601.30428571429
743.868470811841,22653.265,3641.84106398809
744.058397052481,22634.4431919643,3639.76058779762
744.248307950629,22598.7825297619,3627.66781994048
744.438203503996,22594.8491294643,3629.8133110119
744.628083710293,22577.7502157738,3645.2543452381
744.817948567234,22567.4778645833,3661.60558779762
745.007798072528,22545.340297619,3653.15365327381
745.197632223888,22537.7335565476,3662.02818452381
745.387451019025,22513.4179910714,3650.06544642857
745.577254455651,22494.4661532738,3653.67377232143
745.767042531478,22475.3517782738,3641.51598958333
745.956815244216,22472.978735119,3653.77129464286
746.146572591578,22458.1878497024,3649.70786458333
746.336314571276,22472.6211532738,3674.21847470238
746.52604118102,22471.3533630952,3688.19667410714
746.715752418523,22461.2760565476,3691.18735863095
746.905448281496,22464.7868601191,3714.33265625
747.09512876765,22420.2841741071,3697.3962797619
747.284793874698,22402.5351116071,3700.51699404762
747.47444360035,22376.9842633929,3696.32353422619
747.664077942319,22344.5418377976,3688.61927083333
747.853696898316,22287.5888020833,3648.96019345238
748.043300466053,22232.683735119,3622.36910714286
748.23288864324,22187.628422619,3587.97623511905
748.422461427591,22170.1069122024,3602.14947916667
748.612018816816,22151.0900595238,3584.98555059524
748.801560808627,22106.392328869,3555.82637648809
748.991087400736,22094.4295907738,3562.26284970238
749.180598590854,22078.5334523809,3565.41607142857
749.370094376692,22075.9978720238,3583.36017857143
749.559574755963,22072.8121428571,3596.85076636905
749.749039726378,22039.3294791667,3583.68525297619
749.938489285649,22024.9611904762,3592.10468005952
750.127923431487,22010.267827381,3598.99625744048
750.317342161604,21962.3843675595,3572.99030505952
750.50674547371,21927.9914955357,3550.43014136905
750.69613336552,21912.2904017857,3552.47811011905
750.885505834742,21900.360171131,3556.7690922619
751.07486287909,21916.0287574405,3573.60794642857
751.264204496274,21870.0632366071,3550.69020089286
751.453530684007,21861.1887053571,3560.57246279762
751.64284144,21855.5974255952,3564.37583333333
751.832136761964,21834.76015625,3563.36810267857
752.021416647612,21818.7664955357,3558.06938988095
752.210681094654,21802.9028645833,3574.29060267857
752.399930100803,21772.3458705357,3558.68703125
752.589163663769,21751.1185119048,3558.71953869048
752.778381781266,21733.4994791667,3558.88207589286
752.967584451003,21705.9656770833,3556.86661458333
753.156771670693,21678.2043229167,3545.26145833333
753.345943438047,21657.3670535714,3550.6251860119
753.535099750777,21639.8780505952,3547.60199404762
753.724240606595,21604.770014881,3535.63925595238
753.913366003212,21576.1634672619,3513.66422619048
754.10247593834,21525.9069642857,3493.37958333333
754.29157040969,21489.7911979167,3482.45708333333
754.480649414974,21471.0994196429,3473.12744791667
754.669712951903,21439.6647247024,3460.41703869048
754.85876101819,21386.5800744048,3425.17897321429
755.047793611545,21355.2103943452,3414.6465625
755.23681072968,21374.4222916667,3447.67412202381
755.425812370308,21381.3463764881,3452.84280505952
755.614798531139,21363.6298214286,3447.5440922619
755.803769209885,21367.0105952381,3466.88601934524
755.992724404257,21340.582046131,3466.75598958333
756.181664111968,21325.4660863095,3463.86282738095
756.370588330729,21304.7913541667,3455.89850446429
756.559497058252,21273.2591369048,3444.97600446429
756.748390292247,21274.2018526786,3456.09354910714
756.937268030427,21257.6880729167,3462.46500744048
757.126130270504,21240.7191889881,3464.80554315476
757.314977010188,21211.7225520833,3449.03943452381
757.503808247192,21211.429985119,3480.08404017857
757.692623979226,21187.667046131,3468.28383928571
757.881424204004,21167.739985119,3472.21723958333
758.070208919236,21147.5853720238,3458.36906994048
758.258978122633,21168.6501934524,3489.02358630952
758.447731811908,21171.0882514881,3523.12389136905
758.636469984772,21159.9381994048,3526.14708333333
758.825192638937,21134.289828869,3520.45828125
759.013899772114,21099.2468080357,3525.17186011905
759.202591382015,21047.1048735119,3489.44618303571
759.391267466351,20999.6115029762,3490.87651041667
759.579928022834,20998.7663095238,3513.33915178571
759.768573049176,20979.7169494048,3513.82676339286
759.957202543088,20976.2386532738,3523.83905505952
760.145816502282,20960.212485119,3527.54490327381
760.334414924469,20929.8180282738,3523.31893601191
760.522997807362,20932.2560863095,3538.40238839286
760.711565148671,20893.2146502976,3520.97840029762
760.900116946108,20885.4128645833,3526.82973958333
761.088653197385,20871.6947247024,3524.09911458333
761.277173900213,20857.5864955357,3545.55402529762
761.465679052305,20802.2913392857,3498.35322172619
761.654168651371,20792.8316741071,3518.21526785714
761.842642695123,20759.4465327381,3509.73082589286
762.031101181273,20768.5486160714,3541.10050595238
762.219544107532,20778.8209672619,3565.87117559524
762.407971471613,20731.9127306548,3538.46740327381
762.596383271226,20727.1016294643,3560.83252232143
762.784779504083,20723.2657514881,3581.63728422619
762.973160167896,20740.8522767857,3603.51479166667
763.161525260376,20724.6310639881,3611.28406994048
763.349874779235,20696.5446354167,3596.75324404762
763.538208722185,20663.4845684524,3584.7579985119
763.726527086937,20644.20765625,3595.61548363095
763.914829871203,20594.1136904762,3570.51973958333
764.103117072694,20576.5271651786,3570.90982886905
764.291388689122,20569.9606622024,3600.3290625
764.479644718198,20521.32953125,3577.47633184524
764.667885157635,20497.4690699405,3588.39883184524
764.856110005144,20460.0204985119,3575.42836309524
765.044319258436,20417.0781696429,3567.88663690476
765.232512915222,20418.6385267857,3577.41131696429
765.420690973216,20397.5737053571,3592.59229166667
765.608853430127,20392.4700372024,3609.7562202381
765.797000283668,20402.1897619048,3639.85811011905
765.985131531551,20346.1469345238,3618.078125
766.173247171486,20285.7156026786,3592.78733630952
766.361347201186,20250.315,3584.62796875
766.549431618362,20222.2935863095,3583.32767113095
766.737500420726,20209.8107291667,3582.64501488095
766.925553605989,20153.2152752976,3559.17464285714
767.113591171863,20139.2695833333,3563.04302827381
767.301613116059,20113.2311235119,3557.74431547619
767.48961943629,20083.5193229167,3562.13281994048
767.677610130266,20057.8059375,3544.05868303571
767.8655851957,20057.7734300595,3564.21329613095
768.053544630302,20041.9748139881,3575.42836309524
768.241488431785,20013.6608333333,3558.26443452381
768.42941659786,20000.1702455357,3568.7968452381
768.617329126239,19972.9940252976,3560.14986607143
768.805226014633,19978.4877827381,3593.6325297619
768.993107260754,20006.5091964286,3638.23273809524
769.180972862313,19944.2249404762,3597.17584077381
769.368822817023,19950.4013541667,3608.45592261905
769.556657122594,19955.4075,3644.50667410714
769.744475776738,19912.7902455357,3631.73125
769.932278777167,19922.9650744048,3651.69081845238
770.120066121593,19892.2455431548,3651.52828125
770.307837807727,19910.969828869,3678.05435267857
770.49559383328,19874.3339434524,3665.31143601191
770.683334195965,19838.3482068452,3660.66287202381
770.871058893492,19821.606875,3652.27595238095
771.058767923574,19816.6332366071,3673.21074404762
771.246461283922,19801.9398735119,3684.91342261905
771.434138972248,19772.0655357143,3672.91817708333
771.621800986262,19733.1216220238,3662.09319940476
771.809447323678,19711.1465922619,3668.78973214286
771.997077982206,19682.5400446429,3668.75722470238
772.184692959558,19645.3515327381,3659.59012648809
772.372292253446,19628.41515625,3660.59785714286
772.559875861581,19625.001875,3682.15029017857
772.747443781675,19567.6912574405,3644.21410714286
772.934996011439,19518.572514881,3617.59051339286
773.122532548585,19515.4843080357,3645.70944940476
773.310053390825,19489.3808333333,3648.47258184524
773.49755853587,19413.3784375,3593.01488839286
773.685047981431,19370.37109375,3569.51200892857
773.872521725221,19333.8652380952,3558.75204613095
774.059979764952,19324.7956622024,3569.86959077381
774.247422098333,19333.3776264881,3609.82123511905
774.434848723079,19307.2741517857,3601.14174851191
774.622259636898,19303.7633482143,3613.23451636905
774.809654837504,19280.0654241071,3625.0347172619
774.997034322608,19262.7389583333,3624.48209077381
775.184398089922,19232.6370684524,3613.75463541667
775.371746137157,19202.7627306548,3607.155625
775.559078462024,19184.0384449405,3608.68347470238
775.746395062236,19154.9117782738,3586.57841517857
775.933695935504,19136.8051339286,3591.74709821429
776.12098107954,19113.4322842262,3594.25017113095
776.308250492054,19088.6616145833,3596.65572172619
776.49550417076,19046.6945089286,3573.73797619048
776.682742113367,19033.9190848214,3579.88188244048
776.869964317589,19009.4409821429,3577.89892857143
777.057170781136,19005.6051041667,3591.29199404762
777.24436150172,18986.7507886905,3586.54590773809
777.431536477054,18978.0387946429,3587.94372767857
777.618695704847,18973.5202604167,3609.59368303571
777.805839182812,18958.0792261905,3615.99764880952
777.992966908661,18917.9975520833,3599.32133184524
778.180078880105,18851.8774181548,3549.16235119048
778.367175094856,18841.8001116071,3555.8263764881
778.554255550625,18820.9303348214,3572.63272321429
778.741320245124,18816.1517410714,3575.94848214286
778.928369176064,18773.7620386905,3565.48108630952
779.115402341158,18766.0902827381,3572.8927827381
779.302419738116,18764.0098065476,3589.73163690476
779.489421364651,18761.1816592262,3605.40022321429
779.676407218473,18740.1493452381,3615.73758928571
779.863377297295,18711.1202008929,3603.31974702381
780.050331598828,18705.46390625,3618.53322916667
780.237270120784,18682.7086979167,3619.70349702381
780.424192860874,18672.078764881,3629.97584821429
780.61109981681,18650.9489285714,3638.07020089286
780.797990986303,18623.2525892857,3632.38139880952
780.984866367065,18594.0934151786,3624.38456845238
781.171725956809,18551.2161011905,3618.20815476191
781.358569753244,18550.0458333333,3636.24978422619
781.545397754083,18538.278139881,3637.02996279762
781.732209957038,18509.5740699405,3626.85513392857
781.91900635982,18481.2925967262,3627.53779017857
782.10578696014,18453.0436309524,3633.06405505952
782.292551755711,18408.8010044643,3615.80260416667
782.479300744244,18367.2239880952,3587.00101190476
782.66603392345,18312.4814583333,3565.83866815476
782.852751291041,18271.7496354167,3552.02300595238
783.039452844728,18247.6291145833,3560.01983630952
783.226138582224,18213.6588392857,3556.7690922619
783.41280850124,18165.2552604167,3545.22895089286
783.599462599487,18139.476860119,3548.15462053571
783.786100874678,18109.3749702381,3545.42399553571
783.972723324522,18078.9480059524,3532.51854166667
784.159329946733,18051.9993377976,3539.73519345238
784.345920739022,18040.4591964286,3546.43172619048
784.532495699101,18006.3913988095,3531.18573660714
784.71905482468,17989.1299479167,3547.34193452381
784.905598113472,17941.2464880952,3526.7322172619
785.092125563188,17918.3287425595,3524.74926339286
785.27863717154,17897.2314136905,3533.5587797619
785.465132936239,17869.275014881,3537.55719494048
785.651612854998,17853.3788764881,3547.11438244048
785.838076925527,17809.753891369,3516.94747767857
786.024525145538,17793.1425892857,3526.86224702381
786.210957512743,17771.4926339286,3533.07116815476
786.397374024853,17743.2761755952,3544.57880208333
786.58377467958,17732.5487202381,3563.49813244048
786.770159474636,17779.8145386905,3636.50984375
786.956528407732,17766.9090848214,3644.53918154762
787.14288147658,17735.474389881,3637.32252976191
787.329218678891,17732.1911383929,3649.12273065476
787.515540012378,17712.8492113095,3661.18299107143
787.70184547475,17675.2381026786,3640.63828869048
787.888135063721,17640.3576190476,3628.83808779762
788.074408777002,17593.8394717262,3607.74075892857
788.260666612304,17553.9528422619,3606.47296875
788.446908567339,17545.4358928571,3625.45731398809
788.633134639818,17487.2800818452,3602.9296577381
788.819344827454,17470.8313169643,3614.24224702381
789.005539127957,17460.1688764881,3629.74829613095
789.19171753904,17433.0901785714,3623.31182291667
789.377880058414,17398.6647991071,3619.08585565476
789.56402668379,17364.4019568452,3608.26087797619
789.75015741288,17343.4346577381,3622.85671875
789.936272243396,17321.7521949405,3622.62916666667
790.12237117305,17321.3946130952,3645.18933035714
790.308454199552,17300.9799404762,3631.73125
790.494521320615,17285.0187872024,3638.23273809524
790.68057253395,17209.3739732143,3575.49337797619
790.866607837268,17157.5571130952,3543.08345982143
791.052627228282,17160.5152901786,3555.76136160714
791.238630704703,17116.4677083333,3532.45352678571
791.424618264243,17096.8007068452,3519.58058035714
791.610589904612,17113.1844568452,3553.64837797619
791.796545623523,17117.3129017857,3570.03212797619
791.982485418688,17103.4647321429,3566.42380208333
792.168409287817,17057.9543154762,3534.33895833333
792.354317228623,17031.7208110119,3523.02636904762
792.540209238817,17041.0179389881,3524.71675595238
792.72608531611,17011.0135714286,3502.64420386905
792.911945458215,16984.4875,3488.56848214286
793.097789662843,16951.4599404762,3467.82873511905
793.283617927705,16948.0141517857,3462.13993303571
793.469430250513,16955.9459672619,3476.47571428571
793.655226628979,16978.6686681548,3485.93537946429
793.841007060814,16990.4688690476,3494.09474702381
794.02677154373,16980.9441889881,3483.65985863095
794.212520075439,16985.6902752976,3493.08701636905
794.398252653652,16985.6252604167,3493.18453869048
794.58396927608,16982.6995907738,3490.35639136905
794.769669940435,16977.4008779762,3485.61030505952
794.955354644429,16965.1455729167,3476.70326636905
795.141023385774,17004.8696651786,3507.78037946429
795.326676162181,16997.392953869,3503.84697916667
795.512312971361,17017.0924627976,3509.66581101191
795.697933811027,17026.6496502976,3519.35302827381
795.88353867889,17052.9806770833,3536.06185267857
796.06912757266,17074.7931696429,3547.69951636905
796.254700490051,17081.489702381,3540.61289434524
796.440257428774,17094.0700818452,3556.83410714286
796.625798386539,17140.4581994048,3592.26721726191
796.81132336106,17161.8155877976,3602.79962797619
796.996832350047,17176.2488913691,3607.35066964286
797.182325351212,17217.4033110119,3641.97109375
797.367802362267,17232.0641666667,3649.90290922619
797.553263380922,17244.514516369,3664.85633184524
797.738708404891,17227.513125,3639.27297619048
797.924137431884,17230.5688244048,3635.40459077381
798.109550459613,17214.0875520833,3614.20973958333
798.294947485789,17218.2810119048,3599.74392857143
798.480328508125,17230.861391369,3607.48069940476
798.665693524332,17271.5932142857,3638.23273809524
798.85104253212,17277.0869717262,3630.46345982143
799.036375529203,17271.950796131,3622.79170386905
799.221692513292,17283.3609077381,3623.57188244048
799.406993482097,17255.4695238095,3606.05037202381
799.592278433332,17264.1490104167,3604.22995535714
799.777547364706,17258.2001488095,3588.78892113095
799.962800273933,17305.0108630952,3622.07654017857
800.148037158723,17321.784702381,3645.74195684524
800.333258016788,17330.5617113095,3640.70330357143
800.518462845841,17312.7801413691,3622.75919642857
800.703651643591,17304.8808333333,3608.55344494048
800.888824407752,17312.7151264881,3620.41866071429
801.073981136033,17284.1410863095,3589.60160714286
801.259121826149,17249.2280952381,3557.06165922619
801.444246475808,17248.1228422619,3557.74431547619
801.629355082724,17248.057827381,3569.02439732143
801.814447644609,17265.5468303571,3584.17286458333
801.999524159172,17291.6503050595,3606.47296875
802.184584624127,17301.7276116071,3618.56573660714
802.369629037184,17291.1626934524,3608.45592261905
802.554657396056,17301.2725074405,3613.39705357143
802.739669698454,17290.935141369,3614.1122172619
802.924665942089,17301.2074925595,3624.28704613095
803.109646124673,17324.1252380952,3652.14592261905
803.294610243918,17374.7718303571,3699.73681547619
803.479558297535,17352.2116666667,3678.73700892857
803.664490283237,17360.8911532738,3691.44741815476
803.849406198733,17314.0479315476,3655.7542485119
804.034306041737,17318.9890625,3651.91837053571
804.21918980996,17312.4225595238,3650.61807291667
804.404057501112,17297.82671875,3637.7451264881
804.588909112907,17312.6501116071,3661.15048363095
804.773744643055,17333.8774702381,3684.81590029762
804.958564089268,17343.2071056548,3696.22601190476
805.143367449258,17347.7906547619,3706.14078125
805.328154720736,17363.2641964286,3715.24286458333
805.512925901414,17391.1880877976,3737.96556547619
805.697680989003,17387.3847172619,3740.24108630952
805.882419981216,17375.7795610119,3727.69321428571
806.067142875763,17373.3089955357,3736.95783482143
806.251849670356,17361.9638988095,3723.95485863095
806.436540362708,17317.9488244048,3706.2708110119
806.621214950528,17322.6949107143,3710.43176339286
806.80587343153,17322.3048214286,3715.92552083333
806.990515803424,17337.7783630952,3730.81392857143
807.175142063923,17267.854858631,3675.45375744048
807.359752210737,17274.1938095238,3691.54494047619
807.544346241579,17290.9026339286,3710.04167410714
807.72892415416,17339.6312872024,3764.06904017857
807.913485946191,17316.323452381,3747.36021577381
808.098031615385,17301.9551636905,3740.98875744048
808.282561159453,17285.2788467262,3734.77983630952
808.467074576106,17280.7928199405,3724.08488839286
808.651571863056,17249.8457366071,3697.36377232143
808.836053018014,17223.5472172619,3679.90727678572
809.020518038693,17236.452671131,3699.50926339286
809.204966922804,17232.6167931548,3698.01392113095
809.389399668058,17189.284375,3661.24800595238
809.573816272167,17164.7412574405,3638.36276785714
809.758216732842,17161.7505729167,3644.27912202381
809.942601047796,17151.120639881,3639.72808035714
810.12696921474,17125.1471949405,3626.59507440476
810.311321231384,17139.7105282738,3631.34116071429
810.495657095443,17154.2088467262,3656.33938244048
810.679976804625,17124.3345089286,3643.56395833333
810.864280356644,17068.6492633929,3603.0596875
811.04856774921,17073.980483631,3609.85374255952
811.232838980036,17043.6835491071,3596.03808035714
811.417094046833,17016.9624330357,3582.7100297619
811.601332947312,16977.3358630952,3554.94867559524
811.785555679186,16978.0510267857,3573.41290178571
811.969762240165,16931.8904613095,3549.48742559524
812.153952627961,16938.3269345238,3559.20715029762
812.338126840287,16898.3102752976,3543.01844494048
812.522284874853,16863.6898511905,3510.77106398809
812.706426729371,16855.4004538691,3531.86839285714
812.890552401553,16840.6095684524,3523.8715625
813.074661889111,16797.504702381,3503.97700892857
813.258755189755,16793.1161979167,3521.30347470238
813.442832301198,16772.3764508929,3526.04956101191
813.62689322115,16782.6813095238,3563.20556547619
813.810937947325,16734.700327381,3532.94113839286
813.994966477433,16750.954047619,3568.76433779762
814.178978809186,16712.3027008929,3555.85888392857
814.362974940295,16684.1512574405,3551.34034970238
814.546954868473,16675.9593824405,3558.03688244048
814.73091859143,16656.9100223214,3555.53380952381
814.914866106879,16662.891391369,3585.79823660714
815.09879741253,16649.8884151786,3589.08148809524
815.282712506096,16603.2402380952,3574.77821428571
815.466611385288,16561.0130729167,3547.50447172619
815.650494047817,16516.2178199405,3526.92726190476
815.834360491397,16536.5024627976,3556.44401785714
816.018210713736,16522.6217857143,3570.1621577381
816.202044712549,16515.8927455357,3580.79209077381
816.385862485545,16520.8663839286,3620.61370535714
816.569664030437,16517.3880877976,3619.70349702381
816.753449344937,16459.0697395833,3582.93758184524
816.937218426755,16431.9260267857,3581.18218005952
817.120971273604,16393.0471279762,3562.45789434524
817.304707883195,16374.7129315476,3563.53063988095
817.488428253239,16342.042953869,3543.63608630952
817.672132381449,16326.6669345238,3549.16235119048
817.855820265535,16318.9301636905,3567.88663690476
818.03949190321,16295.3622693452,3564.44084821429
818.223147292185,16264.7402604167,3547.50447172619
818.406786430172,16231.3226116071,3529.62537946429
818.590409314882,16209.1850446429,3526.6021875
818.774015944027,16174.4996056548,3515.22458333333
818.957606315318,16160.6189285714,3520.06819196429
819.141180426467,16133.1176339286,3507.87790178571
819.324738275186,16130.2244717262,3534.59901785714
819.508279859186,16121.7075223214,3538.85749255952
819.691805176179,16082.6660863095,3530.34054315476
819.875314223877,16046.2902604167,3517.8576860119
820.05880699999,16029.0938244048,3526.89475446428
820.242283502231,16016.6434747024,3528.97523065476
820.425743728311,15974.903921131,3505.60238095238
820.609187675942,15968.5324627976,3528.58514136905
820.792615342836,15970.3203720238,3551.24282738095
820.976026726703,15948.8004464286,3548.28465029762
821.159421825256,15933.87953125,3553.58336309524
821.342800636207,15907.4184747024,3549.61745535714
821.526163157266,15886.9712946429,3557.45174851191
821.709509386145,15865.4188616071,3541.68563988095
821.892839320557,15866.5891294643,3565.28604166667
822.076152958212,15843.8989360119,3562.52290922619
822.259450296822,15832.8138988095,3576.04600446429
822.442731334099,15810.9688988095,3580.98713541667
822.625996067754,15787.0759300595,3573.38039434524
822.809244495499,15750.5050595238,3555.76136160714
822.992476615046,15756.1613541667,3576.43609375
823.175692424106,15714.746875,3556.70407738095
823.358891920391,15696.380171131,3559.98732886905
823.542075101612,15686.2053422619,3567.26899553571
823.725241965481,15683.5397321429,3588.30130952381
823.90839250971,15676.7781845238,3598.8337202381
824.091526732009,15619.175,3569.28445684524
824.274644630092,15601.2959077381,3571.72251488095
824.457746201669,15605.0667708333,3590.25175595238
824.640831444452,15561.4092782738,3563.43311755952
824.823900356152,15526.6263169643,3553.84342261905
825.006952934482,15496.1343377976,3546.69178571429
825.189989177152,15470.3234300595,3545.78157738095
825.373009081875,15458.3931994048,3545.97662202381
825.556012646361,15419.5468080357,3540.67790922619
825.738999868323,15391.2003199405,3529.85293154762
825.921970745472,15401.6352083333,3558.52449404762
826.10492527552,15385.9991294643,3574.45313988095
826.287863456178,15387.2344122024,3591.42202380952
826.470785285158,15347.4453050595,3565.51359375
826.653690760172,15342.764233631,3589.50408482143
826.836579878931,15282.62546875,3551.21031994048
827.019452639146,15259.1876041667,3548.3171577381
827.202309038529,15236.952514881,3546.65927827381
827.385149074793,15203.7624181548,3536.41943452381
827.567972745648,15191.9947247024,3541.52310267857
827.750780048806,15130.9132440476,3503.78196428571
827.933570981979,15133.5788541667,3519.74311755952
828.116345542878,15127.6299925595,3546.2691889881
828.299103729215,15088.75109375,3527.70744047619
828.481845538702,15071.8472247024,3537.5246875
828.664570969049,15090.3764657738,3570.22717261905
828.847280017969,15084.7526785714,3584.66047619048
829.029972683174,15081.0468303571,3587.97623511905
829.212648962374,15071.6846875,3599.15879464286
829.395308853282,15043.013125,3585.05056547619
829.577952353609,15019.9978571429,3584.62796875
829.760579461066,14964.8977455357,3564.47335565476
829.943190173366,14920.0049702381,3532.55104910714
830.12578448822,14881.841235119,3528.48761904762
830.308362403339,14869.7484672619,3546.69178571429
830.490923916435,14830.4144642857,3521.56353422619
830.673469025219,14844.6202157738,3560.66998511905
830.855997727404,14830.2194196429,3562.2303422619
831.038510020701,14842.5072321429,3597.11082589286
831.221005902821,14829.2441964286,3599.19130208333
831.403485371477,14781.4257514881,3569.86959077381
831.585948424378,14779.9304092262,3584.69298363095
831.768395059239,14745.992641369,3576.27355654762
831.950825273768,14720.9294047619,3567.4315327381
832.13323906568,14673.6635863095,3545.5865327381
832.315636432684,14673.4035267857,3554.49357142857
832.498017372493,14610.8592113095,3521.53102678571
832.680381882818,14576.4338318452,3507.58533482143
832.862729961371,14526.5999255952,3492.469375
833.045061605863,14490.2891145833,3477.41843005952
833.227376814007,14461.7800892857,3484.92764880952
833.409675583512,14417.0498511905,3458.88918898809
833.591957912092,14405.347172619,3451.51
833.774223797458,14378.3659970238,3440.16490327381
833.956473237321,14367.9961235119,3440.48997767857
834.138706229394,14333.4732217262,3419.32763392857
834.320922771387,14344.0706473214,3445.20355654762
834.503122861012,14313.9687574405,3431.61544642857
834.68530649598,14300.7057217262,3436.45905505952
834.867473674004,14259.5838095238,3412.14348958333
835.049624392795,14247.3935193452,3418.15736607143
835.231758650065,14218.4944047619,3409.1853125
835.413876443525,14191.9358258929,3407.03982142857
835.595977770886,14178.7052976191,3411.33080357143
835.778062629861,14138.0059821429,3392.41147321429
835.960131018161,14142.8170833333,3417.05211309524
836.142182933497,14130.4317485119,3432.91574404762
836.324218373582,14145.8402752976,3468.18631696429
836.506237336126,14132.2196577381,3472.34726934524
836.688239818842,14132.284672619,3487.33319940476
836.87022581944,14109.139375,3489.47869047619
837.052195335633,14112.9102380952,3505.60238095238
837.234148365132,14098.3143973214,3514.18434523809
837.416084905649,14073.6087425595,3519.06046130952
837.598004954895,14039.5409449405,3511.74628720238
837.779908510583,13990.8122916667,3480.92923363095
837.961795570422,13982.9779985119,3494.77740327381
838.143666132126,13951.380766369,3493.63964285714
838.325520193406,13903.3022619048,3471.20950892857
838.507357751972,13882.0749032738,3471.30703125
838.689178805538,13847.617016369,3455.18334077381
838.870983351814,13822.8788541667,3450.59979166667
839.052771388512,13823.3664657738,3474.62279017857
839.234542913344,13809.3557589286,3471.56709077381
839.416297924021,13771.5496056548,3464.12288690476
839.598036418256,13756.7587202381,3466.75598958333
839.779758393758,13737.9044047619,3464.35043898809
839.961463848241,13683.7470089286,3427.81207589286
840.143152779415,13671.0365997024,3435.77639880952
840.324825184993,13646.0383779762,3438.18194940476
840.506481062685,13611.2554166667,3421.92822916667
840.688120410204,13625.6237053571,3444.94349702381
840.869743225261,13574.6520386905,3408.01504464286
841.051349505568,13572.8316220238,3417.05211309524
841.232939248836,13577.7727529762,3438.70206845238
841.414512452777,13580.9909895833,3460.2545014881
841.596069115102,13577.0575892857,3476.60574404762
841.777609233523,13557.3255729167,3477.51595238095
841.959132805752,13536.8458854167,3474.10267113095
842.1406398295,13572.9291443452,3526.99227678571
842.322130302479,13533.3350818452,3510.77106398809
842.503604222401,13502.8431026786,3504.33459077381
842.685061586976,13531.2546056548,3542.59584821429
842.866502393917,13484.8989955357,3513.27413690476
843.047926640935,13459.7382366071,3514.15183779762
843.229334325743,13459.93328125,3518.96293898809
843.41072544605,13447.1903645833,3526.30962053571
843.59209999957,13423.06984375,3520.71834077381
843.773457984013,13404.8006622024,3520.71834077381
843.954799397091,13369.757641369,3491.81922619048
844.136124236516,13384.776078869,3521.46601190476
844.3174325,13366.6694345238,3519.32052083333
844.498724185254,13329.7084747024,3511.87631696429
844.679999289989,13344.6618973214,3543.44104166667
844.861257811917,13325.6125372024,3547.79703869048
845.04249974875,13261.3778348214,3506.6751264881
845.2237250982,13248.30984375,3503.81447172619
845.404933857977,13238.817671131,3508.9831547619
845.586126025795,13222.7264880952,3503.84697916667
845.767301599363,13206.5052752976,3500.72626488095
845.948460576394,13171.2021949405,3481.61188988095
846.1296029546,13173.5102232143,3496.11020833333
846.310728731691,13179.3940699405,3522.18117559524
846.49183790538,13128.8775074405,3496.24023809524
846.672930473378,13142.0105133929,3521.04341517857
846.854006433397,13125.9843452381,3521.82359375
847.035065783148,13095.0697693452,3515.84222470238
847.216108520343,13098.0279464286,3534.27394345238
847.397134642694,13094.3220982143,3552.08802083333
847.578144147912,13119.1252752976,3589.37405505952
847.759137033709,13101.8638244048,3592.10468005952
847.940113297796,13057.16609375,3561.74273065476
848.121072937885,13056.1908705357,3579.10170386905
848.302015951687,13029.1446800595,3566.97642857143
848.482942336915,13031.22515625,3585.47316220238
848.663852091279,13013.2810491071,3584.82301339286
848.844745212492,13017.5395238095,3599.71142113095
849.025621698264,12992.0211830357,3593.73005208333
849.206481546309,12957.5958035714,3579.10170386905
849.387324754336,12942.544858631,3581.47474702381
849.568151320058,12898.5622916667,3559.2396577381
849.748961241186,12887.3472247024,3565.54610119048
849.929754515432,12849.7361160714,3544.83886160714
850.110531140508,12818.7240178571,3521.72607142857
850.291291114125,12801.85265625,3530.30803571429
850.472034433994,12788.947202381,3540.09277529762
850.652761097828,12777.3095386905,3544.51378720238
850.833471103337,12740.41359375,3519.41804315476
851.014164448235,12728.0932738095,3524.78177083333
851.194841130231,12711.4169568452,3525.13935267857
851.375501147038,12653.3586681548,3489.38116815476
851.556144496367,12641.0058407738,3488.24340773809
851.73677117593,12633.2690699405,3490.09633184524
851.917381183438,12617.0153497024,3495.00495535714
852.097974516604,12607.3931473214,3504.30208333333
852.278551173138,12551.3503199405,3463.18017113095
852.459111150753,12532.1059151786,3461.87987351191
852.639654447159,12528.5300967262,3474.36273065476
852.820181060069,12517.2175074405,3485.87036458333
853.000690987194,12537.2095833333,3520.06819196429
853.181184226245,12525.376875,3529.72290178571
853.361660774935,12546.5717261905,3559.56473214286
853.542120630975,12540.2652827381,3564.24580357143
853.722563792076,12532.6910491071,3578.19149553571
853.90299025595,12518.9404017857,3579.10170386905
854.083400020309,12496.5427752976,3571.85254464286
854.263793082864,12481.5243377976,3569.34947172619
854.444169441326,12463.7752752976,3561.41765625
854.624529093409,12472.7798363095,3589.14650297619
854.804872036822,12437.249203869,3565.80616071429
854.985198269278,12419.630171131,3555.79386904762
855.165507788488,12412.0884449405,3560.34491071429
855.345800592164,12393.2016220238,3565.31854910714
855.526076678017,12383.0918080357,3581.37722470238
855.706336043759,12356.7932886905,3569.86959077381
855.886578687102,12326.8864434524,3555.04619791667
856.066804605757,12329.8771279762,3578.90665922619
856.247013797436,12304.813891369,3567.13896577381
856.42720625985,12262.7492633929,3540.84044642857
856.607381990712,12231.0545089286,3524.74926339286
856.787540987732,12199.5222916667,3514.67195684524
856.967683248622,12190.7127752976,3520.84837053571
857.147808771093,12142.0166294643,3495.26501488095
857.327917552859,12107.3636979167,3473.45252232143
857.508009591629,12114.1902604167,3492.40436011905
857.688084885116,12070.3377232143,3469.55162946429
857.868143431031,12032.0439583333,3448.779375
858.048185227085,12003.5024255952,3441.10761904762
858.228210270991,11980.7147098214,3443.48066220238
858.40821856046,11971.0925074405,3452.16014880952
858.588210093204,11971.8401785714,3472.96491071429
858.768184866934,11944.6314508929,3467.47115327381
858.948142879361,11933.9039955357,3477.41843005952
859.128084128198,11915.6348139881,3479.04380208333
859.308008611156,11879.9091369048,3454.40316220238
859.487916325946,11845.2236979167,3435.32129464286
859.667807270281,11836.1216145833,3444.78095982143
859.847681441871,11787.8155580357,3410.32307291667
860.027538838428,11772.7321056548,3410.22555059524
860.207379457665,11792.1065401786,3447.90167410714
860.387203297292,11796.3975223214,3465.58572172619
860.567010355021,11762.5247693452,3448.51931547619
860.746800628564,11738.4042485119,3449.72209077381
860.926574115632,11731.9027604167,3454.79325148809
861.106330813937,11719.6799627976,3467.47115327381
861.286070721191,11714.0236681548,3476.50822172619
861.465793835104,11704.2389285714,3492.56689732143
861.645500153389,11712.2032514881,3510.86858630952
861.825189673758,11712.398296131,3530.53558779762
862.004862393922,11708.4974032738,3539.21507440476
862.184518311592,11710.220297619,3557.74431547619
862.36415742448,11642.4747916667,3506.48008184524
862.543779730298,11624.7907440476,3509.69831845238
862.723385226757,11623.1653720238,3527.1548139881
862.902973911569,11605.9689360119,3519.74311755952
863.082545782446,11593.8436607143,3529.95045386905
863.262100837098,11612.4054092262,3570.32469494048
863.441639073238,11599.4349404762,3566.19625
863.621160488578,11605.15625,3596.39566220238
863.800665080828,11602.5231473214,3615.83511160714
863.980152847701,11544.7249181548,3582.09238839286
864.159623786908,11527.8210491071,3583.62023809524
864.33907789616,11509.6168824405,3581.70229910714
864.51851517317,11495.7687127976,3586.31835565476
864.697935615649,11472.655922619,3580.46701636905
864.877339221308,11458.7102306548,3576.24104910714
865.056725987859,11412.712202381,3553.42082589286
865.236095913014,11385.6660119048,3543.37602678571
865.415448994484,11341.9760119048,3519.32052083333
865.594785229981,11311.3540029762,3496.66283482143
865.774104617216,11289.3139583333,3494.58235863095
865.953407153901,11249.2322842262,3471.72962797619
866.132692837748,11257.7167261905,3498.15817708333
866.311961666469,11249.2972991071,3504.26957589286
866.491213637774,11229.077671131,3499.1659077381
866.670448749375,11191.8241443452,3485.18770833333
866.849666998984,11173.9450520833,3480.53914434524
867.028868384313,11130.3525744048,3448.71436011905
867.208052903074,11086.2399776786,3432.88323660714
867.387220552977,11081.2338318452,3442.44042410714
867.566371331734,11057.1783258929,3434.44359375
867.745505237058,11076.5852678571,3460.22199404762
867.924622266659,11046.4833779762,3452.68026785714
868.103722418249,11027.4990327381,3452.81029761905
868.28280568954,11006.6617633929,3440.81505208333
868.461872078243,11012.7081473214,3468.57640625
868.640921582071,11019.372172619,3496.89038690476
868.819954198734,11036.1785193452,3525.20436755952
868.998969925944,11028.1491815476,3526.56968005952
869.177968761413,11030.4572098214,3542.23826636905
869.356950702852,11013.4883258929,3550.46264880952
869.535915747973,11004.2237053571,3556.83410714286
869.714863894488,10986.3771205357,3553.48584077381
869.893795140108,10964.8571949405,3550.07255952381
870.072709482545,10938.20109375,3540.41784970238
870.25160691951,10920.387016369,3535.93182291667
870.430487448715,10931.0494568452,3557.25670386905
870.609351067871,10918.5991071429,3557.74431547619
870.788197774691,10903.0930580357,3554.91616815476
870.967027566885,10936.4781994048,3593.24244047619
871.145840442166,10912.2926636905,3577.34630208333
871.324636398245,10900.4599553571,3579.10170386905
871.503415432833,10861.5160416667,3564.14828125
871.682177543643,10874.096421131,3579.94689732143
871.860922728385,10880.922983631,3588.26880208333
872.039650984771,10872.5360639881,3591.22697916667
872.218362310514,10846.4650967262,3570.55224702381
872.397056703323,10813.6650892857,3555.63133184524
872.575734160912,10775.5013541667,3531.83588541667
872.754394680992,10781.2876785714,3545.16393601191
872.933038261274,10737.9877678571,3514.54192708333
873.11166489947,10725.960014881,3503.22933779762
873.290274593292,10688.413921131,3474.03765625
873.46886734045,10670.6323511905,3465.32566220238
873.647443138657,10660.1974627976,3451.93259672619
873.826001985625,10675.6710044643,3470.78691220238
874.004543879064,10661.1401785714,3461.13220238095
874.183068816687,10649.3399776786,3452.77779017857
874.361576796205,10640.4004315476,3454.72823660714
874.54006781533,10629.7704985119,3453.29790922619
874.718541871772,10616.604985119,3444.35836309524
874.896998963245,10589.2012127976,3420.2378422619
875.07543908746,10590.2089434524,3423.97619791667
875.253862242127,10601.8791145833,3428.98234375
875.432268424959,10575.1905059524,3407.85250744048
875.610657633667,10558.3191443452,3405.31692708333
875.789029865963,10545.3161681548,3400.79839285714
875.967385119559,10514.1415327381,3377.06796130952
876.145723392165,10485.3399404762,3349.17657738095
876.324044681495,10493.10921875,3349.89174107143
876.502348985258,10477.0830505952,3334.02811011905
876.680636301168,10498.1478720238,3351.90720238095
876.858906626934,10505.0394494048,3368.68104166667
877.03715996027,10516.4170535714,3376.45031994048
877.215396298886,10507.3474776786,3367.02316220238
877.393615640495,10510.923296131,3382.46419642857
877.571817982808,10485.2749255952,3361.20433035714
877.750003323535,10480.6263616071,3360.26161458333
877.92817166039,10458.7163467262,3345.86081845238
878.106322991084,10478.3508407738,3359.44892857143
878.284457313328,10485.8275520833,3362.56964285714
878.462574624833,10483.7795833333,3360.52167410714
878.640674923312,10488.0055505952,3375.54011160714
878.818758206476,10466.2255654762,3355.41800595238
878.996824472037,10470.646577381,3361.46438988095
879.174873717706,10465.6729389881,3357.04337797619
879.352905941194,10465.8354761905,3346.90105654762
879.530921140214,10464.6001934524,3336.62870535714
879.708919312477,10484.7873139881,3352.19976934524
879.886900455695,10515.4418303571,3373.45963541667
880.064864567579,10488.2331026786,3352.00472470238
880.24281164584,10526.5918824405,3391.63129464286
880.420741688191,10540.0824702381,3399.27054315476
880.598654692343,10553.6055654762,3403.36648065476
880.776550656007,10569.6967485119,3418.1898735119
880.954429576896,10588.2584970238,3432.2655952381
881.13229145272,10589.2012127976,3421.57064732143
881.310136281192,10597.1330282738,3425.08145089286
881.487964060023,10597.3605803571,3418.54745535714
881.665774786924,10635.5243154762,3444.26084077381
881.843568459607,10622.9764434524,3439.48224702381
882.021345075784,10628.9903199405,3440.13239583333
882.199104633167,10607.79546875,3423.06598958333
882.376847129466,10633.5088541667,3429.92505952381
882.554572562394,10659.0922098214,3445.39860119048
882.732280929662,10647.9746651786,3428.03962797619
882.909972228982,10661.2702083333,3437.92188988095
883.087646458065,10657.0442410714,3435.6788764881
883.265303614623,10661.3677306548,3439.51475446429
883.442943696368,10666.1138169643,3438.66956101191
883.620566701011,10662.7005357143,3436.75162202381
883.798172626263,10702.067046131,3467.73121279762
883.975761469837,10687.5687276786,3450.01465773809
884.153333229443,10662.8305654762,3420.88799107143
884.330887902795,10651.7780357143,3412.82614583333
884.508425487602,10635.0692113095,3397.77520089286
884.685945981577,10625.9021130952,3389.06320684524
884.863449382431,10634.2890327381,3401.22098958333
885.040935687876,10651.420453869,3413.99641369048
885.218404895624,10646.1217410714,3413.70384672619
885.395857003386,10654.4761532738,3423.29354166667
885.573292008873,10697.3209598214,3453.49295386905
885.750709909798,10689.4541592262,3443.54567708333
885.928110703872,10675.8985565476,3419.45766369048
886.105494388806,10655.2888392857,3406.74725446429
886.282860962312,10659.4172842262,3406.81226934524
886.460210422102,10661.3677306548,3410.42059523809
886.637542765887,10649.6000372024,3393.28917410714
886.814857991378,10679.1818080357,3417.31217261905
886.992156096289,10686.3009375,3422.38333333333
887.169437078329,10696.7683333333,3430.80276041667
887.346700935212,10697.1259151786,3425.04894345238
887.523947664647,10701.4819122024,3429.43744791667
887.701177264347,10688.9990550595,3410.35558035714
887.878389732024,10726.512641369,3452.8753125
888.055585065389,10720.5312723214,3436.29651785714
888.232763262153,10735.1596205357,3443.77322916667
888.409924320028,10744.1641815476,3451.51
888.587068236727,10771.63296875,3473.64756696429
888.76419500996,10757.362202381,3458.4665922619
888.941304637439,10766.789360119,3460.22199404762
889.118397116875,10722.6117485119,3426.05667410714
889.295472445981,10680.222046131,3384.54467261905
889.472530622467,10678.3691220238,3383.40691220238
889.649571644046,10688.8365178571,3395.56469494048
889.826595508429,10724.0095684524,3421.92822916667
890.003602213328,10721.5064955357,3425.04894345238
890.180591756454,10735.4846949405,3437.95439732143
890.357564135518,10753.4938169643,3454.01307291667
890.534519348233,10739.2230505952,3442.34290178571
890.71145739231,10707.5933110119,3411.55835565476
890.88837826546,10726.57765625,3437.3042485119
891.065281965396,10697.841078869,3409.38035714286
891.242168489829,10693.3225446429,3406.06459821429
891.41903783647,10744.9768675595,3459.701875
891.595890003031,10715.1350372024,3424.7563764881
891.772724987223,10722.6442559524,3437.33675595238
891.949542786759,10709.7388020833,3428.26718005952
892.126343399349,10721.11640625,3435.84141369048
892.303126822706,10742.7988690476,3455.24835565476
892.479893054541,10749.4628943452,3461.68482886905
892.656642092565,10742.6038244048,3453.16787946429
892.83337393449,10788.5693452381,3486.71555803571
893.010088578028,10777.0617113095,3475.89058035714
893.186786020891,10771.3404017857,3478.32863839286
893.36346626079,10797.8989806548,3495.94767113095
893.540129295436,10772.1855952381,3481.93696428571
893.716775122541,10786.1963020833,3488.47095982143
893.893403739817,10769.9425818452,3471.40455357143
894.070015144975,10779.3697395833,3486.74806547619
894.246609335727,10769.3899553571,3473.9076264881
894.423186309785,10791.5925372024,3497.60555059524
894.59974606486,10777.776875,3483.7248735119
894.776288598663,10831.9017633929,3538.98752232143
894.952813908907,10842.2391294643,3548.08960565476
895.129321993303,10815.940610119,3522.76630952381
895.305812849562,10834.0797619048,3554.4610639881
895.482286475397,10821.2393229167,3547.2119047619
895.658742868518,10821.0117708333,3551.0477827381
895.835182026638,10827.9683630952,3565.22102678571
896.011603947467,10777.2242485119,3528.71517113095
896.188008628718,10769.6825223214,3529.36531994048
896.364396068102,10750.1130431548,3518.83290922619
896.54076626333,10723.3269122024,3504.26957589286
896.717119212115,10716.955453869,3512.00634672619
896.893454912168,10725.8624925595,3524.84678571429
897.0697733612,10718.2232440476,3526.34212797619
897.246074556924,10732.786577381,3542.75838541667
897.42235849705,10710.4864732143,3540.19029761905
897.59862517929,10699.206391369,3538.14232886905
897.774874601356,10676.678735119,3525.04183035714
897.95110676096,10666.6664434524,3522.18117559524
898.127321655813,10669.169516369,3532.74609375
898.303519283626,10664.4559375,3538.20734375
898.479699642112,10621.0259970238,3511.51873511905
898.655862728981,10589.3312425595,3487.30069196429
898.832008541946,10569.2741517857,3484.99266369048
899.008137078718,10559.6194419643,3480.96174107143
899.184248337009,10546.5839583333,3483.20475446429
899.36034231453,10542.2279613095,3483.39979910714
899.536419008992,10500.0333035714,3456.32110119048
899.712478418109,10527.2745386905,3481.87194940476
899.88852053959,10527.0794940476,3484.73260416667
900.064545371148,10557.5714732143,3526.95976934524
900.240552910494,10570.0868377976,3553.55085565476
900.41654315534,10557.343921131,3548.21963541667
900.592516103397,10559.5544270833,3560.93004464286
900.768471752377,10534.8812797619,3558.45947916667
900.944410099992,10503.4790922619,3536.22438988095
901.120331143953,10502.2438095238,3540.87295386905
901.296234881972,10514.3040699405,3557.8743452381
901.472121311761,10505.39703125,3554.20100446429
901.64799043103,10506.8923735119,3576.53361607143
901.823842237492,10466.9732366071,3552.93321428571
901.999676728858,10447.8588616071,3543.47354910714
902.17549390284,10447.0136681548,3550.10506696429
902.351293757149,10419.447358631,3546.85432291667
902.527076289498,10421.8854166667,3550.52766369048
902.702841497597,10400.1379389881,3534.72904761905
902.878589379158,10380.6659821429,3516.4923735119
903.054319931893,10359.7636979167,3516.78494047619
903.230033153513,10380.1133556548,3540.74292410714
903.40572904173,10322.510171131,3504.98473958333
903.581407594256,10282.3309747024,3488.27591517857
903.757068808802,10231.0017261905,3449.72209077381
903.932712683079,10183.7359077381,3416.53199404762
904.1083392148,10179.1198511905,3421.34309523809
904.283948401676,10167.9372916667,3420.88799107143
904.459540241419,10165.7267857143,3429.1123735119
904.63511473174,10148.5303497024,3427.03189732143
904.81067187035,10139.8833705357,3433.53338541667
904.986211654962,10112.9672098214,3420.92049851191
905.161734083287,10102.694858631,3428.59225446429
905.337239153036,10100.7444122024,3433.79344494048
905.512726861921,10136.2425372024,3478.55619047619
905.688197207654,10094.3404464286,3449.03943452381
905.863650187947,10051.9832514881,3422.0257514881
906.03908580051,10065.2137797619,3436.32902529762
906.214504043056,10033.5515327381,3424.10622767857
906.389904913296,10022.2714508929,3431.68046130952
906.565288408942,10020.646078869,3450.17719494048
906.740654527705,10022.4339880952,3456.93874255952
906.916003267297,9999.80880952381,3447.70662946429
907.091334625429,9990.70672619047,3450.11218005952
907.266648599814,9987.61851934524,3453.26540178571
907.441945188162,10010.2436979167,3484.01744047619
907.617224388186,9993.76242559524,3479.43389136905
907.792486197596,9998.96361607143,3496.46779017857
907.967730614105,9976.46846726191,3486.22794642857
908.142957635424,9937.16697172619,3456.77620535714
908.318167259265,10019.1182291667,3553.03073660714
908.493359483339,9985.50553571428,3532.38851190476
908.668534305358,9966.97629464286,3532.03093005952
908.843691723033,9933.91622767857,3508.59306547619
909.018831734076,9916.06964285714,3509.30822916667
909.1939543362,9855.34574404762,3460.48205357143
909.369059527114,9869.58400297619,3492.66441964286
909.544147304531,9882.39193452381,3516.39485119048
909.719217666163,9865.58558779762,3521.66105654762
909.89427060972,9841.43255952381,3518.21526785714
910.069306132916,9843.09043898809,3532.77860119048
910.24432423346,9812.72848958333,3519.12547619048
910.419324909066,9790.75345982143,3513.72924107143
910.594308157444,9760.52154017857,3502.67671130952
910.769273976306,9739.97683779762,3494.28979166667
910.944222363363,9708.6071577381,3481.96947172619
911.119153316328,9661.14629464285,3459.8319047619
911.294066832912,9647.88325892857,3459.701875
911.468962910826,9611.76749255952,3439.38472470238
911.643841547782,9597.39920386905,3446.08125744048
911.818702741492,9588.55718005952,3456.22357886905
911.993546489667,9497.37380952381,3376.97043898809
912.168372790018,9464.37875744048,3364.22752232143
912.343181640258,9458.52741815476,3367.77083333333
912.517973038099,9444.77677083333,3378.36825892857
912.69274698125,9404.23999255952,3349.82672619048
912.867503467425,9402.7771577381,3365.91790922619
913.042242494335,9396.24316220238,3370.43644345238
913.216964059691,9404.37002232143,3392.93159226191
913.391668161205,9361.03760416667,3363.08976190476
913.566354796589,9373.48795386905,3383.27688244048
913.741023963554,9332.52857886905,3364.71513392857
913.915675659812,9328.98526785714,3372.06181547619
914.090309883074,9313.05662202381,3371.47668154762
914.264926631052,9291.99180059524,3366.47053571429
914.439525901458,9269.52915922619,3359.18886904762
914.614107692003,9271.02450148809,3378.43327380952
914.788672000398,9300.15116815476,3421.05052827381
914.963218824356,9297.87564732143,3440.91257440476
915.137748161588,9282.30458333333,3445.20355654762
915.312260009805,9266.11587797619,3447.5440922619
915.48675436672,9273.62509672619,3468.12130208333
915.661231230043,9239.23222470238,3452.38770089286
915.835690597487,9225.83915922619,3452.51773065476
916.010132466763,9201.45857886905,3452.0626264881
916.184556835582,9209.00030505952,3468.57640625
916.358963701656,9199.05302827381,3478.16610119048
916.533353062697,9179.84113095238,3472.34726934524
916.707724916417,9130.07223958333,3440.35994791667
916.882079260526,9102.86351190476,3433.46837053571
917.056416092737,9107.90216517857,3453.85053571429
917.230735410761,9076.40245535714,3443.80573660714
917.40503721231,9057.74318452381,3436.45905505952
917.579321495095,9067.75547619048,3463.86282738095
917.753588256828,9037.62107886905,3452.51773065476
917.92783749522,9035.21552827381,3462.17244047619
918.102069207984,9006.41393601191,3451.93259672619
918.27628339283,9002.70808779762,3463.01763392857
918.450480047471,8959.34316220238,3429.86004464286
918.624659169617,8954.88964285714,3428.72228422619
918.798820756981,8963.53662202381,3449.03943452381
918.972964807274,8917.21351934524,3410.71316220238
919.147091318208,8908.04642113095,3418.87252976191
919.321200287494,8916.82343005953,3443.15558779762
919.495291712844,8904.27555803571,3446.14627232143
919.669365591969,8888.37941964286,3444.74845238095
919.843421922582,8859.61033482143,3434.54111607143
920.017460702393,8834.51459077381,3421.37560267857
920.191481929115,8833.63688988095,3437.69433779762
920.365485600458,8827.88307291667,3445.26857142857
920.539471714134,8804.96532738095,3432.2655952381
920.713440267856,8774.89594494048,3418.22238095238
920.887391259335,8771.5801860119,3425.21148065476
921.061324686282,8754.35124255952,3420.62793154762
921.235240546408,8709.3284375,3390.13595238095
921.409138837426,8712.80673363095,3402.13119791667
921.583019557047,8712.80673363095,3424.72386904762
921.756882702983,8709.58849702381,3445.72367559524
921.930728272945,8685.37045386905,3431.22535714286
922.104556264645,8635.21147321429,3400.31078125
922.278366675794,8637.06439732143,3423.71613839286
922.452159504104,8599.22573660714,3404.79680803571
922.625934747287,8615.54447172619,3436.19899553571
922.799692403054,8565.51552083333,3396.99502232143
922.973432469117,8540.22473214286,3382.91930059524
923.147154943188,8555.048125,3411.88343005952
923.320859822977,8543.05287946429,3416.53199404762
923.494547106197,8541.52502976191,3424.00870535714
923.668216790559,8562.81740327381,3462.04241071429
923.841868873775,8545.26338541667,3453.49295386905
924.015503353557,8547.11630952381,3468.18631696429
924.189120227615,8522.89826636905,3463.34270833333
924.362719493662,8486.00232142857,3440.13239583333
924.536301149409,8436.46098214286,3404.21167410714
924.709865192568,8432.17,3416.33694940476
924.883411620851,8426.28615327381,3418.51494791667
925.056940431968,8414.06335565476,3423.22852678571
925.230451623632,8365.17216517857,3382.26915178571
925.403945193554,8371.5436235119,3394.62197916667
925.577421139446,8335.62290178571,3375.73515625
925.750879459019,8363.12419642857,3412.89116071429
925.924320149985,8308.41417410715,3364.03247767857
926.097743210056,8308.57671130952,3377.65309523809
926.271148636943,8279.97016369048,3368.45348958333
926.444536428358,8299.24707589286,3407.36489583333
926.617906582012,8266.83715773809,3386.98273065476
926.791259095617,8238.62069940476,3375.63763392857
926.964593966884,8214.5326860119,3359.28639136905
927.137911193526,8196.32851934524,3356.68579613095
927.311210773253,8146.36458333333,3324.43841517857
927.484492703778,8139.57052827381,3332.20769345238
927.657756982812,8114.47478422619,3319.36725446429
927.831003608066,8094.02760416667,3305.74663690476
928.004232577253,8110.73642857143,3334.77578125
928.177443888083,8111.15902529762,3349.46914434524
928.350637538268,8097.1158110119,3345.43822172619
928.523813525521,8090.09420386905,3355.02791666667
928.696971847552,8054.88864583333,3335.23088541667
928.870112502073,8044.38874255952,3336.23861607143
929.043235486795,8028.46009672619,3331.85011160714
929.216340799431,8042.37328125,3359.09134672619
929.389428437692,8030.83313988095,3363.18728422619
929.56249839929,8037.30212053571,3393.48421875
929.735550681935,8016.43234375,3380.22118303571
929.90858528334,8003.94948660714,3376.93793154762
930.081602201217,7966.63094494048,3353.37003720238
930.254601433276,7974.53025297619,3379.11593005952
930.42758297723,7952.26265625,3362.99223958333
930.60054683079,7945.40358630952,3379.37598958333
930.773492991668,7925.0864360119,3375.76766369048
930.946421457575,7921.31557291667,3375.54011160714
931.119332226223,7903.85907738095,3371.5091889881
931.292225295323,7892.09138392857,3382.72425595238
931.465100662587,7868.16590773809,3373.6871875
931.637958325727,7854.96788690476,3375.6051264881
931.810798282454,7832.60276785714,3369.52623511905
931.98362053048,7843.88284970238,3401.31851190476
932.156425067517,7805.42654761905,3380.74130208333
932.329211891276,7796.7470610119,3386.46261160714
932.501980999468,7802.98848958333,3411.16826636905
932.674732389806,7776.36489583333,3395.17460565476
932.84746606,7757.12049107143,3390.65607142857
933.020182007763,7716.22613095238,3361.56191220238
933.192880230806,7669.54544642857,3323.07310267857
933.36556072684,7667.52998511905,3336.0110639881
933.538223493578,7641.91412202381,3315.82394345238
933.71086852873,7640.51630208333,3325.99877232143
933.883495830009,7594.55078125,3292.25604910714
934.056105395126,7588.08180059524,3305.16150297619
934.228697221793,7577.19180803571,3305.22651785714
934.401271307721,7569.87763392857,3312.18311011905
934.573827650622,7579.23977678571,3340.26953869048
934.746366248207,7554.69665922619,3335.52345238095
934.918887098188,7529.24333333333,3318.42453869048
935.091390198276,7525.53748511905,3332.11017113095
935.263875546184,7508.08098958333,3328.0792485119
935.436343139623,7511.88436011905,3347.48619047619
935.608792976304,7464.2934672619,3310.91531994048
935.781225053939,7462.99316964286,3320.83008928571
935.95363937024,7437.57235119048,3312.73573660714
936.126035922917,7419.07561755952,3302.52840029762
936.298414709684,7408.60822172619,3307.72959077381
936.470775728251,7389.13626488095,3303.47111607143
936.64311897633,7375.61316964286,3304.70639880952
936.815444451632,7390.85915922619,3337.11631696429
936.98775215187,7355.91366071429,3313.80848214286
937.160042074754,7356.79136160714,3337.11631696429
937.332314217997,7322.78857886905,3315.75892857143
937.50456857931,7325.29165178571,3331.32999255952
937.676805156404,7322.88610119048,3339.39183779762
937.849023946992,7308.03020089286,3335.68598958333
938.021224948784,7260.63435267857,3302.20332589286
938.193408159492,7236.90392113095,3286.59975446429
938.365573576829,7219.41491815476,3283.0239360119
938.537721198505,7225.23375,3302.85347470238
938.709851022232,7236.61135416667,3324.37340029762
938.881963045722,7241.12988839286,3341.40729910714
939.054057266687,7198.38260416667,3310.46021577381
939.226133682837,7210.11779017857,3329.02196428571
939.398192291884,7213.95366815476,3345.63326636905
939.570233091541,7231.37765625,3371.18411458333
939.742256079519,7229.68726934524,3386.30007440476
939.914261253528,7209.14256696428,3378.75834821429
940.086248611282,7216.81432291667,3393.71177083333
940.258218150492,7220.26011160714,3409.38035714286
940.430169868868,7185.24959821429,3382.59422619048
940.602103764123,7145.75305803571,3356.78331845238
940.774019833969,7128.2965625,3351.41959077381
940.945918076116,7172.40915922619,3409.93298363095
941.117798488277,7167.85811755952,3418.8725297619
941.289661068162,7140.16177827381,3407.59244791667
941.461505813485,7132.88011160714,3408.60017857143
941.633332721956,7144.16019345238,3428.07213541667
941.805141791287,7142.24225446429,3439.44973958333
941.976933019189,7153.45732142857,3460.28700892857
942.148706403374,7135.90330357143,3457.65390625
942.320461941554,7113.37564732143,3446.89394345238
942.49219963144,7096.894375,3443.54567708333
942.663919470744,7118.80438988095,3475.2729389881
942.835621457178,7112.49794642857,3488.82854166667
943.007305588452,7087.30468005952,3468.28383928571
943.17897186228,7078.56017857143,3474.36273065476
943.350620276371,7065.03708333333,3468.28383928571
943.522250828439,7042.34688988095,3462.39999255952
943.693863516193,7002.29772321429,3433.59840029762
943.865458337347,6997.12904017857,3442.57045386905
944.037035289612,6981.23290178571,3440.5875
944.208594370698,6999.59960565476,3472.37977678571
944.380135578319,7008.7016889881,3493.86719494048
944.551658910185,6948.69295386905,3439.48224702381
944.723164364008,6958.73775297619,3466.36590029762
944.8946519375,6945.50722470238,3463.31020089286
945.066121628372,6924.11732886905,3457.5238764881
945.237573434335,6914.85270833333,3458.14151785714
945.409007353102,6895.38075148809,3450.1446875
945.580423382385,6861.70304315476,3426.64180803571
945.751821519893,6876.20136160714,3447.38155505952
945.92320176334,6853.57618303572,3434.67114583333
946.094564110437,6860.40274553572,3447.86916666667
946.265908558895,6846.29451636905,3442.7654985119
946.437235106426,6832.77142113095,3437.10920386905
946.608543750742,6823.2792485119,3446.56886904762
946.779834489554,6792.94980654762,3422.31831845238
946.951107320573,6759.04454613095,3400.47331845238
947.122362241513,6751.92541666667,3403.26895833333
947.293599250082,6752.51055059524,3413.05369791667
947.464818343995,6728.48755208333,3395.49968005952
947.636019520962,6743.05088541667,3419.75023065476
947.807202778695,6743.57100446429,3429.89255208333
947.978368114904,6710.02332589286,3408.01504464286
948.149515527303,6711.35613095238,3427.77956845238
948.320645013603,6675.46791666667,3396.83248511905
948.491756571515,6641.43262648809,3376.25527529762
948.66285019875,6600.70080357143,3341.17974702381
948.833925893021,6579.50595238095,3337.40888392857
949.004983652038,6541.40723214286,3314.13355654762
949.176023473515,6545.69821428571,3334.71076636905
949.347045355161,6514.16599702381,3315.27131696429
949.518049294689,6510.39513392857,3323.20313244048
949.689035289811,6466.90017857143,3294.85664434524
949.860003338237,6445.51028273809,3290.56566220238
950.03095343768,6429.45160714286,3284.97438244048
950.201885585851,6401.26765625,3265.56744047619
950.372799780462,6371.1007514881,3247.91590029762
950.543696019224,6386.73683035714,3278.73295386905
950.714574299849,6395.54634672619,3294.75912202381
950.885434620049,6387.7445610119,3299.83028273809
951.056276977534,6386.47677083333,3306.94941220238
951.227101370018,6383.48608630952,3320.21244791667
951.39790779521,6347.82542410714,3296.35198660714
951.568696250824,6350.03593005952,3309.22493303571
951.73946673457,6336.57784970238,3299.50520833333
951.91021924416,6346.65515625,3329.21700892857
952.080953777306,6356.30986607143,3342.21998511905
952.251670331719,6384.20125,3387.86043154762
952.422368905111,6388.55724702381,3404.08164434524
952.593049495194,6426.16835565476,3456.12605654762
952.763712099678,6392.29560267857,3428.33219494048
952.934356716277,6381.01552083333,3429.665
953.1049833427,6376.46447916667,3440.68502232143
953.275591976661,6355.10709077381,3432.2655952381
953.446182615869,6350.55604910714,3431.94052083333
953.616755258038,6329.29618303571,3421.92822916667
953.787309900879,6361.86863839286,3466.33339285714
953.957846542103,6368.89024553571,3486.03290178571
954.128365179422,6366.77726190476,3484.01744047619
954.298865810547,6358.03276041667,3486.84558779762
954.46934843319,6328.35346726191,3465.0330952381
954.639813045063,6305.50073660714,3458.59662202381
954.810259643877,6303.7778422619,3463.50524553571
954.980688227344,6305.46822916667,3478.75123511905
955.151098793176,6322.98973958333,3500.07611607143
955.321491339083,6293.73304315476,3488.08087053571
955.491865862778,6257.87733630952,3451.60752232143
955.662222361972,6252.12351934524,3457.71892113095
955.832560834378,6224.13461309524,3438.11693452381
956.002881277705,6236.55245535714,3459.11674107143
956.173183689667,6196.01567708333,3421.57064732143
956.343468067974,6202.45215029762,3435.02872767857
956.513734410338,6179.14431547619,3420.9204985119
956.683982714471,6160.06244791667,3415.1991889881
956.854212978085,6140.78553571429,3402.06618303571
957.024425198891,6137.76234375,3411.85092261905
957.1946193746,6135.42180803571,3419.58769345238
957.364795502924,6116.89256696429,3408.66519345238
957.534953581576,6116.56749255952,3416.20691964286
957.705093608265,6082.5972172619,3401.44854166667
957.875215580705,6066.57104910714,3395.07708333333
958.045319496606,6091.63428571429,3434.05350446429
958.21540535368,6082.10960565476,3439.67729166667
958.38547314964,6062.86520089286,3423.87867559524
958.555522882195,6036.14408482143,3408.17758184524
958.725554549059,6017.28976934524,3404.60176339286
958.895568147942,6029.18749255952,3420.95300595238
959.065563676556,6032.89334077381,3438.79959077381
959.235541132613,6028.89492559524,3443.74072172619
959.405500513824,5999.34566220238,3421.86321428571
959.575441817901,5949.31671130952,3377.9131547619
959.745365042556,5949.12166666667,3391.92386160714
959.9152701855,5941.90501488095,3398.10027529762
960.085157244445,5922.75813244048,3390.59105654762
960.255026217102,5945.3833110119,3418.51494791667
960.424877101183,5953.70521577381,3439.96985863095
960.5947098944,5892.36367559524,3388.67311755952
960.764524594464,5889.27546875,3392.63902529762
960.934321199086,5860.57139880952,3375.80017113095
961.104099705979,5848.93373511905,3373.19957589286
961.273860112853,5848.54364583333,3382.95180803571
961.443602417421,5843.96009672619,3384.93476190476
961.613326617395,5793.0209375,3342.12246279762
961.783032710485,5766.36483630952,3320.21244791667
961.952720694403,5718.51388392857,3285.29945684524
962.122390566862,5799.22985863095,3371.05408482143
962.292042325572,5786.64947916667,3367.38074404762
962.461675968244,5744.38980654762,3335.13336309524
962.631291492592,5704.43816220238,3301.87825148809
962.800888896325,5689.19217261905,3296.31947916667
962.970468177157,5718.51388392857,3332.92285714286
963.140029332799,5748.42072916667,3373.62217261905
963.309572360961,5710.67959077381,3342.25249255952
963.479097259356,5677.45698660714,3319.75734375
963.648604025695,5682.17056547619,3330.45229166667
963.818092657691,5638.44805803571,3295.53930059524
963.987563153053,5637.99295386905,3302.43087797619
964.157015509495,5680.02507440476,3354.21523065476
964.326449724727,5637.96044642857,3319.82235863095
964.495865796462,5633.66946428571,3324.82850446429
964.665263722411,5616.73308779762,3319.13970238095
964.834643500285,5604.44527529762,3309.22493303571
965.004005127796,5578.76439732143,3293.45882440476
965.173348602655,5575.48114583333,3297.13216517857
965.342673922576,5597.6512202381,3328.17677083333
965.511981085267,5607.40345238095,3347.38866815476
965.681270088442,5526.2323735119,3273.40173363095
965.850540929813,5506.11026785714,3261.86159226191
966.01979360709,5539.36537946429,3305.5515922619
966.189028117985,5570.67004464286,3351.90720238095
966.35824446021,5560.69026041667,3351.06200892857
966.527442631476,5542.58361607143,3343.68281994048
966.696622629496,5489.1088764881,3293.91392857143
966.86578445198,5489.40144345238,3302.17081845238
967.03492809664,5495.28529017857,3313.87349702381
967.204053561188,5498.08093005952,3325.02354910714
967.373160843336,5486.96338541667,3319.78985119048
967.542249940794,5464.43572916667,3303.04851934524
967.711320851275,5430.95306547619,3275.57973214286
967.880373572491,5463.46050595238,3317.57934523809
968.049408102152,5469.01927827381,3329.08697916667
968.21842443797,5494.86269345238,3362.7646875
968.387422577658,5488.81630952381,3372.321875
968.556402518926,5499.12116815476,3394.36191964286
968.725364259486,5514.00957589286,3421.66816964286
968.89430779705,5529.67816220238,3441.75776785714
969.06323312933,5540.95824404762,3458.8891889881
969.232140254036,5560.46270833333,3486.65054315476
969.401029168881,5526.39491071429,3457.71892113095
969.569899871576,5508.9059077381,3444.87848214286
969.738752359834,5506.27280505952,3445.56113839286
969.907586631364,5496.8781547619,3442.44042410714
970.076402683879,5488.55625,3440.81505208333
970.245200515091,5564.94873511905,3527.54490327381
970.413980122711,5593.84784970238,3561.38514880952
970.582741504451,5582.73030505952,3553.71339285714
970.751484658022,5561.27539434524,3539.60516369048
970.920209581136,5565.89145089286,3553.16076636905
971.088916271504,5577.26905505952,3574.84322916667
971.257604726839,5573.04308779762,3582.18991071429
971.426274944852,5552.53089285714,3570.8448139881
971.594926923254,5530.91344494048,3555.85888392857
971.763560659756,5504.06229910714,3538.20734375
971.932176152072,5498.60104910714,3542.30328125
972.100773397911,5476.8210639881,3527.54490327381
972.269352394986,5463.4279985119,3516.55738839286
972.437913141009,5404.58953125,3466.95103422619
972.60645563369,5403.51678571429,3473.2249702381
972.774979870742,5380.30647321429,3459.37680059524
972.943485849876,5385.11757440476,3474.26520833333
973.111973568804,5371.59447916667,3468.86897321429
973.280443025237,5344.3857514881,3448.03170386905
973.448894216887,5355.92589285714,3466.04082589286
973.617327141465,5346.10864583333,3469.97422619048
973.785741796684,5246.92844494048,3380.15616815476
973.954138180254,5208.73220238095,3350.96448660714
974.122516289887,5189.6828422619,3345.34069940476
974.290876123296,5179.89810267857,3345.63326636905
974.45921767819,5136.72822172619,3311.82552827381
974.627540952283,5118.97915922619,3301.325625
974.795845943286,5119.27172619048,3308.18469494048
974.96413264891,5101.32761904762,3299.08261160714
975.132401066867,5097.75180059524,3305.74663690476
975.300651194868,5093.33078869048,3307.66457589286
975.468883030625,5069.82790922619,3287.70500744048
975.63709657185,5052.95654761905,3277.69271577381
975.805291816254,5068.36507440476,3299.73276041667
975.973468761549,5076.29688988095,3315.75892857143
976.141627405447,5061.66854166667,3315.66140625
976.309767745658,5043.36685267857,3308.67230654762
976.477889779895,5055.68717261905,3329.67211309524
976.64599350587,5043.72443452381,3327.75417410714
976.814078921293,5030.94901041667,3327.65665178571
976.982146023877,5034.45981398809,3343.29273065476
977.150194811332,5045.34980654762,3357.14090029762
977.318225281372,5048.53553571429,3368.90859375
977.486237431706,5058.02770833333,3387.99046130952
977.654231260048,5062.83880952381,3399.628125
977.822206764108,5049.21819196429,3391.53377232143
977.990163941597,5081.72563244048,3424.72386904762
978.158102790229,5054.90699404762,3403.46400297619
978.326023307714,5038.88082589286,3394.58947172619
978.493925491763,5059.49054315476,3420.62793154762
978.661809340089,5031.0465327381,3402.65131696429
978.829674850403,5002.24494047619,3381.39145089286
978.997522020416,4991.5825,3376.48282738095
979.165350847841,5003.80529761905,3395.92227678571
979.333161330388,4966.74681547619,3368.97360863095
979.50095346577,4965.99914434524,3372.25686011905
979.668727251698,4948.25008184524,3359.09134672619
979.836482685884,4959.40013392857,3371.15160714286
980.004219766038,4953.61380952381,3371.63921875
980.171938489873,4948.99775297619,3373.42712797619
980.339638855101,4937.16504464286,3362.7646875
980.507320859433,4889.54164434524,3319.85486607143
980.67498450058,4883.49526041667,3321.70779017857
980.842629776255,4896.04313244048,3338.87171875
981.010256684168,4887.2661235119,3335.71849702381
981.177865222031,4895.1979389881,3348.85150297619
981.345455387557,4918.86335565476,3380.12366071429
981.513027178456,4897.89605654762,3370.37142857143
981.68058059244,4942.39874255952,3420.62793154762
981.848115627221,4949.2578125,3435.02872767857
982.01563228051,4922.14660714286,3413.8338764881
982.18313055002,4936.48238839286,3430.15261160714
982.35061043346,4948.86772321429,3446.53636160714
982.518071928544,4943.6665327381,3445.95122767857
982.685515032983,4934.1093452381,3442.63546875
982.852939744488,4916.32777529762,3432.46063988095
983.020346060771,4906.99813988095,3434.47610119048
983.187733979543,4895.78307291667,3425.92664434524
983.355103498517,4856.87166666667,3397.90523065476
983.522454615403,4805.47740327381,3348.91651785714
983.689787327914,4801.2514360119,3346.41344494048
983.85710163376,4789.90633928571,3344.07290922619
984.024397530654,4793.44965029762,3355.25546875
984.191675016307,4781.324375,3348.42890625
984.358934088431,4768.09384672619,3344.95061011905
984.526174744737,4757.69146577381,3344.39798363095
984.693396982937,4752.7828422619,3348.33138392857
984.860600800742,4730.32020089286,3330.97241071429
985.027786195865,4734.41613839286,3341.14723958333
985.194953166016,4710.84824404762,3329.93217261905
985.362101708907,4710.75072172619,3336.6937202381
985.529231822251,4672.97707589286,3309.90758928571
985.696343503757,4647.45873511905,3291.93097470238
985.863436751139,4630.26229910714,3279.28558035714
986.030511562108,4619.30729166667,3275.31967261905
986.197567934375,4612.51323660714,3274.96209077381
986.364605865651,4622.49302083333,3291.70342261905
986.531625353649,4611.53801339286,3281.82116071429
986.698626396081,4605.13404761905,3283.18647321429
986.865608990657,4605.84921130952,3292.93870535714
987.032573135089,4619.53484375,3317.41680803571
987.199518827089,4607.01947916667,3314.00352678571
987.366446064368,4623.69579613095,3337.89649553571
987.533354844638,4624.96358630952,3345.11314732143
987.700245165611,4606.23930059524,3330.45229166667
987.867117024999,4598.63255952381,3324.92602678571
988.033970420512,4585.98716517857,3315.36883928571
988.200805349863,4568.66069940476,3302.85347470238
988.367621810762,4564.53225446429,3308.08717261905
988.534419800922,4529.74929315476,3281.56110119048
988.701199318055,4508.97703869048,3265.92502232143
988.867960359871,4488.82242559524,3250.38646577381
989.034702924082,4499.38734375,3261.27645833333
989.201427008401,4531.43968005952,3296.18944940476
989.368132610538,4548.63611607143,3321.09014880952
989.534819728206,4557.44563244048,3335.71849702381
989.701488359115,4534.72293154762,3319.52979166667
989.868138500978,4550.26148809524,3339.97697172619
990.034770151505,4543.6299702381,3342.83762648809
990.201383308409,4553.34969494048,3360.45665922619
990.367977969402,4539.56654017857,3349.43663690476
990.534554132194,4528.05890625,3344.72305803571
990.701111794497,4526.72610119048,3352.32979910714
990.867650954024,4511.67515625,3343.42276041667
991.034171608485,4492.43075148809,3328.631875
991.200673755592,4491.19546875,3334.51572172619
991.367157393057,4499.74492559524,3348.23386160714
991.533622518592,4503.51578869048,3358.37618303571
991.700069129907,4489.21251488095,3349.59917410714
991.866497224715,4497.76197172619,3356.52325892857
992.032906800727,4499.12728422619,3360.1640922619
992.199297855655,4510.17981398809,3374.27232142857
992.36567038721,4495.74651041667,3366.24298363095
992.532024393104,4509.13957589286,3387.63287946429
992.698359871049,4476.82718005952,3364.9426860119
992.864676818756,4460.6059672619,3358.18113839286
993.030975233936,4436.32290922619,3341.08222470238
993.197255114302,4427.09079613095,3333.70303571429
993.363516457565,4414.77047619048,3330.22473958333
993.529759261436,4407.7813764881,3327.42909970238
993.695983523628,4390.48741815476,3314.42612351191
993.862189241851,4391.23508928571,3322.45546130952
994.028376413817,4401.50744047619,3337.08380952381
994.194545037239,4385.02616815476,3319.95238839286
994.360695109827,4376.57423363095,3312.1180952381
994.526826629292,4360.808125,3298.66001488095
994.692939593348,4345.43210565476,3287.47745535714
994.859033999706,4318.51594494048,3268.10302083333
995.025109846075,4295.30563244048,3250.97159970238
995.19116713017,4270.8275297619,3228.57397321429
995.3572058497,4233.73654017857,3202.53551339286
995.523226002378,4217.67786458333,3198.76465029762
995.689227585916,4190.56665922619,3178.38248511905
995.855210598024,4213.58192708333,3206.82649553571
996.021175036415,4177.20610119048,3179.71529017857
996.1871208988,4159.81462053572,3166.80983630952
996.353048182891,4128.8350297619,3138.91845238095
996.518956886399,4156.98647321429,3170.84075892857
996.684847007035,4177.20610119048,3201.72282738095
996.850718542512,4175.02810267857,3202.79557291667
997.016571490542,4161.86258928571,3193.66098214286
997.182405848835,4145.90143601191,3183.51866071429
997.348221615103,4147.88438988095,3186.86692708333
997.514018787058,4158.05921875,3202.40548363095
997.679797362411,4163.58548363095,3215.40845982143
997.845557338875,4180.81442708333,3240.37417410714
998.01129871416,4205.81264880952,3276.39241815476
998.177021485978,4224.8295014881,3302.72344494048
998.342725652041,4211.66398809524,3296.12443452381
998.508411210061,4222.52147321429,3305.97418898809
998.674078157749,4245.50423363095,3338.83921130952
998.839726492816,4262.96072916667,3362.95973214286
999.005356212975,4253.89115327381,3355.77558779762
999.170967315936,4237.21483630952,3339.32682291667
999.336559799412,4212.44416666667,3321.28519345238
999.502133661114,4236.07707589286,3345.99084821429
999.667688898753,4238.54764136905,3354.96290178571
999.833225510041,4316.76054315476,3438.44200892857
999.998743492691,4280.93734375,3409.3153422619
1000.16424284441,4287.40632440476,3414.74408482143
1000.32972356292,4232.89134672619,3368.81107142857
1000.49518564592,4249.4051264881,3393.84180059524
1000.66062909113,4240.69313244048,3387.50284970238
1000.82605389626,4245.56924851191,3397.12505208333
1000.99146005901,4237.60492559524,3391.9888764881
1001.15684757711,4222.13138392857,3383.08183779762
1001.32221644827,4166.83622767857,3332.1751860119
1001.48756667019,4137.38448660714,3302.30084821429
1001.65289824058,4111.11847470238,3280.8459375
1001.81821115716,4133.61362351191,3308.1521875
1001.98350541765,4107.47764136905,3294.4990625
1002.14878101974,4118.62769345238,3309.41997767857
1002.31403796116,4103.12164434524,3298.79004464286
1002.47927623961,4116.9698139881,3319.85486607143
1002.64449585281,4126.23443452381,3339.84694196429
1002.80969679847,4137.05941220238,3350.76944196429
1002.9748790743,4150.61501488095,3369.91632440476
1003.14004267801,4130.98052083333,3352.36230654762
1003.30518760731,4044.86831101191,3268.49311011905
1003.47031385991,4054.10042410714,3281.82116071429
1003.63542143353,4026.8591889881,3263.32442708333
1003.80051032588,4066.06316220238,3304.28380208333
1003.96558053467,4031.86533482143,3274.019375
1004.13063205761,4049.77693452381,3298.92007440476
1004.29566489241,4015.70913690476,3275.15713541667
1004.46067903678,3989.86572172619,3253.96228422619
1004.62567448844,3974.39218005952,3242.81223214286
1004.7906512451,4010.02033482143,3282.30877232143
1004.95560930447,4015.74164434524,3298.52998511905
1005.12054866425,4006.24947172619,3290.66318452381
1005.28546932217,3999.65046130952,3285.85208333333
1005.45037127593,4030.98763392857,3319.20471726191
1005.61525452325,4000.9182514881,3291.08578125
1005.78011906183,3999.91052083333,3291.54088541667
1005.9449648894,3998.38267113095,3294.17398809524
1006.10979200365,4004.03896577381,3304.47884672619
1006.2746004023,3996.52974702381,3302.00828125
1006.43939008307,3992.23876488095,3301.94326636905
1006.60416104366,4007.22469494048,3324.76348958333
1006.76891328179,4007.51726190476,3333.89808035714
1006.93364679516,3999.65046130952,3332.7278125
1007.0983615815,4014.1487797619,3349.33911458333
1007.2630576385,4014.24630208333,3353.72761904762
1007.42773496389,4046.26613095238,3391.37123511905
1007.59239355537,4020.61776041667,3366.860625
1007.75703341066,4039.21201636905,3386.46261160714
1007.92165452747,4044.54323660714,3394.71950148809
1008.0862569035,4053.19021577381,3411.33080357143
1008.25084053648,4044.54323660714,3409.15280505952
1008.41540542411,4041.325,3412.76113095238
1008.5799515641,4027.02172619048,3404.47173363095
1008.74447895416,3997.70001488095,3382.62673363095
1008.90898759202,3961.74678571429,3353.0774702381
1009.07347747537,3987.62270833333,3385.25983630952
1009.23794860194,3987.49267857143,3388.64061011905
1009.40240096942,3993.76661458333,3391.40374255952
1009.56683457554,3997.34243303571,3399.40057291667
1009.731249418,3986.54996279762,3393.77678571429
1009.89564549452,3967.72815476191,3379.86360119048
1010.06002280281,3956.77314732143,3370.76151785714
1010.22438134058,3948.22369047619,3363.96746279762
1010.38872110554,3950.53171875,3367.96587797619
1010.5530420954,3941.72220238095,3367.31572916667
1010.71734430788,3908.53210565476,3337.44139136905
1010.88162774068,3888.01991071429,3324.04832589286
1011.04589239152,3911.58780505952,3356.19818452381
1011.21013825811,3902.35569196429,3350.18430803571
1011.37436533816,3903.4284375,3362.86220982143
1011.53857362939,3941.00703869048,3400.76588541667
1011.70276312949,3928.0040625,3388.1529985119
1011.8669338362,3904.9237797619,3365.59283482143
1012.03108574721,3928.42665922619,3396.99502232143
1012.19521886024,3935.6433110119,3407.36489583333
1012.359333173,3933.53032738095,3402.03367559524
1012.5234286832,3915.00108630952,3386.33258184524
1012.68750538856,3903.20088541667,3381.97658482143
1012.85156328678,3882.94875,3370.43644345238
1013.01560237558,3877.6175297619,3365.36528273809
1013.17962265267,3874.30177083333,3363.08976190476
1013.34362411576,3846.73546130952,3335.88103422619
1013.50760676256,3874.69186011905,3364.06498511905
1013.67157059078,3906.45162946429,3400.31078125
1013.83551559814,3896.7319047619,3393.02911458333
1013.99944178234,3873.48908482143,3369.94883184524
1014.16334914111,3888.60504464286,3383.76449404762
1014.32723767214,3913.11565476191,3407.75498511905
1014.49110737315,3905.93151041667,3403.98412202381
1014.65495824186,3915.13111607143,3415.26420386905
1014.81879027597,3926.34618303571,3422.48085565476
1014.9826034732,3872.77392113095,3377.45805059524
1015.14639783125,3885.19176339286,3396.96251488095
1015.31017334784,3895.65915922619,3409.96549107143
1015.47393002069,3888.9626264881,3401.70860119048
1015.6376678475,3880.83576636905,3395.20711309524
1015.80138682598,3867.15013392857,3387.82792410714
1015.96508695385,3869.78323660714,3395.04457589286
1016.12876822881,3878.43021577381,3407.55994047619
1016.29243064858,3860.22604910714,3390.52604166667
1016.45607421088,3853.13942708333,3386.00750744048
1016.6196989134,3857.39790178571,3394.45944196429
1016.78330475387,3852.74933779762,3396.27985863095
1016.94689173,3812.53763392857,3361.75695684524
1017.11045983949,3898.61733630952,3453.07035714286
1017.27400908006,3913.63577380952,3472.41228422619
1017.43753944942,3933.20525297619,3495.52507440476
1017.60105094529,3915.32616071429,3485.28523065476
1017.76454356536,3894.09880208333,3466.82100446429
1017.92801730736,3902.90831845238,3479.04380208333
1018.091472169,3884.99671875,3468.54389880952
1018.25490814798,3868.25538690476,3463.53775297619
1018.41832524203,3893.25360863095,3486.65054315476
1018.58172344884,3878.95033482143,3476.2156547619
1018.74510276614,3911.16520833333,3510.70604910714
1018.90846319164,3895.04151785714,3502.05906994048
1019.07180472303,3895.72417410714,3507.00020089286
1019.23512735805,3928.26412202381,3545.65154761905
1019.3984310944,3916.62645833333,3538.95501488095
1019.56171592978,3894.13130952381,3518.05273065476
1019.72498186192,3917.47165178571,3549.97503720238
1019.88822888853,3906.77670386905,3540.35283482143
1020.05145700731,3912.46550595238,3554.75363095238
1020.21466621597,3921.56758928571,3565.83866815476
1020.37785651224,3950.10912202381,3598.34610863095
1020.54102789381,3825.41058035714,3476.73577380952
1020.70418035841,3790.27003720238,3445.78869047619
1020.86731390374,3763.87399553571,3423.00097470238
1021.03042852752,3783.73604166667,3442.99305059524
1021.19352422745,3786.79174107143,3445.65866071429
1021.35660100125,3762.63871279762,3421.96073660714
1021.51965884663,3739.91601190476,3395.10959077381
1021.68269776131,3737.15287946429,3391.04616071429
1021.84571774298,3705.58815476191,3361.88698660714
1022.00871878937,3695.64087797619,3349.95675595238
1022.17170089819,3656.66445684524,3313.67845238095
1022.33466406715,3639.01291666667,3297.7823139881
1022.49760829395,3642.91380952381,3300.48043154762
1022.66053357632,3608.97604166667,3269.53334821429
1022.82343991196,3589.73163690476,3248.8911235119
1022.98632729858,3612.58436755952,3276.00232886905
1023.1491957339,3608.87851934524,3268.98072172619
1023.31204521562,3602.63709077381,3269.63087053571
1023.47487574147,3592.55978422619,3259.94365327381
1023.63768730915,3584.43292410714,3256.04276041667
1023.80047991637,3556.44401785714,3235.07546130952
1023.96325356084,3591.19447172619,3269.7934077381
1024.12600824028,3622.43412202381,3304.18627976191
1024.28874395239,3632.34889136905,3314.39361607143
1024.4514606949,3615.54254464286,3303.01601190476
1024.6141584655,3565.12350446429,3256.1402827381
1024.77683726192,3547.53697916667,3242.03205357143
1024.93949708186,3566.09872767857,3268.91570684524
1025.10213792303,3546.36671130952,3246.48557291667
1025.26475978316,3553.03073660714,3257.21302827381
1025.42736265994,3540.38534226191,3248.92363095238
1025.58994655109,3542.75838541667,3254.25485119048
1025.75251145432,3567.75660714286,3279.38310267857
1025.91505736734,3551.43787202381,3264.72224702381
1026.07758428787,3567.5615625,3275.12462797619
1026.24009221362,3576.63113839286,3286.33969494048
1026.40258114229,3572.63272321429,3280.32581845238
1026.56505107161,3578.67910714286,3293.23127232143
1026.72750199927,3564.79843005952,3280.68340029762
1026.889933923,3566.13123511905,3284.22671130952
1027.0523468405,3564.8309375,3281.98369791667
1027.21474074949,3567.85412946429,3278.40787946429
1027.37711564767,3568.926875,3281.62611607143
1027.53947153277,3550.30011160714,3263.42194940476
1027.70180840248,3556.99664434524,3275.70976190476
1027.86412625453,3546.59426339286,3268.07051339286
1028.02642508662,3555.30625744048,3278.99301339286
1028.18870489646,3548.86978422619,3275.57973214286
1028.35096568178,3532.8761235119,3254.93750744048
1028.51320744027,3541.45808779762,3268.33057291667
1028.67543016965,3558.13440476191,3283.99915922619
1028.83763386764,3571.16988839286,3299.44019345238
1028.99981853193,3562.1003125,3289.88300595238
1029.16198416026,3586.18832589286,3316.05149553571
1029.32413075031,3577.44382440476,3311.76051339286
1029.48625829982,3565.74114583333,3307.50203869047
1029.64836680649,3537.97979166667,3282.21125
1029.81045626803,3517.30505952381,3262.02412946429
1029.97252668215,3499.75104166667,3243.46238095238
1030.13457804657,3502.38414434524,3250.25643601191
1030.29661035899,3497.930625,3244.92521577381
1030.45862361713,3504.49712797619,3255.00252232143
1030.6206178187,3518.15025297619,3275.31967261905
1030.78259296141,3503.91199404762,3264.39717261905
1030.94454904297,3502.22160714286,3266.54266369048
1031.1064860611,3494.19226934524,3258.90341517857
1031.2684040135,3511.25867559524,3275.64474702381
1031.4303028979,3533.03866071429,3297.65228422619
1031.59218271199,3550.52766369048,3315.82394345238
1031.75404345349,3554.88366071429,3324.56844494048
1031.91588512011,3560.08485119048,3331.16745535714
1032.07770770956,3550.91775297619,3328.40432291667
1032.23951121957,3555.98891369048,3338.3190922619
1032.40129564783,3543.70110119048,3331.46002232143
1032.56306099205,3503.9445014881,3297.00213541667
1032.72480724996,3529.04024553571,3324.76348958333
1032.88653441926,3531.67334821429,3325.60868303571
1033.04824249766,3556.28148065476,3357.92107886905
1033.20993148288,3560.34491071429,3365.69035714286
1033.37160137262,3549.61745535714,3358.86379464286
1033.53325216461,3571.46245535714,3379.79858630952
1033.69488385654,3568.69932291667,3383.86201636905
1033.85649644613,3576.20854166667,3391.46875744048
1034.0180899311,3543.73360863095,3361.20433035714
1034.17966430915,3520.10069940476,3335.10085565476
1034.341219578,3511.97383928571,3325.73871279762
1034.50275573535,3522.01863839286,3335.36091517857
1034.66427277893,3501.01883184524,3314.10104910714
1034.82577070643,3496.95540178571,3313.12582589286
1034.98724951558,3500.56372767857,3317.67686755952
1035.14870920408,3539.67017857143,3359.18886904762
1035.31014976965,3513.85927083333,3336.82375
1035.47157120999,3518.73538690476,3337.34386904762
1035.63297352283,3497.18295386905,3319.39976190476
1035.79435670586,3544.77384672619,3365.75537202381
1035.95572075681,3546.59426339286,3364.09749255952
1036.11706567338,3537.71973214286,3358.50621279762
1036.27839145329,3538.92250744048,3366.11295386905
1036.43969809424,3540.28781994048,3365.10522321429
1036.60098559395,3553.58336309524,3381.58649553572
1036.76225395013,3562.84798363095,3391.33872767857
1036.92350316049,3557.90685267857,3386.00750744048
1037.08473322275,3571.98257440476,3398.03526041667
1037.24594413461,3600.91419642857,3431.29037202381
1037.40713589379,3601.17425595238,3429.07986607143
1037.56830849799,3655.4941889881,3486.00039434524
1037.72946194494,3664.49875,3498.51575892857
1037.89059623233,3649.51281994048,3487.10564732143
1038.05171135789,3637.55008184524,3482.0995014881
1038.21280731933,3615.86761904762,3465.94330357143
1038.37388411435,3609.62619047619,3463.60276785714
1038.53494174066,3579.23173363095,3438.08442708333
1038.69598019599,3596.55819940476,3457.88145833333
1038.85699947804,3588.62638392857,3457.62139880952
1039.01799958452,3601.98694196429,3470.23428571429
1039.17898051314,4599.05515625,4435.21765625
1039.33994226162,3517.72765625,3389.38828125
1039.50088482767,3512.26640625,3378.46578125
1039.661808209,3041.23359375,2951.805625
1039.82271240331,3038.50296875,2955.21890625
1039.98359740833,3508.853125,3428.2996875
1040.14446322176,3508.853125,3428.2996875
1040.30530984132,3508.853125,3428.2996875
1040.46613726472,3508.853125,3428.2996875
1040.62694548966,3508.853125,3428.2996875
1040.78773451386,3508.853125,3428.2996875

